0.39637924950285547
0.5116228518468376
0.1473606415225159
0.2868459616425177
0.4134667793417726
0.4100484336541754
0.3851601814122798
0.3423152435937257
0.23111128503782888
0.330392375065638
0.3584138860630383
0.6858696280174156
0.2569226681092516
0.651165802611767
0.31243343010269475
0.3640158543498577
1.0
0.5301217102470116
0.5440254764804617
0.5147570860432994
0.4662498929933502
0.4590361601082343
0.7415422875151345
0.4259594485310796
1.0
0.4754291372613364
0.2580859859005691
0.37080440621924604
0.3920980920324045
0.6018875790706246
0.2825726784847317
0.4848459015227634
0.32936808683239194
0.7065632173047594
0.27824266716174956
0.7614487738077947
0.1996097904906505
0.24502088858310783
0.880348597233706
0.6328651255618853
0.3963508457229922
0.1277439412110487
0.5420228661783005
0.4869052435790238
0.2609200743769654
0.5105940318399187
0.644319694879633
0.5207961759252703
0.26548902227628646
0.23998764215553117
0.4993772176598355
0.22626622684968517
0.6788993475151395
0.18268709960519058
0.4538932343837696
0.6381828880521799
0.5546364664968326
0.5234749576144277
0.573880146570088
0.3814700748479489
0.5380098240664911
0.5791170350379661
0.7958409025661989
0.5847907928043282
0.20638895383895367
0.2173690056869394
0.7105496797650539
0.6719401799417546
0.5393978327348924
0.32091265601376423
0.3464651922040436
0.5308034193884282
0.602873904109742
0.5651855731648333
0.8628511086765157
0.3442250156825668
0.6109216075797244
0.6810586224602369
0.3719712872572683
0.4075849239882727
0.31707302726166864
0.2835058668064194
0.41276019904329714
0.32191157765918116
0.5916214862219993
0.3502423527940356
0.12355048510643361
0.3154739641004622
0.48598743242432135
0.604423957019652
0.5175130137828381
0.3206052192103027
0.20803518757199052
0.0
0.46289298017048486
0.8626366551662604
0.36485252260967377
0.6968404671088101
0.0
0.5295340148979929
0.27395964275378204
0.39950447459256655
0.37628151176079805
0.3070888303774352
0.5221210460007784
0.5159958241639143
0.18760233144511682
0.351238564961965
0.6312514658290271
0.1603460487252863
0.16003448974651843
0.5159958241639143
0.17995037952618528
0.6424293552568686
0.5195828649372284
0.4480679327264033
0.22314670677627374
0.22872726742207003
0.34726386564628886
0.5790967844373925
0.0
0.4089590884841591
0.4671636782657432
0.7249568285415132
0.40069801431505725
0.4615907487382472
0.5449003989311136
0.3779523903529948
0.407388448524637
0.6141351966804913
0.5919511883632714
0.47692198607006436
0.4540389289273565
0.4978780322394905
0.6467225887217212
0.14066942903271493
0.48706187647012106
0.15563058541378932
0.3018802177711271
0.4898762677195475
0.2939421895029836
0.2543273387477218
0.5867764846065802
0.6226895334224521
0.4908986877261442
0.5691052196027935
0.5184780367976525
0.31605886296219304
0.5326977293083047
0.4581951194966688
0.40949343745791356
0.3074519043128982
0.48317417596989076
0.5491737724013185
0.49720159902843647
0.5432534206220258
0.5123686110664991
0.6741397022671354
0.22992546110418824
0.3022783384496637
0.27444106865316537
0.19951859512996858
0.21425190125419394
0.0
0.169827787098158
0.3897301387489264
0.17283097754114002
0.30159163144979323
0.5799715422753278
0.1517621921864888
0.22259120236237054
0.6291062498987418
0.7431286856429372
0.44540006575900987
0.8659476027995866
0.30756845590859305
0.4620901542641769
0.4459294158182273
0.46988949955830583
0.554462449974683
0.44526574922555406
0.20458213205473366
0.37857124440526085
0.6150386052606589
0.495078572821396
0.7734390058422436
0.6629354825347357
0.4071660043708974
0.8943286411441388
0.450114162007383
0.905211632258121
0.5878262453896174
0.4630968941749457
0.30008257662991383
0.3568777019397877
0.1303056508629114
0.35912519908813806
0.47430330547635097
0.4595326255404367
0.21024680569439633
0.7013133173141249
0.49927221780220166
0.4763755046702773
0.3511860040294008
0.31624952183905
0.17850847921738336
0.20912102123421583
0.2346748395170921
0.3719520485684328
0.1885010296097381
0.387754058246276
0.6179020486634154
0.35306181799056435
0.3889808542505765
0.461370860933293
0.457893049380218
0.25554497804308907
0.2654297165608011
0.27708999074134294
0.26830962987240575
0.24743091034041248
0.5741027779971125
0.17178517794656473
0.5591227874980469
0.4690157653388074
0.8425940990840233
0.5289704576275298
0.43188632766014334
0.0
0.49492634439926825
0.456172345841957
0.44833106166205344
0.37261030375252274
0.4066972543970532
0.3744408366042378
0.4213027754080666
0.34793669935292326
0.1394760434408609
0.8109900401899195
0.5154110625154819
0.15840915466048672
0.7333178360222031
0.7947626636084413
0.5604055397945992
0.2530725486741404
0.4353379721193619
0.22543762233744163
0.3844102382201917
0.22954230437401024
0.31078720357112494
0.42379029881660385
0.30756627757094956
0.37997936591889103
0.21696148755194672
0.39132420806299645
0.3091077188345725
0.4598830529939398
0.36337905717830693
0.48733091714366406
0.7437677572742314
0.3333333333333333
0.40080855816720123
1.0
0.2371636678876962
0.2583125746919879
0.7962373027421044
0.48180892038444173
0.5037266016633899
0.20864416110731882
0.2934934838951174
0.5889789684959451
0.5633138048730931
0.4206039939374687
0.2646946271577349
0.2509898027452258
0.466155740783552
0.7759944398586207
0.29066482626782586
0.3473661529345196
0.42472257944968683
0.41136450476966974
0.6913386374236253
0.2809696202825849
0.4117251780245007
0.44011532855035734
0.37197703612242367
0.32571720246415575
0.5058761625566051
0.40439518068776803
0.378665853063025
1.0
0.11959394035549842
0.3997755404263639
0.9266360767498649
0.2921736547955367
0.3996975325508367
0.3028860797063858
0.39771764487266553
0.546074738333178
0.17754029227102328
0.1376314459051942
0.5380297007673214
0.312445932918323
0.15450871224734924
0.4743071754381728
0.41202579099774794
0.33852256001386494
0.24976734039025475
0.3153614821009527
0.21440109958340206
0.19436944866605504
0.40355806281992923
0.19489231341766491
0.4460943201315215
0.33840849616775703
0.4826703734275862
0.5591227874980469
0.25293954407007346
0.3858487595844078
0.6599539149584833
0.4682069337784964
0.41177723532209576
0.7166519560168079
0.2559081121637307
0.5056427649175202
0.6434152729670058
0.3720766440945558
0.2654897911788648
0.0909549075623591
0.11182088286862696
0.5670042603566822
0.3535189914902798
0.3801223635750098
0.6445317293876585
0.07189814123895617
0.46622701073880535
0.834113751507367
0.5112220537694946
0.5927635846741858
0.5254969978669813
0.7663491871503983
0.35754606746815365
0.49898169536514453
0.7261330855653395
0.5027316584551415
0.5627560905112319
0.3747548444437079
0.42043756278220973
0.47232474696878174
0.6427618916503158
0.43215725761270746
0.04830498353481702
1.0
0.18837894948747366
0.4669050685080431
0.10468609856312122
0.744589495180835
0.06182616401955146
0.36992173181580573
0.4044493670386758
0.3084745377915999
0.4500987124354879
0.33235941955778125
0.7702840229389405
0.793830296491345
0.5177328790777769
0.28906482458114624
0.6957780682721929
0.3356110494589155
0.4024781626811983
0.4310547807014533
0.8891910808181513
0.7664958953644204
0.5398125282267151
0.22845621810970604
0.4932163002109027
0.06625652887242027
0.7144729158078439
0.5340477954492436
1.0
0.8636634277270185
0.8590331477274515
0.7208140666644612
0.6943559495587053
0.8175295891696291
0.47030833437753017
0.9159319576796476
0.43112211655519833
0.7700465345334219
0.3040917262834329
0.7451717738658729
0.30200304884902335
0.6335751385143724
0.4347016505837044
0.45543791870493766
0.36697475623837966
0.0
0.08619989091024988
0.5012101707267764
0.5017289679673006
0.6576668766164867
0.4967274970913297
0.5186511723303222
0.45096551733695506
0.3460518528267501
0.36647355658005104
0.5713843155732683
0.5950287311047028
0.7052009599811266
0.7951657506625412
0.4893682551195226
1.0
0.1681522909920141
0.5957441731751028
0.2646429080892743
0.0
0.5978252121290116
0.7863639811148949
0.5248687295542062
0.22224416028105617
0.3282410061017055
0.7962373027421044
0.6936634702259933
0.4902409253673356
0.19993354787605627
0.905211632258121
0.3860341785769191
0.5542060031462733
0.468371891505964
0.4901774137364421
0.0
0.17330235169173125
0.5076493710501169
0.45293810748033786
0.9305687774461386
0.5309679846101683
0.11728693954991151
0.36651113534413177
0.44934296070661983
0.666657609992586
1.0
0.4928830745051167
1.0
0.4519374420451285
0.5361023615435823
0.267495415413657
0.16194373214957913
0.5446968911561801
0.5392212093164108
0.48162022386308245
0.2095835586478985
0.38471521157353794
0.3769258483853423
0.5165108732099686
0.4658827791903144
0.45425433163473633
0.6090726174417361
0.31828834324844985
0.3813538674758503
0.6186028778275009
0.39573976433298275
0.3074943878411439
0.10466386443416495
0.293108808428166
0.11872974093463529
0.4825037380458797
0.2837255089093128
1.0
0.4320829562268198
0.5371487632796352
0.5235838353836756
0.4865304064273699
0.4817850163840603
0.447510754785319
0.4314215731829115
0.44072763216505645
0.6215454210326783
0.2074834671950509
0.5585908392066186
0.440995593126001
0.45143015581469637
0.41802472056752016
0.1691119674906548
0.7866369673168346
0.49742986514003285
0.6448100534469676
0.2704536295387873
0.5840786012152223
0.5851687950210182
0.8611375548922774
0.6057441586433241
0.26456809800394937
0.7526870118360968
0.21915049382161586
0.6708806474955001
0.0
0.36783418971986687
0.35956677452112085
0.38807753766845754
0.5889097461437085
0.42664415549820134
0.6230865726523424
0.5478527374569102
0.644277316984439
0.5856287630897511
0.6303247637975574
0.2704694990180631
1.0
0.18235411406293722
0.6562227558314345
0.1731866366782327
0.4846198206697307
0.28658262771138926
0.5146793298889654
0.3743023939010497
0.28499564102417446
0.6624955887389372
0.424817658579229
0.3958430867880653
0.4572854762685094
0.576730842184601
0.4593585306754301
0.11356643073951146
0.3155453815157881
0.7136540111377959
0.5818589105597985
0.4351869266139601
0.4781738093627176
0.4106389215428694
0.4672950481383593
0.45517502835303014
0.6001592564399725
0.36825038218694484
0.4963356057922678
0.7055069622949305
0.8227785067468346
0.18438468039561845
0.2799337702021956
0.44418493570292644
0.5239295024080795
1.0
0.4979538353505316
0.5514447239033364
0.28527593455644584
0.16845280634910575
0.3589414355468912
0.7877736316421422
0.5457536214169342
0.5338105392914159
0.5245133051155603
0.33173292440600505
0.52897456116372
0.0
0.6346169369833509
0.6256646619433953
0.3034481032416211
0.6399196450876447
0.33363611748479943
0.46436595701210626
0.5102575420127939
0.34656117202521297
0.489951914796951
0.5729828353556145
0.6943559495587053
0.4552061555395598
0.8128361581541651
0.2803772479795841
0.5097128379726175
0.3224660991174617
0.3987884416114425
0.5298593400083644
0.23989764331558291
0.5460971185186576
0.10847988340067935
0.4432908992727614
0.0
0.31963118998862927
0.6023633585009475
0.6017390953695
0.5686307748459881
0.2011055279090875
1.0
0.49059740656038514
0.60507432571784
0.525419451765512
0.20827328152600588
0.6618865311060802
0.3713173384511312
0.271157116707179
0.6179449369483817
0.6864522501701671
0.2550131736185644
0.20697477688942365
0.26251031405295217
0.7213596842587492
0.5765521181839924
0.5190951537237929
0.4556350492222987
0.0
0.5984270040596694
0.6073683811102776
0.39138088686162825
0.2029546149123748
0.6728803450486818
0.3660871955827148
0.7475756426097196
0.48107260585832445
0.33916020187706797
0.57742500478251
0.5292899598145562
0.5596538405163886
0.22337596485946448
0.41938972380559875
0.524796040283521
0.5396962431632758
0.5351205266753196
0.5205906313681085
0.9512312021912981
0.5775184297122854
0.508297993484111
0.8579809441450386
0.2641250090266027
0.6038628077912636
0.27123282129514625
0.0
0.26079971417575026
0.4831902864209285
0.5992398010544638
0.6147855314195606
0.4633311028270631
0.31546488404273987
0.6012644190014653
0.3382497156932771
0.3594154021245363
0.34256167414096605
0.4042383681042773
0.5348481730629214
0.49419407025059425
0.539106564897402
0.8176084896229399
0.5587965994902341
0.7827392859559237
0.5541432049281187
0.4236742115479302
0.38356636845265696
0.27541155127527595
0.7143540029233867
0.7126568260113753
0.314738394857515
0.38104823564323864
0.7141255984473631
0.0
0.5645350614621819
0.4077335938315285
0.16958010093853398
0.9216017310636463
0.4330198255787637
0.4227734470552107
0.6153237825515926
0.6369161535095229
0.6242322476721319
0.7333181476209595
0.5321191175373569
0.3558622634966009
0.5417379186502775
0.5485002655822515
0.2960819157603371
0.6274499898414587
0.5156883384600159
0.40018295733462667
0.6943559495587053
0.6794558086233601
1.0
0.368855665143424
0.48828313307573645
0.530244206292081
0.4434352138443665
0.3868528126910807
0.23269794137480496
0.6920095432806952
0.8209013518604408
0.4431791138683298
0.8874859626041187
0.18447793251511965
0.5545658101345395
0.5306845591744718
0.3493341014065717
0.16350202272072015
0.37179814380938436
0.5348927143910772
0.457675276737035
0.48120296141416297
0.29614873735516467
0.2849666763443172
0.8240350444286133
0.2342643127028629
0.5484844190530214
0.30889143541312714
0.6087519446660286
0.6077324931734969
0.6821675307215663
0.3324530013278468
0.1983192404738326
0.5547755832546353
0.683793573098045
0.6703972831280399
0.3725363193543073
0.47740903490675113
0.5724632237327455
0.8358761943689467
0.5276762629361258
0.7721498458696812
0.39008485330704573
0.3009371124653725
0.42898315434165196
0.2263465875269672
0.2020962536701929
0.36197091067139914
0.553774350614864
0.4646113102172979
0.4944703854840238
0.3426446302724549
0.32871985592742026
0.47442496869150413
0.559698648409848
0.6667013683670863
0.5794093746263373
0.6319324047203285
0.5286960701810772
0.2036884854308868
0.23050066447593745
0.9266360789362801
0.5712294561555585
0.9148568849663433
0.6973472742180524
0.6881390120186895
0.0
0.1045438602640555
0.36967038192539264
0.4779936180009121
0.7139045164236588
0.49249529246031676
0.5563293682082034
0.680052008816219
0.8741858717477958
0.18858369081077958
0.8582497386173079
0.0
0.5733705732320485
0.5060936025798278
0.17230671135627018
0.6655140213551329
0.33916020187706797
0.18366746645603854
0.7863639811148949
0.79105160389762
0.06375797640235042
0.5548010251182706
0.4505573753951859
0.4637930602302288
0.39577476323835153
0.29506970447318814
0.06606978103643746
0.7431286856429372
0.5773584096658019
0.6402390700747501
0.5720397037138364
0.38926809505977344
0.24676163946890345
1.0
1.0
0.07414861584269941
0.5007524242559035
0.27468716632793677
0.7260533271265378
0.8565898623815547
0.5412646889128357
0.7869669122021898
0.12461881849629798
0.7983355973164511
0.4984561116850134
0.33904745026491523
0.38697595208490254
0.6090861851233699
0.8470816816195308
0.19216552057241265
0.41022286362150256
0.5910210984844648
0.6067216001306077
0.600884895708993
0.48553617679811895
0.9266360767498649
0.372480426699625
0.7903864714507953
0.4971161216277403
0.5246404039360254
0.7065443135587053
0.3165902597679907
0.7927227303196378
0.0
0.8111783211507917
0.6428653428967958
0.8932868021450424
0.5807001640422652
0.5824190069051698
0.7989998102342404
1.0
0.5490665220135095
0.4758648334708488
0.4964133909756126
0.7716124481080435
0.5947060243862534
0.6808410510181446
0.43862139887380336
0.7792036552070338
0.8718838786371157
0.812358871150619
0.7492387988764662
0.5588306952668269
0.35883221335400456
0.30414691719250553
0.915446266022026
0.3170434959163617
0.6350677607794561
0.668554624758366
0.9484281522243467
0.8024908094476707
0.15261790903433853
0.4933965361628013
0.31451226344453204
0.7503846771745143
0.49179210247181443
0.2644057688513469
0.6912351023758881
0.5696921690405871
0.7571215116497118
1.0
1.0
0.6848882824218852
0.32823973282929547
0.4931948178426682
0.5855804730652737
0.9074250365948515
0.6126167226778046
1.0
0.541533924338058
0.7107611675130152
0.8089179624015449
0.8482378078135112
0.948957586383595
0.5778118436950018
0.7001600295723049
0.7289380139405842
1.0
0.42215816180764787
0.7593654920987164
1.0
0.5122702293519895
0.7606395690978326
1.0
0.67714035468762
0.861376048610173
0.7331213783996239
0.11284513908875529
0.5722460890255873
0.7050450154068266
0.7813104365906403
0.7426961594346176
0.6561709360907978
0.8158116975586256
0.9452902199167348
0.5601679038309901
0.7958391855047526
0.8125952065338667
0.7129190915757745
0.6723813711109934
0.9662313694019408
0.883762523539212
0.9148568849663433
1.0
0.5627752646089415
0.5818589083733833
0.5972065955503929
0.9754282480140805
0.7566389856631012
0.6886739567469904
0.8608908422090056
0.3585336007714902
0.9779312329965032
0.741160929290834
1.0
0.493181604737067
0.7345226946269778
0.9112986603516873
0.9067533316385296
0.5625527233004809
0.7616545299421673
0.7937341109079076
0.691741039375437
0.6153237825515926
0.8282984744560006
1.0
0.9244599307661288
0.6668835799480569
0.6889501222334982
0.8423993713426013
0.6059968878020806
0.6900462686608562
0.9033246625660726
0.5795277541603316
0.6134612552930959
0.7706615720243206
0.8128238121688625
0.7302538613921491
0.7380396332301187
0.865736718329062
0.39757157412568456
0.7621420906913741
0.5564401395155907
0.34546858985724244
0.6449593820636679
0.781385697878388
0.5238663192618673
0.4417379957917641
0.7009625475246729
0.9519355989436769
0.23392558126456486
0.6187120215414739
0.6120134440930788
0.0
0.9857070861506866
0.7392736964936342
0.45848720277598515
0.4547357260695596
1.0
0.5208740669662502
0.9770720691498691
0.6712647726484083
0.2921584628950144
0.7799082368088404
0.6847857292122818
0.47805117461684277
0.7755692201407342
0.6357254651461338
0.7944292721468603
0.5220852916556137
0.7973180566996104
0.5721697655658908
0.8396538857880946
0.29623250809382357
0.542357739546497
0.7292999639707467
0.7273717375552604
0.5866528219187037
0.5
0.9237801097087275
0.7968399040781067
0.5515415713428357
1.0
1.0
0.31347030154265276
0.6998173378112881
0.5698812337646622
0.8953380462467097
1.0
0.984200265924667
0.7824780043278264
0.6188887215537385
0.88185514739395
0.47907112082796904
0.909438434708825
0.7827392859559237
0.7633294404039519
0.7907759144895217
1.0
0.6333924321522213
1.0
0.7723923254133702
0.7009124640345624
0.8624620729761969
0.9537125182974258
0.435452195138098
0.5642206400582676
0.4801653465808706
0.4814676404911937
0.8265982861469703
0.7900629224412344
0.3126311738705952
1.0
0.5591366670806966
1.0
0.6031609169999125
0.838427147484345
0.8480416561969333
0.9504206265705124
0.8136122983253942
0.5792216516387155
0.35360788059243864
0.5828485344405906
0.5554197986715902
0.6669538379625463
0.9148568849663433
0.49158942592833177
0.453356424051869
0.8742660352584569
0.5489918729701264
1.0
0.669560081457185
0.742468820703753
0.8045565416570667
0.42614366706625834
0.6346003717227885
0.689719364206905
0.7635095089949763
0.6675139579159347
0.4052734911412204
0.9763562114927593
0.6431014644412463
0.4916586679849368
0.6350338030226218
1.0
0.7863639811148949
0.8438042496762438
0.8930068662429386
0.6899440161840786
1.0
0.6462788500145659
0.739495306549963
1.0
1.0
0.9766325360140986
0.48247557118491646
0.7251408087971153
0.7488479252061612
0.9566633530050461
0.8273319434014735
0.9876712794257305
0.8179809672264625
0.6374883736211661
0.6660852892489618
0.891201466444667
0.726817545890503
0.9700078563275649
0.9732465519960217
0.7422519070372198
0.45627180290337976
0.4826708586127054
0.4459226274774395
0.8899541184044202
0.7392837554877196
0.29909514455514413
0.2526252319973837
0.5257990562425516
1.0
0.6406917495628788
1.0
0.5197434065770183
0.2938387099213929
0.6975237015975991
0.2581581004242968
0.5795121643418896
0.8236998927333757
0.3333333432674408
0.31830115287872357
0.5151571349255532
0.49708156370911677
0.10209739895755823
0.3848706620185243
1.0
0.7731227379282574
0.8903894896000062
0.31859544087058234
0.4671636755935823
0.11343771754412489
0.4533280340011286
0.16300461444713274
0.17913110452193914
0.3496928864054229
0.7999240286593182
0.0
0.6573637640111467
0.2309695830988295
0.7385567776997191
0.5855685063207118
0.5425862481749931
0.2293205329435269
0.6420340376697214
0.4671223549554822
0.38788852328017803
0.2959787418706792
0.5999221802095583
0.2338536685164791
0.7101803942331856
0.7373368333425591
0.45314009263431754
0.3075103843934609
0.5477111654621291
0.5548202055926662
0.6340977444006302
0.3779811544781834
0.5781576562270013
0.48160921831974624
0.657962841589367
0.5103959431214093
0.553052546149607
0.6169044941691306
0.4089824442528485
0.12081130312983202
0.2395861768890508
0.6853240578121984
0.5722409489397428
0.4525081613643497
0.5404673744595633
0.9337457743289556
0.10017010095234402
0.0
1.0
0.9266360767498649
0.2129878683238128
0.5500558977052648
0.7643852240684587
1.0
1.0
0.905211632258121
0.28903452451942013
0.8101238655606947
0.7258413539306133
0.6041531144911276
0.9216017310636463
0.4204557847749823
0.9148568849663433
0.38065487915371493
1.0
0.3909305762527104
0.27046288887222814
0.4133243817895173
0.7102193291581241
0.7479350625494587
0.87083346111806
1.0
0.5680365868868757
0.7373368333425591
0.5833970182585443
0.6500094423436413
0.8553475053926018
0.6424301748528093
0.7015099678724867
0.7593460418969187
0.4439652276419761
0.17630010726662426
0.41568624300712714
0.49711374501082195
0.25978388501482813
0.6825453567504122
0.5915584913457518
0.49148843570610623
0.6059968878020806
0.6740445321966495
0.5451339986457179
0.801491096825015
1.0
0.3553559488185379
0.0
0.7941120167547951
0.9053206294300257
0.7975167679736697
0.3735958174401111
0.698297201741349
0.5398449359778973
0.47608959631257425
0.38685280084609985
0.742468820703753
0.6126668775842784
0.49977672545060886
0.46423776185312965
0.4330566933165994
0.2815203891794018
0.43433697079844
0.6731676585191223
1.0
0.5917067802466175
0.3740313658465582
0.4255828339117424
0.4056675913480669
0.6492057087875944
0.7026305166084856
0.5087767436121085
0.3333333333333333
0.4423832652809503
0.4408139246468963
0.5724644552846162
0.2554165652932939
0.41292967416195125
0.6110191457494235
0.0
0.6243199619516541
0.8532721578725603
0.0
0.812171083257709
0.4227365958684768
0.5241048488714097
0.37803562359366183
0.794883329221233
0.6862952165530145
0.6380449398302793
0.892638271058051
0.6943559495587053
0.0
0.3053122309559972
0.5930275240938796
0.6943559495587053
0.46720677131273897
0.6717992280240909
0.46713408971330855
0.3886419309394191
1.0
0.4535697330260238
0.3903029337523039
0.30096253894678826
0.0
0.8611375548922774
0.6232722092914758
0.5578200134010471
0.5816519449239619
0.6229377060157085
0.39058266547251674
0.45841207680443785
0.1719856607204866
0.3040451578185277
0.41991936231218624
0.41231449435092343
1.0
0.4525081613643497
0.5871938235147676
0.6051163149676061
0.9363792130813923
0.8579809441450386
0.7827068933837892
0.6587798366573038
1.0
1.0
0.8064750880273981
0.42933072534851996
0.6295622549034258
0.2960819157603371
0.4927771933288546
0.4809618076285386
0.436626594914608
0.3509018304781487
0.8088720422680415
0.32139584938601223
0.47942996150291967
0.7536083464882257
0.27191246701234634
0.8263333314858125
0.6271216831922287
0.6943559495587053
0.399568482424955
0.6724430011633307
0.5519371633904416
0.4770046306643253
0.5008869869489001
0.3320503590680725
0.6995003317995099
0.31441052361979593
0.30753121838019504
