0.26610677374744757
0.11561562938890527
0.3375192917161995
0.24103126253465018
0.25115017447789034
0.06242528087209282
0.33682186097822475
0.2484536876247694
0.2187411370343384
0.40726918664643036
0.43581248609383605
0.22123394736672586
0.0569998800463164
0.15864970902737402
0.0625085943964116
0.2975727401493122
0.07090878613857164
0.11495175266203048
0.04571167931189316
0.2218595315802116
0.0
0.41065627953266204
0.2705767392723048
0.13234444264373457
0.1731817238289828
0.23738178274532634
0.0673360591215332
0.07717539871348478
0.16970381568853424
0.08015357631147615
0.25917960188850747
0.0
0.14475234829701336
0.5547168438714781
0.2659862159702544
0.23698143227064752
0.4021775711775725
0.028285478035386353
0.04820998246540818
0.03633901626245575
0.2595686613326525
0.2144006191526996
0.24064021012017697
0.29114076083791973
0.2224637330602199
0.1935985237604237
0.3392711538925521
0.17375813225219142
0.18337335577191863
0.21125499738107706
0.12086002125846286
0.0
0.44263253098170025
0.0618230127665955
0.47706469868602963
0.19210480876491565
0.16777476048832404
0.17665837991961644
0.026147608856215865
0.2385075297899348
0.2470019487274758
0.09640384510231595
0.357215063235805
0.4973818309344561
0.0
0.4366411195447966
0.037855478041351615
0.19426365632507656
0.06881142520146111
0.376261060291634
0.23308239719820376
0.043109096060168675
0.41245733916442673
0.46107850881805384
0.057708156242141616
0.21233315759140348
0.13249402310892455
0.14348469374756118
0.09691537320457315
0.12827314528984635
0.09942074113672907
0.05385446191794793
0.24973985165438736
0.07246524661922792
0.19653332715015107
0.34752515852582033
0.09581442008896138
0.3267019753048117
0.13421357806639464
0.10788950653365728
0.3096458643134875
0.0991957511916694
0.25111973020106004
0.0
0.17492756439035112
0.1387349496987076
0.22528247656555453
0.44535323550623734
0.07708606345350306
0.4947572189355875
0.13886244510772267
0.37560480499824417
0.11786605042990772
0.0956338668608186
0.214481995698698
0.0
0.06075999312853831
0.21471206589343395
0.15819768942706286
0.1355675992586823
0.08811805543640008
0.05620600212448581
0.0
0.09013807390562746
0.0627163345667684
0.21437871310418544
0.36651320794068276
0.1419617240330327
0.27328205730478433
0.1964402961788511
0.2371467349341794
0.3326206378938103
0.0
0.1985133920470501
0.21406224219089826
0.026564285220921302
0.21995497209287468
0.15937606177677455
0.09779975891191084
0.4955783896413363
0.1234178107136551
0.24513676514196917
0.06320103577030957
0.05415191604461607
0.35638664352591776
0.3532521338046793
0.27320647293038114
0.2954464041460735
0.05243883597384858
0.32561571663555966
0.1358395790918669
0.3093521167390933
0.30680589740018344
0.24089557496409664
0.053947447440406616
0.554141406791917
0.22924915888332908
0.06321288820837644
0.05819868780619767
0.13977131693203612
0.16791985191246261
0.20962953502419895
0.17241247296101284
0.4462099482423241
0.1616265599445828
0.11160153813487368
0.0374804701467813
0.17999268157754228
0.03803728671750441
0.19972097005116538
0.06526788484632777
0.3932931123162052
0.14775029342360976
0.06526788484632777
0.09544866295406802
0.259925720352716
0.30793275937965847
0.24633250655134725
0.5002503329468487
0.05831933598344865
0.2331579686204156
0.2742057098660214
0.23339482954122023
0.4276030243501173
0.5998651850919345
0.3041134090080067
0.02314374085128711
0.2132014023832769
0.3239434594894728
0.24368680705901274
0.12973945777279358
0.09988374589078221
0.13163061425366523
0.33954756042301387
0.17064685320675096
0.43791149113485694
0.01620183115073926
0.28229769418517475
0.11523712505126638
0.1962533474801804
0.18181574131538034
0.22668113277639537
0.09480246100447597
0.036848617962329105
0.22758202667966165
0.07431824024688098
0.04628748170257422
0.0
0.25616776008717773
0.1393509610047936
0.45531172323818575
0.05507647663558051
0.30075402977115384
0.045318623568501394
0.39712324745288097
0.24119069577402746
0.22733312771778216
0.11657437189464193
0.5391535995094382
0.29105963936827994
0.24729368429932042
0.1882313513666068
0.2606318099761431
0.059825701383147044
0.26631937202218237
0.0
0.3073785752564203
0.46882595722652487
0.39391687684402943
0.0700744158691022
0.43063904773833217
0.2939158239777139
0.2554497290501328
0.47885005666040403
0.19985378407484075
0.334931912631593
0.0
0.048910401934123035
0.36475051969176836
0.12537263450440025
0.27492576710350913
0.031140695875877623
0.06886092200636285
0.07450120235182031
0.12985425700779088
0.251949095059288
0.29324701312558227
0.4657481992690132
0.2725084895382673
0.12543749665416734
0.14024091991923407
0.15127925368815848
0.12246758490911443
0.037239609119304164
0.40964192327519505
0.11254170737361867
0.2491072504092341
0.1655717663829185
0.1225075549843337
0.12099474886323532
0.03533985607615024
0.08970879472592944
0.17510888265840718
0.11258777309808622
0.24121401451163108
0.20453654988873973
0.15790162941865352
0.09275253938155084
0.18750906027386252
0.4374995072453659
0.5148791776559996
0.02208474189034815
0.10071670718343034
0.31243157326579585
0.4993518514176055
0.43802038560345047
0.10999439151698004
0.13886244510772267
0.2141793097698552
0.09194286747085112
0.2478215234718499
0.18002946844019013
0.05447419223051279
0.09233193389539235
0.055692696093848894
0.05129932565525733
0.14291907457138478
0.06366165581895691
0.0146209200522769
0.2900416624701159
0.2831118934949988
0.15122694085850305
0.25039986545124426
0.2305934894042437
0.2768128427288078
0.32528141104417146
0.3683093438314059
0.2678945662039042
0.35188304109166996
0.10780119005110202
0.3306414939597625
0.028308953374707842
0.1548295911954426
0.032828060380023776
0.15323380124836433
0.26907903769992714
0.11117718829232306
0.3706401778963631
0.0
0.0
0.17376534617417208
0.024635264614169403
0.3092625393072363
0.3351850050306753
0.3266547286095164
0.11955045681005141
0.05061586352884215
0.4176968964788452
0.38936719445650797
0.26663114616488615
0.484774780592412
0.24788054288655595
0.198782998064027
0.19717743048259376
0.19846795408450954
0.1045228083846053
0.17228320266643815
0.28804929378077576
0.03668196053185994
0.23325818743402466
0.09736241702827197
0.19778690832064694
0.22736404729300916
0.19989498016217283
0.0365993871001913
0.35104695235964106
0.36957383511446784
0.2703282734284942
0.0
0.0939144583711455
0.18609734041873696
0.15642959309365934
0.19230688388771033
0.0
0.26375114755369705
0.12670379179658284
0.06609252999915435
0.024485774379504027
0.25295914583100293
0.07216854342093666
0.0
0.19350777253537374
0.23099508796675441
0.0385667972931047
0.18972623915429745
0.1823548128287037
0.15708183342300786
0.17015794655380698
0.24332262097410856
0.021998001532852942
0.20538893743090617
0.09915065905710771
0.07907458170509808
0.27104762057729975
0.0
0.09822121243209116
0.31247874517432195
0.13264930021102295
0.09123862851219715
0.2394092491132006
0.2567945537008888
0.07603371600225456
0.2782730632109851
0.10235370513079939
0.10846667248029067
0.07035385577150147
0.11551383190941511
0.15529083967480692
0.08918757062368513
0.35801504732786593
0.0
0.17738940939884654
0.24512659360563407
0.3214553762473434
0.21628464469379638
0.04475521674952258
0.04301538267582035
0.20809278488773983
0.14873575745722492
0.09200182526315995
0.10787758115731179
0.5225399415153604
0.434914678146002
0.2700897566287387
0.424253048674294
0.1252563256025771
0.24936719494882714
0.11679498325515744
0.07557746372597465
0.19846741860892456
0.034482383562021476
0.12085525172746285
0.0901120494467889
0.0343513701246254
0.2394782963199488
0.18796259841610533
0.161401330943693
0.030770479168962014
0.07866134158812273
0.5375576865160046
0.13042761492909133
0.1659405287409563
0.22357484795885385
0.20059622872997904
0.11278065598556662
0.15279249917535923
0.13527152956571561
0.26889542911176184
0.27907843025992274
0.6914851734129035
0.09316643490950081
0.20065959667232813
0.13961814892117955
0.2055287038199567
0.2098059246505951
0.19115922104775643
0.04045317939283803
0.4123477449158312
0.2929831225141288
0.35922831269665007
0.2859927393074515
0.7439201477462191
0.42304203057958
0.07801994150471818
0.0757904081975594
0.23056192374874632
0.0
0.15133644724028492
0.44407099889320384
0.0
0.22337388292370114
0.12186743881620198
0.37613896869876345
0.14297642918161374
0.17439126619820752
0.0
0.36121863090393136
0.13133649877632336
0.4677047430833377
0.07165244180877565
0.08066457360222858
0.14805184666942353
0.15752312457351308
0.34119838489944454
0.24704223005257683
0.019738759483005023
0.0
0.2491190490300663
0.07218107546751369
0.06423064609101278
0.3094642226361045
0.17967237260909535
0.10368631404714028
0.21377381684670213
0.11970546755248145
0.2939949121130734
0.23941436933441917
0.30251091289216325
0.22740348213620684
0.09048269061930937
0.4632757793414218
0.06672297765383665
0.3330214864805275
0.3475821939971598
0.26669601054543046
0.0
0.23610736881101857
0.11393545099193933
0.13978406376789465
0.1834098048457149
0.1922801462280694
0.15234846478163847
0.16288943800179972
0.2566064159402552
0.1776047062500308
0.7546405565003035
0.42404876251573026
0.05822513763542254
0.2715171302461787
0.31420545347626416
0.3180225394018834
0.1049600436443462
0.1305740466699739
0.2994487138705061
0.2528410273995762
0.2722687050406674
0.12278312830896415
0.08649891853490871
0.0
0.074554101442012
0.2553668440886328
0.12150625070037531
0.2785934699014199
0.12564337997789066
0.26180946523314436
0.18120949527828728
0.103380023781346
0.15590521987473488
0.25349774166290784
0.08114699800575365
0.2011137205612445
0.3214610756988912
0.14552613586439742
0.14533414075451512
0.0
0.28440537165309665
0.0
0.0
0.12138763670928299
0.15282202522064733
0.0
0.15403558977972678
0.47430018560588183
0.1717563405983092
0.35466678195656626
0.35507826279183285
0.14634699120439168
0.41153260131495606
0.2693918036737307
0.11309195475378658
0.11515435384002226
0.16025943569109463
0.42701127958138124
0.34062031969561285
0.16499520141984056
0.14029576864839355
0.23208502179829243
0.49652686213896585
0.25835566733478493
0.1364487852776747
0.03952022825628107
0.20557892618918605
0.4176196294085223
0.18608681448079858
0.31026728837708517
0.3000414728152706
0.23260275052769525
0.4688534356297689
0.2951592887123373
0.2174319911847314
0.6162695931010199
0.27259680988590623
0.27340850974351294
0.031430543150938774
0.3206151347893207
0.10832164970663369
0.3112927836775476
0.2898479476120811
0.24969672172240612
0.034105425761075975
0.35120715967964306
0.3331705714460624
0.11056800177673277
0.23719770674136365
0.0
0.3483665406624639
0.04475521674952258
0.0
0.1778991074580452
0.3382230170424617
0.2283956043575791
0.10788733969827945
0.08570552880895588
0.2007067160698812
0.13773513816225658
0.10569231885599659
0.04260138061885076
0.3675768051191094
0.3146881002700518
0.19038722430356197
0.2313390677681328
0.08128886376344963
0.16230602132392336
0.32361886876751605
0.16551791196118418
0.23477598148097556
0.06738412349449824
0.22736734279925724
0.331044034461813
0.0
0.22820591569572501
0.4737413618693732
0.37989448645685786
0.21021007852861273
0.06648308175526794
0.15225239414302308
0.14279514580399644
0.07098582803884652
0.21859731213034825
0.2739629796590827
0.0
0.0
0.03989533518191653
0.15955195722439627
0.12217216113304373
0.12051842186569381
0.18071038237963263
0.0639256255972015
0.3513137001552026
0.33970340710083385
0.2884279200891833
0.20610363480142654
0.032828060380023776
0.18260967303611442
0.3920397306544808
0.04001881878979883
0.0420086616554706
0.33954647823003303
0.16772021310272212
0.1506717800754948
0.4596838258851055
0.4341854087470878
0.21538297910509652
0.0
0.15433280442191238
0.17754029227102328
0.47350365573545417
0.059689152320497894
0.09132953503936012
0.021206928972869243
0.0
0.13125281056844904
0.169081642835172
0.13653004996140752
0.20257151423103434
0.2589900491104936
0.2054315971971315
0.34987087960894825
0.16290962847306456
0.395881771039625
0.2966957877404738
0.11503633085450733
0.0
0.45645106130945523
0.0
0.0903269115773008
0.0
0.1941298231823544
0.10090364673679966
0.09796598308629663
0.48022455612734144
0.4827882208326082
0.44762253257316426
0.22276877501265852
0.10676343574178956
0.36882475985184293
0.6190429857214077
0.18017565679957703
0.17735611620815317
0.19360145999595363
0.5074108661941533
0.15932238094540005
0.11677090783884847
0.3398498359679101
0.2950802436161203
0.5385361195484435
0.11575405766833224
0.5752886245791085
0.3026172524291065
0.02073554442865467
0.40612708977977363
0.16630945683455428
0.0
0.23006814891718905
0.11989700278876168
0.060604695212804205
0.28155206521543236
0.1914063256390091
0.0
0.23202786988238258
0.5881930014188312
0.6824042857493894
0.12257370134636307
0.26124636069050916
0.43247589015331833
0.39582706940401335
0.23028065440873924
0.10921346775414423
0.1813078254349764
0.3413671984723988
0.0680485049647081
0.3765917468686475
0.26162974398276684
0.1775241084355949
0.26116356998391843
0.16354659474774466
0.12729343571284626
0.350426377752884
0.24246710939442723
0.19385889540000528
0.2274431791697227
0.38489490027721884
0.2913588817380313
0.2459857879358156
0.27690418347258744
0.04123518392840626
0.1628882143686243
0.29503209004320347
0.33967009383572444
0.39869285905011764
0.1583439863682258
0.3063799113802326
0.0
0.14674168869507337
0.24877985282405382
0.22673106389202585
0.0706348494001522
0.7394212870070928
0.15139105494213442
0.3210062361296257
0.2173351609864931
0.4756184789083225
0.370234296225013
0.6287627951888763
0.18961432963771352
0.19112608151984847
0.1733976318863171
0.1777466203980174
0.3880371690151335
0.39909861657945245
0.2659877338422795
0.14462994739622453
0.288352670873003
0.19522320309546545
0.03859168299698447
0.16840447340254328
0.12807246558939392
0.20576006735478503
0.052909579881016106
0.23955364373958477
0.17657169807015655
0.4368765495312034
0.11681027818056101
0.37260562637914585
0.03201643827855082
0.36038376159243135
0.013587822146260172
0.1302351907962312
0.332783220753996
0.09474965658933468
0.21856686514437984
0.11713790913174237
0.39239841146876236
0.04653938297372651
0.4900272156408174
0.22682452237469575
0.3496024669342472
0.039354141513542835
0.544844723527496
0.19779644906470698
0.4164931143019365
0.0
0.1049600436443462
0.13345619995883504
0.07980698918006648
0.08322134350558645
0.3732092026697923
0.33165465352881063
0.1521869383573175
0.15860556146834984
0.1101700242951523
0.0
0.0769089209647984
0.16756448892146963
0.11433949603981716
0.18592821440276408
0.22736404729300916
0.33116789043669703
0.06943122255386133
0.04956208038277064
0.32863660131581257
0.0
0.04322578317492309
0.0870009280416223
0.0982331621749738
0.20904937147504088
0.32184579270739183
0.35414897538398776
0.03619077451732646
0.10694249070902374
0.2063623336760269
0.5666901912950574
0.27968995518699713
0.41374459541386505
0.17969169788193182
0.17452017429776262
0.2934556864412947
0.2093820148741172
0.22604406598757842
0.1694046747772632
0.46412559538772996
0.2167631427851692
0.2650600764106059
0.2725880510535376
0.08610991723729644
0.24950729468976363
0.11069517068776705
0.17210389911064247
0.19063912557471427
0.25578875585459665
0.19563082304551177
0.33536030575959214
0.23459633099609883
0.2207761502044618
0.4876185687509633
0.0963475071462762
0.06511108698283612
0.2328061155961787
0.06245634950900916
0.15927884159208364
0.4854819565095093
0.15603829644152
0.04961696378987027
0.21689624541274943
0.0
0.31203061969577717
0.16200618595900976
0.07339345870376594
0.3145253773181742
0.0
0.10122911040743258
0.5052075983220269
0.37957803302352844
0.20549454454964783
0.2795517210351062
0.42379139608898075
0.0
0.0
0.12462099507573185
0.08398471080452172
0.0
0.17494102621110502
0.18170536855266378
0.3984370623665403
0.019028976368546356
0.13313778474705393
0.279788231278692
0.22620496424903988
0.12989895970647472
0.3611450185928706
0.17676122189710577
0.07783662745883602
0.0
0.0398828928973243
0.058766702422208085
0.0
0.04820998246540818
0.0
0.138426919940132
0.0
0.07941074630654667
0.6383709380365379
0.1201550499459678
0.0
0.3834358571029316
0.10934524246318471
0.14591969414583997
0.2725834118645595
0.10990826862118194
0.44430701804414596
0.5018825095272357
0.05448860263572682
0.2419646642471827
0.12653460768332872
0.3796504884119127
0.11965140276629409
0.3053356158994416
0.11153429091944
0.2854235113830426
0.14850930824378705
0.30571611927504344
0.32628460187622693
0.3742909223895513
0.30289652918714405
0.12042907129784874
0.3104774897763403
0.18427483895837748
0.06362078691860773
0.241326706890784
0.04726609682840215
0.30218219238788097
0.3480246924552812
0.5748617296871651
0.4034414139716309
0.0
0.07011982088893971
0.17570752148843158
0.12154508887693785
0.08210523165065764
0.5322181675516237
0.6841977727353404
0.0821835199761226
0.11672813412214778
0.31408173393893246
0.30145155239979904
0.22668962791220854
0.13441709334584295
0.040062625104756756
0.3260820405011043
0.43251223930647
0.07082210431133841
0.41628452774628155
0.3291003015594089
0.028325840861277377
0.5954870293934393
0.1328778341115002
0.5656642315419104
0.11855972840658861
0.3177612062339289
0.3264722362777247
0.32732461053492257
0.05917853753616279
0.4625342041431628
0.3068745663761872
0.1478442408254633
0.0
0.10999916479930968
0.014936195105088548
0.20775024172792197
0.3189811900288789
0.2732319736908254
0.2600850803304109
0.40151273040812624
0.21132778903713312
0.34373690699403947
0.09343299253531052
0.2563104556158791
0.5635709421174664
0.0723852916858896
0.239351438440678
0.06508647095982062
0.22508844650692583
0.35498658606472366
0.014936195105088548
0.4236967277500168
0.03212701140361033
0.17858755485683583
0.3552444059604901
0.2160714350473887
0.2812965539311281
0.05267516092008271
0.28112370463328357
0.31393239864301015
0.13550760356251149
0.09938549196080279
0.11852050659336687
0.02963810470739248
0.0
0.4153234102222324
0.39092106600467263
0.26345666655905503
0.34845517175299795
0.1315277597682295
0.06277376852010923
0.21827661297066223
0.5569712975001545
0.1477199347786815
0.14460080227826028
0.3556993281815318
0.19161787916126882
0.3810389501892304
0.011501720143769902
0.055176612924222594
0.5167322336769269
0.023083262909617538
0.08464886327171164
0.0
0.2434228918735596
0.16770142997074125
0.06112468728485269
0.43077664702746293
0.251682192080907
0.0
0.3638128079862599
0.2062431609258508
0.3040951601211691
0.23978905462438352
0.11745977134502089
0.11207868826237817
0.15635702546690897
0.24751519339548478
0.10401661221513203
0.42311373660170587
0.09022663569838542
0.22977665301282582
0.04393349181367462
0.2205262462308089
0.12894957994643888
0.04956208038277064
0.23448639882461397
0.2560819419451441
0.10778915486707714
0.04609541578751964
0.08881573107869546
0.07765753550795722
0.11052381644824985
0.2756306269021524
0.0
0.34756175734187367
0.06405806068144215
0.028381038344552214
0.43658107527279305
0.4161362901119159
0.09967566079488713
0.15304203664744973
0.25418616383530673
0.2054005611657069
0.05250591752090808
0.18851327036222454
0.4163919448649311
0.4464591124816346
0.03352317040295424
0.04981929782156328
0.2972886377974318
0.1596292362169122
0.03790785267183326
0.04147518612266257
0.13125281056844904
0.2785934699014199
0.24507026764537998
0.13565197169348978
0.31758894518082
0.0
0.3029889452331386
0.2785984155609603
0.21795686932452193
0.0
0.0
0.27459442874339907
0.2147679816565634
0.2921354863966911
0.18997337497540678
0.15246610825351042
0.4891794468172506
0.37014267878915846
0.09373185672170574
0.2069706724442365
0.23449338786027848
0.0896213408878803
0.09489999561231353
0.20113841174840488
0.6350731896589463
0.17699610748065622
0.014936195105088548
0.23734931508732662
0.16916873113427833
0.12080450208811233
0.16038732491341348
0.30483522360193127
0.351759913067256
0.06943122255386133
0.05190053101835293
0.22755794174689947
0.06089410087929689
0.16591838790450866
0.11084201349583395
0.2203205153100047
0.32939370362076426
0.09754255530594108
0.2905565232759495
0.16395378716959108
0.46316302923649355
0.2660976025903919
0.12105020098399859
0.16020904714114978
0.0
0.46663578840528025
0.2110234193018448
0.15382416372757288
0.5373124781782515
0.5269745688096739
0.4708421577854384
0.140299161560619
0.33562248602560907
0.0
0.14085833392557856
0.08468794456317412
0.43384200174272597
0.21999043424483444
0.23160574545823517
0.41011726902737755
0.15571347505359082
0.4899891193469501
0.20974235418249917
0.21638127227096154
0.35218345974038306
0.20388025515421973
0.23729384347836918
0.30075994875029394
0.32256853716659284
0.40205391044140054
0.0974822690212904
0.23730367294910124
0.27420454109132536
0.3201578010884666
0.09005223767025752
0.07186814511761558
0.19039046515654132
0.30922279027840643
0.1509994537828213
0.07508014086953026
0.13372175637318376
0.1347059061539345
0.0
0.19543317950315653
0.16619102761442595
0.1051919400425505
0.4463426148534335
0.48266225056469103
0.1757004128781532
0.02314374085128711
0.09874592104433165
0.2736350168741515
0.15906262261200993
0.23096700783599192
0.20683305483322773
0.0292418401045538
0.17296846321018358
0.2493967502448354
0.34380792831986356
0.27114164376453714
0.40052899074926757
0.25201616154115714
0.5394603178363302
0.38231944657090394
0.0
0.3357263209968371
0.2846027428275508
0.1892617562519395
0.22601648712316766
0.0
0.2563813924637448
0.05256182350228034
