0.4078218106616127
0.2545416256153424
0.4624905133004064
0.4125934598220457
0.2368025581899525
0.23409480327034807
0.4664446834699618
0.24757492907443607
0.3524816805033553
0.49649819113938753
0.5324798240470852
0.29091297640362784
0.10718352501717616
0.308992120217842
0.15025898751051364
0.41386132689289995
0.1760130490239893
0.2680462486513258
0.12710291200987106
0.2804615153892353
0.0
0.5183899209843749
0.27668864183946723
0.13877919945981274
0.24133681908261367
0.35235750906951074
0.1306386306374056
0.20345270766743948
0.25644912454055324
0.1656598993209595
0.3252115294411303
0.0
0.27935144277831725
0.49433238423986753
0.36434838096970823
0.2644517411654191
0.493220475170779
0.04019569446521744
0.0569065578905831
0.08591058684648689
0.4077983883450311
0.2629666417234437
0.3772666327925139
0.34314505697696834
0.4314901028235239
0.2777103681007837
0.40279354665989925
0.28004843180925393
0.42383125840439584
0.2676255521353928
0.33111539803864715
0.0
0.49461166119883837
0.09034052467502592
0.5145805794989085
0.21639658138918383
0.25166214073248605
0.33639749047541945
0.060150217460055534
0.31454549461648273
0.40229510094816473
0.1625542797019195
0.46410169516343164
0.5838076185446371
0.0
0.5708444852808504
0.049941401470850695
0.3395419522974525
0.1293941515062011
0.5264875189206615
0.42188129578610556
0.08495622684901401
0.42848313354667256
0.5500449552707775
0.09813136161898608
0.2699551762320642
0.315172959626488
0.28153772981455605
0.20873161237767035
0.09371329050596236
0.16835473981382995
0.1532242311668053
0.37700081180770273
0.09489593751123293
0.24740580685428712
0.30947300916724607
0.24827626339090483
0.3608880871012729
0.20969718811055896
0.18623533019044966
0.39795713416096085
0.13823391134937688
0.32523149500237303
0.0
0.35911769547868727
0.1933336307989166
0.31434673283974746
0.6011498508865338
0.0956146537470771
0.5678184686127518
0.13886244510772267
0.4473197049166443
0.17679907564486158
0.1589241203674113
0.34872804314510736
0.0
0.08467188768488786
0.2714261178860116
0.27926729710413756
0.15941457881796425
0.12279662502820762
0.09378362365025084
0.0
0.2250733520203034
0.11793284142985189
0.26258363645397936
0.3159952838358319
0.23359400030346117
0.2979203058864868
0.26150996177178504
0.3681842024983609
0.44196518726308753
0.0
0.30137699100234727
0.32109336328634736
0.06556120686778592
0.4397535163298873
0.29758683269168656
0.23695244521935244
0.6341035834764965
0.20510699769372556
0.3569663061971925
0.09260698501122781
0.09424607985732535
0.3316804714431368
0.5823631347566971
0.30739258472684233
0.41515366339026977
0.07591332653122125
0.2792893536434172
0.18543713750596216
0.3093521167390933
0.40583750863768203
0.4231396757869915
0.0790479205857367
0.5000322282622157
0.30130218080816534
0.10891396446400634
0.08407722826583303
0.1947298479805192
0.25653464012827754
0.4271646210534122
0.21604715192469093
0.5787304525123194
0.3156426970012841
0.19506172618466322
0.11328956234380176
0.17166402592261576
0.07073064474137165
0.2995123000597794
0.08879874028333257
0.505663813400459
0.36094493062816396
0.08879874028333257
0.14317299443110204
0.31500611873375073
0.37530582073037133
0.30297275509078636
0.5724782133164381
0.07678279812936802
0.3497369529306234
0.4235205524648183
0.30752068679500205
0.4839644710586567
0.7089269168386019
0.3461242319164302
0.034715611276930666
0.31409887322124397
0.49513276348604435
0.2627966916379868
0.22473118628806674
0.2517253301928274
0.29473698540391985
0.4810104733305848
0.3157618307571081
0.4600868260469351
0.03320988312434852
0.34628058191576355
0.21669381173790875
0.23432526695982922
0.3650454667758463
0.31527017698728815
0.10419501909265227
0.05013355134674182
0.333649251203396
0.1298964554775536
0.06943122255386133
0.0
0.4042927273043731
0.30636577002147225
0.6031963960184737
0.10876991093623285
0.33056365513077685
0.06205495863089124
0.6040224266080625
0.3043928487465482
0.23895038842860428
0.28046057503758
0.6433952823250267
0.2757553961923582
0.3384079026401888
0.23105855535463013
0.32924044990629137
0.08973855207472056
0.322093608609596
0.0
0.4027994152538266
0.6016194679198936
0.41706061769531655
0.12247892591130644
0.504342312470592
0.3175487426177927
0.3831745935751992
0.49464811795071717
0.3640643692815511
0.37205792601313126
0.0
0.06452577395600358
0.444567444148269
0.21913141083407048
0.35736570985747385
0.042367767422447536
0.2073227462011449
0.1013609209799223
0.21210477373463196
0.3398097402599588
0.39150120043120706
0.4844502814984841
0.37075524424434214
0.16548527991275605
0.21435415921301892
0.26686233151694017
0.2065024484304155
0.07574661947216449
0.5592417118929586
0.13568544822490577
0.35399928238770584
0.3258580609392771
0.11534654619799653
0.21518729632014913
0.11252810282184764
0.08136751055800764
0.2259813623625432
0.14853309132322898
0.3458625613205771
0.1949257803536119
0.18658578624387032
0.20762477241501656
0.13117339470234246
0.6118527270500874
0.5454474784636187
0.03312711283552223
0.1328720113579159
0.3913601911049348
0.5224955922688926
0.5525659355543168
0.1257924528072932
0.13886244510772267
0.3577523428038016
0.18155017494805592
0.39045688168232096
0.34913486935438115
0.12771188039277556
0.21022754806085636
0.11731718440203724
0.1104350541031702
0.21203077008918259
0.11127044199706453
0.028864978786490494
0.4350624937051739
0.3851308347906518
0.2873797447359173
0.37046946970280387
0.2984960502354261
0.4370336623423127
0.36637317103223277
0.5249700865341075
0.35444766543491685
0.32684346206558645
0.20102631679215668
0.520351178549632
0.05980115012967956
0.215762265283077
0.043308906075818186
0.23251522002662223
0.2814563373438958
0.24088817636138848
0.4359998197519287
0.0
0.0
0.23981247076184994
0.04110565238179607
0.3234530584795124
0.44566482113762584
0.3283196572149969
0.16988977980510775
0.10692330492641888
0.5755957133337922
0.49354264086093874
0.2899008376517494
0.613581085444309
0.37197480639785346
0.40459448505620993
0.3090063701404608
0.14926279821851712
0.1965464319969363
0.26509810286137925
0.3479977951751566
0.0550229407977899
0.3650024881854107
0.20584144431681325
0.2966803624809704
0.2369869604808369
0.3885256642200722
0.06396990350111621
0.4580780734550902
0.4244991341233319
0.37774737237910905
0.0
0.11773220914522188
0.32185427207542944
0.21585869709507624
0.25802638367182384
0.0
0.2895135371516167
0.22193505698671445
0.1692164664883811
0.04029064895341392
0.35310436510706017
0.21433516185901716
0.0
0.19922111064634498
0.34649263195013164
0.048753832370834964
0.3567643841405516
0.28793749646746264
0.3753040132702963
0.19827267218432426
0.2963098659545913
0.03767233714024824
0.4266309408540765
0.11703639850048213
0.11731285347105702
0.38528171013904333
0.0
0.17167504646575535
0.3255451233303809
0.19897395031653445
0.15514914062723975
0.3754525911764527
0.26836642412653233
0.12723551729788685
0.279783449653406
0.09508977841865077
0.1597394677212505
0.16387369877862457
0.23727093836920352
0.20179846964469048
0.2627735347272361
0.5359982274862255
0.0
0.3529042110175372
0.3676898904084511
0.4583455774911498
0.29482438999249144
0.07822499564817946
0.1171389567158151
0.27123415857197214
0.22869239851660578
0.10619234443543604
0.15323976619300175
0.6039644080898982
0.5063803652445745
0.3355652932888909
0.5879721493127316
0.2444642853274038
0.394528064097307
0.1257783596455626
0.10532072488185877
0.35781948360764204
0.046914224805715936
0.20378376372748985
0.15431999593637108
0.08644540688127242
0.347173331025047
0.28425584958418704
0.3371358900088055
0.04543216235700642
0.13748750537503535
0.6531682648870034
0.1799778215821444
0.20921264775926324
0.3781289942717612
0.2792577552384624
0.19848982032092283
0.31218442877838776
0.15282940255411281
0.4678829348061971
0.42666763302225297
0.5271816686836908
0.1298317775640677
0.40960774190432025
0.13961814892117955
0.2759064052866186
0.30012025495785943
0.36032229341500543
0.053368457548553384
0.37950490135042547
0.4035264424427306
0.4895847058800102
0.28983791992177466
0.723807386422357
0.49844176786676936
0.20414982284255428
0.13246957074542764
0.31661628044944923
0.0
0.1989928154107976
0.5193786551191584
0.0
0.322698975718169
0.20107529395000137
0.47937473976612127
0.24990004211393482
0.26158689929731127
0.0
0.4922999492844006
0.26920844525180876
0.5299626792530107
0.09452854772643275
0.1516830094321059
0.23011423647824997
0.33235377716701286
0.43127628064270507
0.337436232243343
0.05136602800843693
0.0
0.32628438967415996
0.17416112392835023
0.15446871669183626
0.3543267187273421
0.26528362976156844
0.24868752033398211
0.28137874148062325
0.20133286219746904
0.4454567919557518
0.3238004322290366
0.4232187435953602
0.2826139322307893
0.13594169464592165
0.5089866913233084
0.07935982166388356
0.4203841531132696
0.42720793889300024
0.278267880971074
0.0
0.24329886098038692
0.15877437130889635
0.23603872163960574
0.1834098048457149
0.39375804815614657
0.2808497354830217
0.3314518609300542
0.2912942043050166
0.233279946539524
0.713081320606756
0.5039724294059416
0.08815372962787098
0.40504895210860237
0.38495650789370395
0.41836527710535976
0.15744006546651929
0.2016268267644673
0.3536733612874258
0.2528410273995762
0.31395766007305925
0.12362692331741035
0.08036018809896846
0.0
0.14723605192529288
0.28630310818183474
0.18137384009480934
0.41789020485212985
0.17169260789485805
0.299459698265543
0.324459596621877
0.2590596356104012
0.26528968948102494
0.40885788375500637
0.10878659082766642
0.2590990233250384
0.3144956430659947
0.2553482964878018
0.1917342230604998
0.0
0.2455484847247222
0.0
0.0
0.2782113914245371
0.18038951645367055
0.0
0.30356197888917014
0.6057251392044114
0.20586159170984827
0.4755408898844608
0.41026412928104866
0.21309554994197938
0.44821456184681596
0.3615161479937678
0.14039716049623152
0.25808247030662435
0.2978602311305978
0.5184678067001129
0.32758928605480353
0.17806157957589952
0.14396200095817369
0.3319834343229284
0.65118120700025
0.29360300292834646
0.1724903718106035
0.09343142305456498
0.2967711775446994
0.4764769248524604
0.2444146104442672
0.4994700515999387
0.4882228415688968
0.2952992821125861
0.5443984381859721
0.33821424733098554
0.288125255896184
0.6326115642852812
0.3166295631313039
0.3227285386104639
0.05826247792938173
0.46255775720947445
0.1509512770746835
0.42896978793369295
0.41684089184427525
0.29632871819737194
0.10202631303700083
0.3791994204192298
0.4775079567093772
0.21181390953617057
0.23719770674136365
0.0
0.3882733510540101
0.07822499564817946
0.0
0.16348932521529191
0.39870416854165436
0.3716908400716982
0.20594578743692674
0.09674789975412995
0.3038721633868715
0.20660270724338484
0.18956250867496
0.13472276708764203
0.5163399517758112
0.43890503756955546
0.21614961390148163
0.2695625803906479
0.18927115640936326
0.3394556058751104
0.42193718544205583
0.20944340987971302
0.28432124810901044
0.12055438731015974
0.3318804420199317
0.49310657166536825
0.0
0.393370542829122
0.5926762429042989
0.4292014506359816
0.3875795976730369
0.14079252610738016
0.17849055016585466
0.1775107570809271
0.13348293486379662
0.332505141659935
0.3143872503450914
0.0
0.0
0.0683221389475668
0.2413295855411
0.17838741829033045
0.1722958504541035
0.2476588050502048
0.11125625933530249
0.45341804443984174
0.4450429843580097
0.3220427292752113
0.29768828468639397
0.043308906075818186
0.2578380186554284
0.49372470428822723
0.05444669617420636
0.08296243089493548
0.40517288351425756
0.2792903004207297
0.29745877003773497
0.4355850975333614
0.4905324918042475
0.21538297910509652
0.0
0.2268150525716679
0.2663104384065349
0.5379618787135785
0.07712144837597884
0.13193998789950304
0.031810393459303865
0.0
0.19687921585267357
0.23562316475957137
0.19372368404123758
0.2346907166655289
0.2700324200556677
0.3518087030456863
0.422389194744693
0.3957399421100654
0.43268653158271875
0.29689177548468726
0.23587064241533218
0.0
0.5237013226489343
0.0
0.19836155373784817
0.0
0.3039949573658085
0.19927347098330087
0.18268574531900175
0.5743421001279899
0.6314673462138192
0.44699955756196813
0.2444146104442672
0.13496393309330448
0.5483988296425387
0.6421867265726947
0.24621136744754774
0.28455953113549637
0.2573376710963913
0.5772560363503324
0.20230160979303252
0.1751563617582727
0.39229566596691434
0.36567016550153103
0.681525214018897
0.1723589980605674
0.5687009204260504
0.40585895497469876
0.06306578910862426
0.4782865977786262
0.23075160040013526
0.0
0.3376364145293692
0.17984550418314255
0.08612362177099862
0.3510191993719635
0.3329537349931889
0.0
0.40047425806095277
0.6197756452591688
0.5854076942239976
0.12870538224591982
0.41003970883610386
0.48364501283660777
0.47373098941133224
0.3341354102426755
0.26058540451575574
0.2790068855021516
0.40192568007008483
0.16602088554699182
0.5103034597853655
0.284171962629843
0.3016646494397482
0.35375066155662216
0.17729579594501443
0.297589837198422
0.4577968425168731
0.3566955913698543
0.26375032291562545
0.33426506409750967
0.5116496335628206
0.3907928166484443
0.3714441664246789
0.32668708130401514
0.12109502710841413
0.2326819550129021
0.38121972416486544
0.3718624574980101
0.4554201835716361
0.31234067797216064
0.28462040616256057
0.0
0.18830213958330622
0.40361210602484116
0.29927446336937086
0.14117805456334914
0.6295254603624617
0.2608423763803143
0.4614670924588122
0.29608737928828033
0.5632288486911988
0.3746032705880183
0.7002863176332431
0.3186398663257068
0.29944308852990825
0.22202459519737347
0.35078196707462217
0.4242472880224796
0.5825382079102173
0.4893589210024822
0.1138131157811662
0.2802386291300094
0.40200234748843694
0.13101193248310983
0.331109363448515
0.1900047533023738
0.2793410536865393
0.07518831057123018
0.4083176091206653
0.2402306187068207
0.4323515458389212
0.21864844709366546
0.4395746374232734
0.06020424447211968
0.3370054963793249
0.02683443631380204
0.22763038530885185
0.3380297157120017
0.15590787911910559
0.36873696031284925
0.19545274828224776
0.4444065917664216
0.06980907446058977
0.5951726236721393
0.2729902686202047
0.4801428817656022
0.12287830608104908
0.6484605587288953
0.2961014129185895
0.5732737331685693
0.0
0.15744006546651929
0.22398335223900903
0.134969825850143
0.12483201525837967
0.4716637503713763
0.4554014772536526
0.1923856011510141
0.3252412439617765
0.21366844588302009
0.0
0.16663894816641736
0.32451110043064646
0.17150924405972573
0.21596285732586246
0.2995350260203089
0.46889981313211054
0.06943122255386133
0.0626534098895337
0.3974697312998076
0.0
0.10876909702469734
0.16227987113470882
0.22709079007252406
0.20904937147504088
0.42309149884348163
0.4698950353740515
0.09740637828541708
0.17412653120068236
0.322356547815261
0.6619568154126679
0.4554454198614809
0.4631768276542783
0.3359122022129582
0.2868227059707209
0.2934556864412947
0.2793574110342451
0.25740557536894215
0.3480659511472754
0.5852223047136378
0.2825731566609255
0.34200201156569515
0.42350865952490885
0.12916487585594466
0.2907326930627812
0.21338699946330159
0.2677647772795892
0.25124307708514076
0.3156412392782151
0.258730623291337
0.48702010250660904
0.3294341039675936
0.33236944613219155
0.4795439682530573
0.1974893715334251
0.11892150527286752
0.30777170060223974
0.10869912892044989
0.331693616792926
0.6494885113681004
0.24145607439073138
0.0933005661648154
0.3962156867773404
0.0
0.3923472591913152
0.17357805638465332
0.1709075318963847
0.42194713607132234
0.0
0.1903529073921748
0.5927425750896707
0.5176976679978054
0.2532188760266818
0.33273426321354305
0.4715483186935697
0.0
0.0
0.14710131611741836
0.10093945220972249
0.0
0.25633695389200206
0.19708156629013754
0.5294585322453165
0.03278637181010251
0.30394867249695146
0.28709629438555123
0.29975234690811464
0.18102026613766004
0.4946544354653773
0.2341338736250812
0.11244734445030308
0.0
0.0687170623405457
0.08815005363331213
0.0
0.0569065578905831
0.0
0.15261743911240813
0.0
0.12999294863846747
0.7831013143351867
0.2525355936391756
0.0
0.558982966517846
0.15796653252688997
0.28323587174906756
0.3389449142511869
0.13305200947246906
0.45653433858583514
0.5828876602238775
0.11168861768189636
0.4237258848375963
0.19134176493265428
0.40772608988633446
0.17947710414944112
0.4068105147878552
0.2253089087689127
0.3795028209824622
0.2639537715537711
0.34223047301829607
0.46079452427967227
0.4996945142822587
0.4717636763459872
0.22020209214846004
0.4048284387103385
0.3358031211349897
0.06362078691860773
0.44181752554218745
0.08261361439496612
0.2345313789803709
0.48732142740599116
0.6435974630180381
0.5606170122741635
0.0
0.1380753879352072
0.3616391418180659
0.1926773995293943
0.14222046574005434
0.6332584289340658
0.7203189112546694
0.1232752799641839
0.307444633590112
0.46121037888451133
0.45869515310865466
0.3035373383424587
0.18731649634375297
0.05176296787115974
0.44146448102072006
0.5401380019376668
0.12106326661303386
0.41628452774628155
0.3972855781082358
0.07371212645331826
0.7047293090800502
0.22679062388040824
0.5969990742706172
0.2656423374068013
0.396614564634011
0.45127535343647973
0.4904899722392999
0.11526417250967455
0.5582570687104926
0.4952259462310949
0.2253627557587191
0.0
0.2172361067583532
0.028086270364197745
0.41541841231540416
0.4351147016620311
0.4392148331907111
0.32448519515866997
0.5154357613550955
0.3875795342654799
0.4290120421519429
0.12290238033526006
0.2785286422745455
0.5741744066039011
0.12651796904058824
0.39610648912905344
0.15769362436280612
0.21819329275893207
0.4682212364103143
0.028086270364197745
0.48987098082623165
0.08801709662080431
0.31214262193566555
0.48435797722666124
0.4053633571534651
0.38464642792838316
0.17599308558773374
0.36960752580543554
0.36675176413372323
0.2183832208999446
0.13521667676741192
0.17894307446128177
0.04397026907666861
0.0
0.4861914825505535
0.5023054535110019
0.4160263307963795
0.4357192718664966
0.24732699293605298
0.15082354426813227
0.3799962922870699
0.5820354144302513
0.2905822646959572
0.2317273913900185
0.5212173185865094
0.3781213720197206
0.39208132113440447
0.030673695533955193
0.0697509652371095
0.6064323207688849
0.039252545349484615
0.1977677846242244
0.0
0.3405832279184986
0.2749492762312328
0.16746087705072807
0.5084842380842804
0.3998209229195448
0.0
0.46359781814726797
0.311739743921188
0.42222713337753376
0.37049216396425527
0.22904309904197245
0.15754453938156351
0.30029157571194515
0.31289386454176116
0.2311909353762217
0.5344747382561844
0.12184698724109509
0.40156989509594443
0.05795991138419441
0.43499178507570113
0.21550902881150233
0.0626534098895337
0.3169428404834906
0.32909997211992625
0.10778915486707714
0.09103331541978342
0.24024751133091418
0.11648630326193583
0.12882965271698638
0.3826221304257293
0.0
0.4268588198865663
0.08097835889064542
0.04257155751682832
0.5553619084029108
0.474539718198444
0.08436357232797329
0.22069374147516724
0.29624808159595994
0.25585541771342263
0.1323245269503623
0.23230604207954392
0.47821175373067326
0.643364657214949
0.05632301874902508
0.10211765834355925
0.35492206875486987
0.25741476073254077
0.0712825583474442
0.13857282737355667
0.19687921585267357
0.41789020485212985
0.2892783747231017
0.13565197169348978
0.4220138430687588
0.0
0.3029889452331386
0.27655686305802313
0.31988343768937094
0.0
0.0
0.3824986551094519
0.2875875902913405
0.4464076333060769
0.19946372349937894
0.34462711242450905
0.5810933866972111
0.4520060518224356
0.13061971926242044
0.23788889209115785
0.3290149192503664
0.2172279319378164
0.13055701216987003
0.2117418762348395
0.6556516333304558
0.23350474276968566
0.028086270364197745
0.3239456301529314
0.33364216904570776
0.278688937753121
0.24143053095380462
0.44591478929673967
0.41628743021249565
0.06943122255386133
0.15687605895693518
0.3634452024111414
0.08797117963759472
0.23542583928084998
0.2760100965942659
0.23160427423282867
0.32176579662678206
0.17048886182415685
0.44401950881460406
0.20726054578711203
0.5610280350013591
0.38404938988211756
0.2651521215320139
0.2701413645080307
0.0
0.38542583072568865
0.3187081081448231
0.2261644574474441
0.6634176998058272
0.6109847490650697
0.5244675029378468
0.27773110876423124
0.36026073460731156
0.0
0.1746055392633003
0.19916808284829324
0.47128589846464786
0.28286311644990186
0.43227966760859
0.45433405376030883
0.18315274710989501
0.5477372258171763
0.35699313019612117
0.3425524306061157
0.4732522488127847
0.23190563698622207
0.40602893189005107
0.39349873909032024
0.32679344206045985
0.47667154922406096
0.15522101399998764
0.39362911453692495
0.3426868809930952
0.3545429283185489
0.20817851474547577
0.13514205861297784
0.21437825815681197
0.36623968710299143
0.27673997716812004
0.16105419416920738
0.23117450149636312
0.21720964705979706
0.0
0.30236714251400604
0.335887686290956
0.22548599488633006
0.415005222387109
0.6568512995178402
0.3660442138697054
0.034715611276930666
0.1725921536074499
0.34196017022685576
0.25292428952706647
0.26237436625798083
0.22847889026483642
0.05772995757298099
0.33024464833079814
0.3451783296766208
0.473140334962967
0.4040225256265444
0.47575020393435286
0.3793670945263047
0.619853622897888
0.5731480768303618
0.0
0.33002366294845487
0.39144800087627457
0.25503740027827704
0.3390247306847515
0.0
0.3699693528987632
0.12741008570755583
