0.3213051487322551
0.2146456234956984
0.3750579781209817
0.3867788324306159
0.25143829789579086
0.25
0.4557313789941945
0.18579812842859253
0.2825115601713122
0.5771806333529796
0.4522720624042188
0.09665153377133946
0.0664200440403919
0.3254960849000229
0.1693063753838124
0.29732162113060584
0.1901703421321778
0.17767263989610935
0.13745567838964187
0.3124164829772125
0.0
0.5773584096658019
0.34519134154579534
0.1312050740316724
0.13863671483513756
0.38404287582189184
0.09541068400339763
0.19164859969507808
0.11853545962682505
0.04536347246128633
0.346075261171168
0.0
0.20266804436824626
0.6323625960547532
0.2567089480971805
0.0507852545808394
0.4895527893621711
0.0
0.0
0.06331583805314618
0.4899486382843449
0.21186079295967505
0.2915687807304174
0.4304527582685128
0.4479189107480699
0.2954565146302977
0.4566005462719583
0.16870765959710948
0.39537756675184965
0.26481736204562983
0.3052621355817849
0.0
0.6280833743956392
0.0
0.5981104220359033
0.09147995393492454
0.32740432922710233
0.2557324574847802
0.0
0.3484497250850548
0.43774983044960025
0.20238342934299816
0.5
0.6671111741621192
0.0
0.6686770465562425
0.0
0.30896839376361235
0.1842296482194776
0.6462405617005282
0.3591382826109326
0.1018366782371015
0.4021659359040855
0.5290351690410171
0.0724961466095626
0.22342676530440453
0.31309032360524613
0.31406287842579717
0.19998926467616007
0.0
0.19173169458458042
0.0846531876919062
0.29790235373920604
0.10918487359727684
0.3812509935929729
0.3736991502264533
0.23121674196226258
0.3842665634273366
0.25615184136117286
0.14087583109978122
0.3598737473456776
0.0656025370158362
0.417410012121225
0.0
0.3547129550357135
0.24562984859219905
0.23647224715404974
0.5549567803923457
0.0
0.5952372611070958
0.21398626751412297
0.6159571241781081
0.22342676530440453
0.12994589899212675
0.413054740288622
0.0
0.0
0.30284669551682153
0.3106940293748266
0.0656025370158362
0.10699313375706149
0.07084208386587054
0.0
0.20238136944645208
0.12363115879223509
0.38404287582189184
0.44990982438104515
0.2485671498444239
0.34519134154579534
0.12363115879223509
0.26804241418474123
0.3496074125148968
0.0
0.4412798278025548
0.4343974629841638
0.05538418418271965
0.37060156985532167
0.3671418327646293
0.09589488873410977
0.5634538798557499
0.12363115879223509
0.318531277808137
0.07303417781930135
0.0
0.160207764392298
0.4422186658810095
0.4226415903341982
0.3296697892945229
0.08479005046926699
0.339158356773089
0.1846774960753977
0.16958010093853398
0.40852004606507547
0.3190900384327302
0.0
0.5832435257538909
0.40777830872726784
0.1449922932191252
0.0656025370158362
0.23647224715404974
0.16397610054448714
0.4619751261731675
0.21599512450093938
0.48288152594264155
0.3687953852747385
0.1475706286678421
0.09110532172311228
0.21590275176620652
0.0
0.346075261171168
0.11450494890617528
0.5535123392842006
0.3291674325879772
0.11450494890617528
0.16958010093853398
0.17589431572708103
0.2964609431237059
0.15039258748510317
0.6839554003519643
0.10729564784826241
0.4343974629841638
0.4240967788035461
0.37381935278950773
0.5922216912727322
0.6179367875272247
0.42395025234633493
0.0
0.2866542613433749
0.42835043313745047
0.27657323469559547
0.2200667752774047
0.27082514915096356
0.2625228509626783
0.5186921064446107
0.30251580098726105
0.38356636845265696
0.045735257283120605
0.4014309980005516
0.1750207189309289
0.3496074125148968
0.42913509917686044
0.2656801761615676
0.04373502467722413
0.0
0.27090873018235895
0.05609067473291756
0.10699313375706149
0.0
0.37240775443590485
0.2366109894988346
0.5167900916257594
0.11047204601737919
0.3884173226337652
0.0
0.40689838855131516
0.24261427875783534
0.11934811234744726
0.2723874400652224
0.6258144632204429
0.3542174181731785
0.3179008393733192
0.0
0.40777830872726784
0.08479005046926699
0.32795220108897427
0.0
0.44390932526708243
0.5
0.4226415903341982
0.09147995393492454
0.5508310945315069
0.16958010093853398
0.31997268842363713
0.5433994537280417
0.255708665728105
0.33916020187706797
0.0
0.08478905367474866
0.5339589559377601
0.22642088543839464
0.44615333563412946
0.0
0.19650343312146926
0.07020838520507416
0.04374403946132689
0.3494173290451989
0.3014953674966741
0.47552282975681637
0.36619938009959135
0.09843703804143268
0.22094409203475837
0.19850779473727548
0.20238342934299816
0.0
0.6434808603837033
0.10699313375706149
0.30821681577367155
0.20600032475104516
0.0
0.12001820771757524
0.12157927336792393
0.0
0.23518263795437017
0.07616128774664462
0.26988186300694017
0.19687407608286536
0.0
0.19090696361593046
0.15717134381023956
0.7211093329405047
0.7840048754990606
0.0
0.1745983257880773
0.3960224360773022
0.5773584096658019
0.5264568335923001
0.07303417781930135
0.21398626751412297
0.3827747138681177
0.09545348180796523
0.4338579635514273
0.3559726372918401
0.04268581450187471
0.22144757177794067
0.04110957904407206
0.080103882196149
0.15039258748510317
0.0724961466095626
0.0
0.5
0.3820632124727753
0.3822984832549182
0.3160445996480357
0.4034540768807674
0.479808058053161
0.24261427875783534
0.5762525699994842
0.3812509935929729
0.1372057718493618
0.1328400880807838
0.525914309579429
0.04868945187953424
0.16958010093853398
0.0
0.19103160623638765
0.17360009926630587
0.23307160834326454
0.41520994953073304
0.0
0.0
0.23981247076184994
0.0
0.27958880452995916
0.4273013931298811
0.19687059695429796
0.16958010093853398
0.1052161521923789
0.5737518919936119
0.4116268962632602
0.33916020187706797
0.5656025370158362
0.3694940030452254
0.30155328435025985
0.12785545615088564
0.17640497356223986
0.24144076297132078
0.29125669072276233
0.3186640264115004
0.08479005046926699
0.4338579635514273
0.1724296155484907
0.3496074125148968
0.062444784893907486
0.3333333333333333
0.0
0.4343974629841638
0.5099971636676427
0.5176403666001456
0.0
0.16762553193052723
0.2506496922598695
0.0963777086259406
0.23905058260276665
0.0
0.27958880452995916
0.22137825086809174
0.1724296155484907
0.0
0.18363664972549204
0.18399995623138835
0.0
0.0
0.31997268842363713
0.0
0.3344624582251331
0.28736413046829273
0.38545845042720844
0.2899845864382504
0.346075261171168
0.0
0.4232139682134201
0.0
0.0656025370158362
0.37428085105210457
0.0
0.2074370781130327
0.33916020187706797
0.13863671483513756
0.19103160623638765
0.37428085105210457
0.3600546231527257
0.05911196349501846
0.33916020187706797
0.0
0.05609067473291756
0.17561949468384772
0.21565579450205796
0.20366130340075966
0.2558779363249828
0.5789329111987102
0.0
0.34096036130102475
0.3496074125148968
0.39211457418843043
0.362937444383726
0.0724961466095626
0.042238474161133924
0.24726231758447018
0.20108296795204275
0.0656025370158362
0.0724961466095626
0.6725956707728977
0.4372415785025207
0.21636952372273952
0.6150943935561322
0.2610646672630061
0.24787366386846088
0.0
0.08479005046926699
0.2261236592730728
0.0
0.16307153103427438
0.05609067473291756
0.05531083234156278
0.41109838151379235
0.25437015140780095
0.35026175152694644
0.0
0.20108296795204275
0.5656025370158362
0.23236619102505157
0.18773177434451704
0.3544290540520507
0.18098024452073252
0.13370295833299714
0.25
0.0
0.45487861631222976
0.3550077067808748
0.7208553896199018
0.0
0.3357845944478877
0.0
0.13826046897204672
0.15392473882883204
0.3124887829098938
0.0
0.49950115480939555
0.48197017397641123
0.43643629900014425
0.13443299115671373
0.8226170430458974
0.5434609775685455
0.136517681914755
0.062444784893907486
0.28543513610961296
0.0
0.23905058260276665
0.584790050469267
0.0
0.34217577171143165
0.12363115879223509
0.4736725966540929
0.2799332247225953
0.3496074125148968
0.0
0.4848453575359935
0.2519268853230341
0.6307520979251234
0.12421371516500533
0.051389560138693814
0.20108296795204275
0.34529576773591497
0.4034540768807674
0.36136328516486244
0.03929283595255989
0.0
0.3378515398649312
0.11934811234744726
0.17767263989610935
0.33380012998311975
0.3135768506058269
0.21188269463562492
0.32597253773985774
0.23452575430277472
0.4164614819022497
0.24913276681763555
0.4294122498244366
0.30926425247586853
0.16866376243851905
0.4969844301656363
0.0
0.4729444943080995
0.4401335505548094
0.27727342967027513
0.0
0.16449021665436658
0.08479005046926699
0.1585060812677534
0.16958010093853398
0.34877772802350887
0.2669590046976025
0.3098450011671036
0.21167089265443892
0.2573857212421647
0.7214091140302603
0.3905229315874297
0.0481888543129703
0.490516822843938
0.18428980175601992
0.5661420364485726
0.24261427875783534
0.28175166219956244
0.25356298741668526
0.16958010093853398
0.19005120283262697
0.0481888543129703
0.0
0.0
0.13224046331950357
0.1312050740316724
0.0481888543129703
0.4269658221806986
0.23644785398007384
0.11853545962682505
0.4021921660603315
0.3310742300675344
0.12001820771757524
0.413054740288622
0.062444784893907486
0.23819820778873388
0.33916020187706797
0.20748825707202348
0.12421371516500533
0.0
0.0
0.0
0.0
0.30392770045487405
0.2532633522125847
0.0
0.24271250933688274
0.5
0.1460683556386027
0.3781293708255031
0.36814933651638526
0.21636952372273952
0.38356636845265696
0.3960224360773022
0.1449922932191252
0.23100347763493065
0.28172669022847735
0.488111378746671
0.2650761259304395
0.21398626751412297
0.0
0.33860223490422975
0.7861669914223108
0.16958010093853398
0.09404673578265882
0.11230365663070153
0.3903969859828818
0.5296347240912597
0.16958010093853398
0.46680234608441046
0.4534256398725126
0.32298825825800087
0.3014825874211036
0.13863671483513756
0.0664200440403919
0.7353449604906581
0.05392623411717354
0.3798950283188771
0.07668458273984416
0.4909652101488336
0.19178318422632848
0.4343974629841638
0.4604558550405418
0.32298825825800087
0.09589159211316424
0.16377731039591525
0.4365461201442501
0.2519641908093019
0.23719770674136365
0.0
0.37381935278950773
0.0724961466095626
0.0
0.04770534200169881
0.38356636845265696
0.3976972820794884
0.10353276752934305
0.0
0.3503478213165062
0.15039258748510317
0.07459099483797868
0.11759131897718508
0.5649789459387297
0.41520994953073304
0.27958880452995916
0.11218134946583512
0.13826046897204672
0.3180101306938991
0.47312410091906626
0.060224443140051064
0.18002731157636284
0.0
0.27398742425639483
0.5759032211964539
0.0
0.35178863145416206
0.5127610625947535
0.47920268335333477
0.3267334029842151
0.18641356915614876
0.2025950559514474
0.10699313375706149
0.19005120283262697
0.3550077067808748
0.28700876849686524
0.0
0.0
0.0
0.1475706286678421
0.0
0.20366130340075966
0.1846774960753977
0.0724961466095626
0.41745249167478227
0.5535123392842006
0.2959909948945172
0.3014953674966741
0.0
0.16615255254815894
0.4910653185789646
0.07020838520507416
0.1159310156285401
0.4683564189219239
0.3592503671504065
0.26820636796417346
0.3531059448888912
0.4690566138966036
0.0
0.0
0.08079700974212714
0.36136328516486244
0.6692300034511941
0.09404673578265882
0.07303417781930135
0.0
0.0
0.25437015140780095
0.19178318422632848
0.0
0.16397610054448714
0.1312050740316724
0.2200667752774047
0.5508310945315069
0.47458445273424654
0.44916890546849314
0.33321648400475934
0.24673664778741525
0.0
0.5316435810780761
0.0
0.22699933196090363
0.0
0.21001541356174958
0.20315902280419013
0.19005120283262697
0.46282801188418304
0.681468722191863
0.2287210710859631
0.16958010093853398
0.10918487359727684
0.5953379108286256
0.7618017922112661
0.19330306754267892
0.24583352344729684
0.2370709192536501
0.5240091549905846
0.08479005046926699
0.10699313375706149
0.22131020891737996
0.330419899061466
0.7100154135617496
0.1571852787907447
0.4700768588523939
0.24913276681763555
0.04555266086155614
0.3496074125148968
0.11853545962682505
0.0
0.27398742425639483
0.17259567077289767
0.0656025370158362
0.2541673290619819
0.26804241418474123
0.0
0.2994459369789954
0.6293610419722657
0.6987260550938896
0.0
0.47842946710635065
0.6887676143919648
0.466855638770791
0.20108296795204275
0.24165002724575516
0.3455104754435761
0.31154672921232923
0.13407733671589825
0.4754863389422399
0.3740247437990035
0.3351401479566068
0.45280612329183856
0.0481888543129703
0.1953510923920891
0.330419899061466
0.23035449210433662
0.2754563571054204
0.3114159585220444
0.7032348233575656
0.47579416607232083
0.22642088543839464
0.30101411574633763
0.09843703804143268
0.16174285250522355
0.40852004606507547
0.25717364268496035
0.3142479925041918
0.2880248738268325
0.35467178097011076
0.0
0.13863671483513756
0.3530898160608398
0.15392473882883204
0.18221064344622456
0.7717742120913484
0.2989170320479572
0.4187930027982058
0.17124252860931816
0.5535123392842006
0.4841711962438325
0.6992148250297936
0.241019066334632
0.2611321361538678
0.2370709192536501
0.30499570104129164
0.3842665634273366
0.6186267698628609
0.4187968128254156
0.0
0.22460731326140307
0.31309032360524613
0.06931835741756878
0.18116897322498746
0.16958010093853398
0.178214207332949
0.0
0.38930028797387295
0.19266673841495002
0.5840069276679863
0.15561619280401762
0.45102050151823037
0.0
0.3993294315925886
0.0
0.19103160623638765
0.1829599078698491
0.14652668823729367
0.2894664555993551
0.24673532498154988
0.31123238560803523
0.0
0.535389279202007
0.09840380552375429
0.45653902243145444
0.12982391774855834
0.5963079749640303
0.2672756125319865
0.5614505144742877
0.0
0.24261427875783534
0.108600674890537
0.0
0.08479005046926699
0.5191875134534308
0.3277254062130079
0.19366182191954467
0.36801155824457615
0.105582878265306
0.0
0.16375323239479936
0.26156323655155655
0.15039258748510317
0.1460683556386027
0.24540469276375657
0.3252535289365844
0.0
0.08447694832226785
0.4826235792318316
0.0
0.08405538098616709
0.10907459423739019
0.3188310267750125
0.0
0.4338542038271214
0.5519887819613489
0.0
0.08381276596526362
0.21001541356174958
0.7091127596825484
0.4235190774418986
0.5508310945315069
0.3078608070117127
0.20315902280419013
0.33916020187706797
0.22342676530440453
0.09074302299417096
0.3602829857830332
0.5750744820582795
0.21599512450093938
0.23725353972572183
0.5049238141614432
0.13863671483513756
0.2370709192536501
0.24168796281126148
0.15392473882883204
0.17259567077289767
0.39739237045153003
0.23518263795437017
0.4810161926746381
0.2450201767671852
0.2562429788285746
0.5585104992715821
0.12550727132619754
0.08917827636631903
0.36248073304781303
0.062444784893907486
0.30651771206561956
0.5814285922192695
0.21001541356174958
0.1328400880807838
0.304395858353518
0.0
0.38557522543947337
0.21398626751412297
0.14858638122922851
0.44390932526708243
0.0
0.1410238807171068
0.754370151407801
0.40979270772045434
0.33916020187706797
0.2308584061078697
0.4709397944494895
0.0
0.0
0.12663167610629236
0.12663167610629236
0.0
0.26481736204562983
0.07020838520507416
0.4528417708767893
0.0
0.20132476391446083
0.1365630608520373
0.178214207332949
0.16958010093853398
0.45280612329183856
0.11002823998323732
0.10699313375706149
0.0
0.09147995393492454
0.08479005046926699
0.0
0.0
0.0
0.23518263795437017
0.0
0.06228319170440889
0.7264208854383947
0.2723874400652224
0.0
0.4488846877288195
0.0656025370158362
0.2846438814537991
0.4021659359040855
0.10699313375706149
0.44685353060880906
0.5574853626193564
0.11822392699003692
0.4739804651198395
0.22709666614483662
0.4513233147414502
0.27657323469559547
0.31154672921232923
0.2366109894988346
0.23647224715404974
0.2817610602227988
0.12858682134248017
0.3550077067808748
0.4021659359040855
0.4030203261638244
0.10352511569625045
0.5154716930516982
0.35678846790883517
0.0
0.41132576502753027
0.0724961466095626
0.0
0.4269658221806986
0.7087433092772377
0.590933705098152
0.0
0.0
0.35678846790883517
0.0640838577897021
0.15392473882883204
0.754370151407801
0.6514215809056265
0.07303417781930135
0.2212162485439435
0.49209045523119027
0.48359452812335496
0.2656801761615676
0.07303417781930135
0.0
0.3856298436560312
0.6069931337570614
0.1015705091616788
0.3156484565771367
0.5130076681216776
0.0640838577897021
0.5724961466095626
0.12785545615088564
0.7227265703297249
0.2861778937372444
0.32468690265964195
0.509483177156062
0.4661432166865291
0.05050237483100388
0.5922216912727322
0.4534256398725126
0.19103160623638765
0.0
0.14087583109978122
0.0
0.465130863897488
0.40906629490184804
0.41109838151379235
0.24726231758447018
0.584790050469267
0.3598737473456776
0.3812509935929729
0.11787850785767966
0.30440551523675213
0.7227265703297249
0.09147995393492454
0.35123898936769543
0.1519897991579908
0.21840849383071256
0.41109838151379235
0.0
0.5191875134534308
0.11708828877120782
0.2735791145616054
0.4211497432294475
0.3820227852128676
0.2888656703323021
0.2171987314920819
0.2952424280745283
0.35262298234926054
0.10583544632721946
0.0
0.09242447655675837
0.0656025370158362
0.0
0.5773584096658019
0.5074316408034651
0.5255527382303741
0.35564970347455277
0.3078608070117127
0.09586584729229021
0.29390281015181535
0.6897769549651137
0.22104854232713955
0.24962455560764382
0.42316941393235225
0.45017333396190135
0.5531464693911909
0.04374403946132689
0.09404673578265882
0.5264568335923001
0.0
0.25307766306048907
0.0
0.26352775284595026
0.2590219570278462
0.16167742695436735
0.637662053550025
0.2435809075732329
0.0
0.3806690984746248
0.19005120283262697
0.2888656703323021
0.36801155824457615
0.17159048082810976
0.1846774960753977
0.26401495738486813
0.35614572114889825
0.19790598778442828
0.5531464693911909
0.0724961466095626
0.4548235422004414
0.07616128774664462
0.39451332387931065
0.19005120283262697
0.08447694832226785
0.30338371209971066
0.33916020187706797
0.0
0.0481888543129703
0.2982729615596163
0.0656025370158362
0.1312050740316724
0.4185714077807306
0.0
0.3812509935929729
0.10918487359727684
0.0656025370158362
0.6724935352104012
0.3179008393733192
0.0
0.15150712449301162
0.11853545962682505
0.14662464316471235
0.13929544298486982
0.2532633522125847
0.48445522496629234
0.6559651460960286
0.0
0.05911196349501846
0.2376953833601164
0.12456638340881777
0.05721111475184319
0.08629783538644883
0.25437015140780095
0.4269658221806986
0.15979138807603727
0.0
0.4343974629841638
0.0
0.33916020187706797
0.3059409045623101
0.3668856640517029
0.0
0.0
0.44350391272802236
0.24726231758447018
0.38358834043666395
0.05652670031284466
0.321741720606818
0.7411665151038075
0.32740432922710233
0.0
0.16958010093853398
0.346075261171168
0.10918487359727684
0.0
0.27727342967027513
0.6840668911318439
0.1745983257880773
0.0
0.10484722077813907
0.3771850757039005
0.20172936805244185
0.1960998032038451
0.45133050175223377
0.4528847258702257
0.0
0.12003393807384326
0.2676573248081239
0.07303417781930135
0.04373502467722413
0.2409231055045357
0.16397610054448714
0.3600546231527257
0.2074370781130327
0.3820227852128676
0.13777597395434457
0.4464876607157993
0.3820632124727753
0.17589431572708103
0.2304124284047609
0.0
0.4487016929210052
0.29688648533536155
0.2888656703323021
0.649030554945263
0.7765732346955955
0.5132429128253659
0.3602133389997429
0.33916020187706797
0.0
0.10699313375706149
0.19455212247092984
0.6261806472104923
0.3552609979545989
0.4103283700099425
0.5186309652432683
0.2117967666873405
0.6096731697040356
0.3321818203665736
0.1842296482194776
0.5191875134534308
0.07303417781930135
0.4488846877288195
0.38146454037317495
0.4406226694711661
0.48635262619593383
0.1410238807171068
0.4411288532202601
0.354112974911464
0.38482688171160123
0.16684095374939661
0.19241344085580062
0.051389560138693814
0.40777830872726784
0.20609718984818465
0.04089990938239698
0.16395918427315753
0.18659188624265124
0.0
0.21748843982868782
0.2666212606496537
0.20814879851473395
0.4772674090398262
0.6101399663538221
0.2649176694194416
0.0
0.11853545962682505
0.26481736204562983
0.2698418259286028
0.2308584061078697
0.1312050740316724
0.07859263939537235
0.30851039418893567
0.3406679867942498
0.4586094032587747
0.4067040568786744
0.39768267782810257
0.2825115601713122
0.6279142251169761
0.6101399663538221
0.0
0.21748843982868782
0.4004483476985369
0.15576349726635794
0.36136328516486244
0.0
0.3776884321276741
0.1244870147171648
