0.1848293422361842
0.07168274097975576
0.2091905908914304
0.19358374248204901
0.2873629150257103
0.06666666666666667
0.3208175948300491
0.21793293342326475
0.15168562829050197
0.47025043943391
0.3117612128434719
0.04282096286909477
0.032532816709728546
0.16036523004838163
0.06413692850114862
0.19499303244826025
0.07192639664252896
0.06803970088623522
0.04315138623537275
0.23037087984360544
0.0
0.48516733143393664
0.34519134154579534
0.1312050740316724
0.09242447655675837
0.2553169121801642
0.05092927678885783
0.06588353990045252
0.06364385817449529
0.016554033253076927
0.2636631593963913
0.0
0.09454246225867186
0.6844508677086196
0.09135246021540781
0.01745857967057873
0.4394219268671367
0.0
0.0
0.023986133199743572
0.29659014097520414
0.18409660348047016
0.1824879670241671
0.34545668487730374
0.20255696073792115
0.20017094920399625
0.37572912001934655
0.0931701906328473
0.1476140784615921
0.1765449080304199
0.09693606392534382
0.0
0.509171657759625
0.0
0.5368155259396742
0.049117261892542806
0.2182695528180682
0.08791381514577273
0.0
0.32439546151258153
0.24555557340784007
0.10914224619415824
0.3463081694078213
0.5530578414050317
0.0
0.5531464376239399
0.0
0.1658907865629344
0.09023645594659967
0.4181912182457284
0.17885031404695276
0.04706804291719221
0.32389537950760744
0.4110149450740197
0.03892450822346386
0.14895117686960302
0.12036718425414503
0.1467204300130417
0.07833982670862567
0.0
0.10495006253756041
0.026326534201568014
0.1915086559752039
0.08051116623719293
0.3028567809415162
0.4030146296280816
0.0815860839475462
0.3486021855083161
0.1571271941417349
0.06511160594576311
0.28410533321945747
0.04373502467722413
0.32637074049231957
0.0
0.15443718184835578
0.16375323239479936
0.1658907865629344
0.2787514265095359
0.0
0.5168430484556391
0.21398626751412297
0.4810199284234445
0.14895117686960302
0.05319702678267979
0.23471819194035126
0.0
0.0
0.22331427279087393
0.15402149196615464
0.04373502467722413
0.07132875583804099
0.038417871212518294
0.0
0.07657904531085842
0.060555061152220785
0.2942414204036281
0.4806302564633422
0.13582855184930276
0.34519134154579534
0.060555061152220785
0.1638211176600011
0.23307160834326454
0.0
0.2733910464961889
0.2895983086561092
0.01970901879197208
0.16689152497757065
0.17676891209640522
0.034646827384729136
0.3448347945863238
0.060555061152220785
0.18496486218592556
0.04868945187953424
0.0
0.19077755165495494
0.213762421643885
0.3869772124151777
0.20712185483721585
0.05652670031284466
0.37042687220253984
0.1292728383902881
0.16958010093853398
0.2971909075152785
0.14748069048788456
0.0
0.6080650669995424
0.3155872304954027
0.07784901644692772
0.04373502467722413
0.1658907865629344
0.08804177011600667
0.22494142754263172
0.18773177434451704
0.3547761011672757
0.1791574922805288
0.07923337194815089
0.026534593604389003
0.20018275430807286
0.0
0.2247386511729274
0.07816593393738018
0.4139644321856701
0.11721138470201369
0.07816593393738018
0.11305340062568932
0.06418733385232443
0.2463300806286715
0.10026172499006879
0.5712529747646323
0.07438669807147222
0.2895983086561092
0.24877622958269657
0.29294792653689594
0.5565573133537116
0.4976723596888032
0.3956869021899126
0.0
0.1721648750822743
0.24538379549888498
0.24090885677657498
0.11815788017161476
0.09455281965243068
0.10204479026521815
0.34429402955320043
0.15842540138405756
0.38356636845265696
0.020262769534131753
0.3253281244369318
0.08572588367936336
0.2895983086561092
0.20521954880086882
0.16266408354864273
0.018743582004524625
0.0
0.2010757919035876
0.030116110055608086
0.07132875583804099
0.0
0.22965248872454797
0.0863440555956081
0.3327543317672522
0.05105923615251682
0.3426593633347463
0.0
0.17205094935716667
0.16174285250522355
0.04355249969405847
0.10293512403211467
0.5113250769593423
0.36287538260713803
0.2198040420199795
0.0
0.3155872304954027
0.05652670031284466
0.26412531034802
0.0
0.31619205935221323
0.3333333333333333
0.3869772124151777
0.049117261892542806
0.4724368818800501
0.11305340062568932
0.2133151256157581
0.5190547277882746
0.13066269788974696
0.2826335015642233
0.0
0.0597305886626858
0.4273013931298811
0.12156951823489388
0.3539622574022643
0.0
0.05240091549905847
0.04792722106960394
0.015038002750047305
0.25797369059879793
0.21099564385212372
0.49071046797379936
0.24998322628158925
0.06934506252399683
0.12439094919840177
0.10352707473652248
0.10914224619415824
0.0
0.44422185374366985
0.07132875583804099
0.2054778771824477
0.07192061599740994
0.0
0.05143637473610367
0.03371707223883758
0.0
0.15678842530291345
0.05365266332451218
0.17843226080358937
0.20803518757199052
0.0
0.07421337051777716
0.20261701333074483
0.47584161442925665
0.7557415253426383
0.0
0.12299772584850902
0.30774998206209225
0.5416940317467813
0.39943783590371756
0.04868945187953424
0.21398626751412297
0.20992504108157245
0.04452802231066629
0.26647403091959604
0.18312916848423474
0.013400334492697636
0.09103160882447517
0.012784784226374787
0.03815551033099099
0.10026172499006879
0.03892450822346386
0.0
0.3333333333333333
0.2687805909704136
0.1750188160106016
0.18282221756802072
0.3176588364667125
0.30335697363588476
0.2182695528180682
0.41221256500359293
0.3028567809415162
0.14183938673892227
0.06506563341945709
0.3115713691195923
0.02086690794837182
0.11305340062568932
0.0
0.10256836639795916
0.1425104140942413
0.09988783214711337
0.3333333333333333
0.0
0.0
0.17376534617417208
0.0
0.2577212921913471
0.30540703563516214
0.1455592797358461
0.11305340062568932
0.04509263665387667
0.3944852958393393
0.3195563020692679
0.33916020187706797
0.4208033826877816
0.22937429602292045
0.11939489964495882
0.054795195493236706
0.2099203377476262
0.1182587003890919
0.18371059616323948
0.2611321361538678
0.05652670031284466
0.26647403091959604
0.07865588646968853
0.23307160834326454
0.03352774811888721
0.14285714285714285
0.0
0.2895983086561092
0.4210226123192492
0.3308629709978041
0.0
0.12315553501101871
0.12276927265632821
0.0668174306801044
0.1774678957332365
0.0
0.2577212921913471
0.10452593362716218
0.06020011949705001
0.0
0.08747079284612294
0.05391533124553702
0.0
0.0
0.2133151256157581
0.0
0.1638211176600011
0.17969369414933722
0.14211242423388068
0.23354704934078319
0.2636631593963913
0.0
0.1839947446442039
0.0
0.04373502467722413
0.24838996722800608
0.0
0.11137676456581494
0.33916020187706797
0.09242447655675837
0.10256836639795916
0.21585715051827753
0.3600546231527257
0.026189250135729033
0.33916020187706797
0.0
0.030116110055608086
0.066530472019064
0.11120483398610258
0.13946559205936707
0.07953945641589769
0.3585506043727383
0.0
0.1594341907439909
0.23307160834326454
0.24064960295610305
0.27782248617252425
0.03892450822346386
0.013613651539294131
0.18166518345666235
0.10796512650253581
0.04373502467722413
0.03892450822346386
0.5634608943638636
0.31484605282285655
0.14970050624920445
0.4261004389448569
0.12288606211580791
0.13680103701707222
0.0
0.05652670031284466
0.07804905245283943
0.0
0.08794194883039147
0.030116110055608086
0.015339122187439602
0.250842356625182
0.19219078106367182
0.15532755690755623
0.0
0.10796512650253581
0.4208033826877816
0.16908111174165574
0.15543080273717724
0.1915086559752039
0.1306993544122697
0.05923640516466531
0.06666666666666667
0.0
0.22721513017703698
0.19061013651396583
0.8310459203368109
0.0
0.13411194868274975
0.0
0.04299801418423654
0.08264501001143001
0.1596468664460261
0.0
0.47374334473573254
0.34304734243765034
0.316975648313362
0.050927662516577196
0.8343669303578104
0.4810199284234445
0.04029611971269761
0.03352774811888721
0.18085917424788983
0.0
0.1774678957332365
0.5029134342718673
0.0
0.22811718114095444
0.060555061152220785
0.369266628808059
0.1503012727892788
0.23307160834326454
0.0
0.2882541913537109
0.11161490543612337
0.5321641730810903
0.08750372843227683
0.02517082252714257
0.10796512650253581
0.15072890991604537
0.3176588364667125
0.24090885677657498
0.013507800888716323
0.0
0.2739238117894884
0.04355249969405847
0.06803970088623522
0.30149915837577995
0.201585118246603
0.07808303571789266
0.2474728790826613
0.12837466770464886
0.25717765103809004
0.1727205555548921
0.29756625635145445
0.24123079527611105
0.112013185891593
0.44437635406944687
0.0
0.3808988350184116
0.35447364051484426
0.27727342967027513
0.0
0.08920353008123685
0.05652670031284466
0.09522969478964352
0.16958010093853398
0.1489860745527897
0.13527790996163
0.1450873019912118
0.18980338031582686
0.17159048082810976
0.7510458081969471
0.3427114435656174
0.022272476893368132
0.31384186300215366
0.05731280653704108
0.4119371496236141
0.16174285250522355
0.16654805857814067
0.1757919707399477
0.16958010093853398
0.12562069457167788
0.022272476893368132
0.0
0.0
0.061120412710438506
0.1312050740316724
0.022272476893368132
0.2846438814537991
0.1571355008143742
0.06364385817449529
0.20225118243897133
0.1196441464119252
0.05143637473610367
0.23471819194035126
0.03352774811888721
0.20253382986971338
0.33916020187706797
0.10766712074967755
0.08750372843227683
0.0
0.0
0.0
0.0
0.11952002250719833
0.2020831070863588
0.0
0.11217964886295533
0.3333333333333333
0.1460683556386027
0.26215224851739377
0.25064283726060116
0.14970050624920445
0.3270396681398123
0.30774998206209225
0.11677352467039159
0.094286637334886
0.14527488068962136
0.40299642053546925
0.2422427992624918
0.21398626751412297
0.0
0.21191784840171815
0.6702445258923388
0.16958010093853398
0.06934854736921958
0.04254433881932042
0.2587285502434434
0.473108023778415
0.11305340062568932
0.25919286884813425
0.2473399076449397
0.25906053018255804
0.1057981789333128
0.09242447655675837
0.032532816709728546
0.6866602532383745
0.016867485859011558
0.3031246606295382
0.03611032392629155
0.3211288721799347
0.12785545615088564
0.2895983086561092
0.29175588045439577
0.25906053018255804
0.025571091230177128
0.05278616896214484
0.252645909100417
0.11894521052679637
0.23719770674136365
0.0
0.3494746268497406
0.03892450822346386
0.0
0.016976425596285944
0.3270396681398123
0.21889314973079047
0.04931528251513196
0.0
0.22174201890253153
0.10026172499006879
0.03304715502893627
0.03135768506058269
0.3772992855539885
0.2768066330204887
0.2577212921913471
0.09034833016682425
0.04299801418423654
0.14424033293937133
0.36186943983372205
0.018729369859849167
0.12001820771757524
0.0
0.12138871327628187
0.37231627399569267
0.0
0.1925620015569733
0.3659707047263131
0.4255479722129343
0.15275088175513896
0.07759168066151649
0.1702940843441076
0.07132875583804099
0.09308787786194933
0.22953464473742968
0.2412613911094551
0.0
0.0
0.0
0.07923337194815089
0.0
0.13946559205936707
0.1292728383902881
0.03892450822346386
0.29659014097520414
0.4139644321856701
0.2640010408492879
0.21099564385212372
0.0
0.13796313154380457
0.4103184738117319
0.04792722106960394
0.053582325282972756
0.38356636845265696
0.2011331621531056
0.13454939364604068
0.34030172855212887
0.40512888582116074
0.0
0.0
0.023532278657365395
0.24090885677657498
0.6086005609888593
0.06934854736921958
0.04868945187953424
0.0
0.0
0.16958010093853398
0.12785545615088564
0.0
0.08804177011600667
0.1312050740316724
0.11815788017161476
0.4724368818800501
0.21497654379348125
0.4273013931298811
0.3222417739595163
0.09347200133589761
0.0
0.44685353060880906
0.0
0.09282667848538168
0.0
0.1127611200670381
0.0938983652049118
0.09308787786194933
0.37185879971113955
0.5023978383113463
0.16688679234565118
0.16958010093853398
0.08051116623719293
0.36743249499596486
0.7261374142922457
0.1284628886072843
0.1419624279559036
0.1909315745234859
0.4579916717357573
0.05652670031284466
0.07132875583804099
0.1362323998096262
0.220279932707644
0.5329059013184336
0.10897454005984329
0.469832060308186
0.14393379629574343
0.013267296802194501
0.2895983086561092
0.06364385817449529
0.0
0.12138871327628187
0.11506378051526511
0.04373502467722413
0.15402149196615464
0.13128830095027255
0.0
0.1589034397787299
0.6205377804377235
0.7923954657255908
0.0
0.2875092083794776
0.6287585105331771
0.3962146388206675
0.10796512650253581
0.0981106640547572
0.21075122697584783
0.21639240395670037
0.05318095015388692
0.27394705210983916
0.30058452246913386
0.20853164761744425
0.31392468430646875
0.022272476893368132
0.06203378595879562
0.220279932707644
0.10205736803376007
0.18803819064428667
0.2015073148140408
0.5703970776223806
0.32217324349294646
0.12156951823489388
0.20063104591257733
0.02905580151557072
0.09354409406488638
0.2971909075152785
0.20712185483721585
0.25695557822415244
0.10955727949944855
0.36664950190020645
0.0
0.09242447655675837
0.20276058161932073
0.08264501001143001
0.079603780813167
0.8348953417194382
0.16049402645835775
0.24667775490047966
0.07586811789803105
0.4139644321856701
0.4540738657805984
0.642688124716949
0.07114194303509659
0.1953814044308592
0.1909315745234859
0.140966408122104
0.3486021855083161
0.40209485157781255
0.19849773233899623
0.0
0.1792179695232196
0.1090618441915761
0.018484895311351675
0.06863279800210106
0.11305340062568932
0.08236908454212144
0.0
0.21380833177371086
0.13152248606489098
0.5736769159947495
0.05024465634984952
0.39065388056034617
0.0
0.4444040776044613
0.0
0.10256836639795916
0.14735178567762844
0.08006893864697195
0.12824661816948912
0.1338052951218553
0.25122328174924763
0.0
0.4144265831372988
0.06122903454811378
0.2942414204036281
0.03614220281818707
0.4766184208215061
0.14954380005179013
0.3868376126746849
0.0
0.16174285250522355
0.05319306696963481
0.0
0.05652670031284466
0.4026517092817985
0.20904540224150653
0.142803106553681
0.16358057299783876
0.03868599811370696
0.0
0.0701799567406283
0.11005633316477408
0.10026172499006879
0.1460683556386027
0.18087953379651564
0.1593105453927648
0.0
0.06229194031648807
0.3615207012145738
0.0
0.029501206901572284
0.06198159480784177
0.12078373613277084
0.0
0.29822949604176296
0.4199181314430579
0.0
0.0410518450036729
0.1127611200670381
0.5716313350531084
0.25019357515076046
0.5289635821928947
0.15079151709882044
0.0938983652049118
0.33916020187706797
0.14895117686960302
0.06194503563730257
0.15409785638757337
0.38800138863373146
0.18773177434451704
0.13192903662586752
0.2899346978526655
0.09242447655675837
0.1909315745234859
0.12287982200918032
0.08264501001143001
0.11506378051526511
0.30337783122645035
0.15678842530291345
0.3361154157387423
0.08554356439091403
0.11294511580730078
0.5589941459601195
0.05560534836389929
0.04247787437896034
0.27247155756424707
0.03352774811888721
0.14028955415750893
0.3948246647602897
0.1127611200670381
0.06506563341945709
0.12217024933553274
0.0
0.30078517497020635
0.21398626751412297
0.05654335539564311
0.31619205935221323
0.0
0.06907408944616514
0.6724935352104012
0.23486646729562516
0.2826335015642233
0.2025950559514474
0.42059301737725213
0.0
0.0
0.1010415535431794
0.1010415535431794
0.0
0.1765449080304199
0.04792722106960394
0.3257840464812178
0.0
0.07164344142343573
0.042470132433485644
0.08236908454212144
0.11305340062568932
0.31392468430646875
0.04874744347069205
0.07132875583804099
0.0
0.049117261892542806
0.05652670031284466
0.0
0.0
0.0
0.2133151256157581
0.0
0.028786759259148684
0.5505226976541452
0.11937355153715866
0.0
0.24788785098747781
0.04373502467722413
0.12199023490877103
0.32389537950760744
0.07132875583804099
0.44685353060880906
0.4103184738117319
0.052378500271458066
0.28215540925010135
0.1567761652618495
0.4094704647693012
0.1843821564637303
0.21639240395670037
0.1077398335463829
0.12696627833947052
0.16584737674936187
0.06904061827907194
0.22953464473742968
0.28497087128414356
0.1861145452900892
0.03921873722219077
0.40044235069124423
0.1831355364206522
0.0
0.20047046642613647
0.03892450822346386
0.0
0.2846438814537991
0.632578807673521
0.38704026236086464
0.0
0.0
0.15914940322090862
0.02203027524532022
0.08264501001143001
0.6724935352104012
0.553728316526036
0.04868945187953424
0.06879666663505365
0.33126442899201974
0.2897668648486459
0.19519690025837128
0.04868945187953424
0.0
0.23008771576545398
0.4759908450094153
0.05237573901173619
0.3156484565771367
0.40149307225270014
0.02203027524532022
0.38523267763128516
0.054795195493236706
0.7227265703297249
0.11583870199165729
0.18527827683237907
0.33978345728596415
0.2996634964413401
0.01842932092610988
0.500030613040867
0.2473399076449397
0.10256836639795916
0.0
0.06511160594576311
0.0
0.2168466870687754
0.27394705210983916
0.250842356625182
0.1491323667469338
0.4463867339590227
0.1596468868463552
0.3028567809415162
0.09455460622101426
0.27281478470237314
0.7227265703297249
0.049117261892542806
0.19959141605719197
0.05491392091050475
0.22510787533846538
0.2897668648486459
0.0
0.4591784095946432
0.03718141401193873
0.14688963472599967
0.25623911672975863
0.18459095875388648
0.1886250144726683
0.057919661731221844
0.1077398335463829
0.3064107440708813
0.03796067606316537
0.0
0.03961048995289644
0.04373502467722413
0.0
0.48516733143393664
0.3869772124151777
0.3284835407172639
0.13106407083984803
0.15079151709882044
0.034983354179186806
0.11269217887277272
0.6391700300994391
0.09707181221499532
0.15028940085829218
0.2205301783630907
0.2531397079724795
0.5531464693911909
0.015038002750047305
0.06934854736921958
0.39943783590371756
0.0
0.09449690449332643
0.0
0.1804173828448869
0.1560425829770355
0.05134070547159218
0.5088013244975679
0.08883193441559566
0.0
0.25031997362979
0.12562069457167788
0.1886250144726683
0.2334148916801537
0.07353877749776133
0.1292728383902881
0.1318928494551824
0.2626161153590331
0.06803465855466258
0.43201782586366666
0.03892450822346386
0.2500344010559016
0.05365266332451218
0.17980957045131313
0.09308787786194933
0.06229194031648807
0.22067261953714878
0.2826335015642233
0.0
0.022272476893368132
0.10215013654103554
0.04373502467722413
0.1312050740316724
0.3025876676198551
0.0
0.3028567809415162
0.08051116623719293
0.04373502467722413
0.5789202595562302
0.2198040420199795
0.0
0.12900524648276915
0.06364385817449529
0.05119086423553336
0.04863203044563698
0.2020831070863588
0.43297901073450856
0.4366098087705292
0.0
0.026189250135729033
0.18214402082793116
0.05757351851829737
0.02802224444249224
0.023012756103053023
0.16958010093853398
0.2846438814537991
0.1275002478879895
0.0
0.2895983086561092
0.0
0.33916020187706797
0.2937382861632453
0.22075398514020433
0.0
0.0
0.3219921946593637
0.18166518345666235
0.24240286075448156
0.024225728705504854
0.12974400441675574
0.5992752192071246
0.2182695528180682
0.0
0.16958010093853398
0.2247386511729274
0.03519077930809656
0.0
0.27727342967027513
0.6256800665232003
0.12299772584850902
0.0
0.04645201966986079
0.1910254073549249
0.06405920891525584
0.13724806044409843
0.2697215159087616
0.4020512637640086
0.0
0.03496010666867355
0.16003377621236012
0.04868945187953424
0.018743582004524625
0.07728477899747777
0.08804177011600667
0.3600546231527257
0.11137676456581494
0.18459095875388648
0.10159378288464728
0.2888446602990514
0.2687805909704136
0.06418733385232443
0.12425785089611295
0.0
0.5048821632722905
0.17967203350738756
0.1886250144726683
0.502849284537534
0.702097646260794
0.4646569528509152
0.16803564722603662
0.33916020187706797
0.0
0.07132875583804099
0.07593936432951875
0.6018359212707252
0.24303429855265835
0.20068649186970738
0.4654800218415253
0.17488654176785856
0.5773721980966958
0.17676912074947515
0.09023645594659967
0.4026517092817985
0.04868945187953424
0.24788785098747781
0.28266431123332597
0.4054192219127141
0.4009856668376996
0.06907408944616514
0.3135091852060536
0.20927443388808842
0.28273473591992315
0.06320487042193434
0.09424491197330771
0.02517082252714257
0.37211393080824734
0.06626459068875151
0.014279330290256315
0.09883051994131885
0.11656431258510062
0.0
0.11677352467039159
0.11384943361155521
0.09104826834328607
0.4898082454173292
0.38011997116041885
0.12155964856883231
0.0
0.06364385817449529
0.1765449080304199
0.16409795423755374
0.2025950559514474
0.1312050740316724
0.03632484668661443
0.15537313414563042
0.21520353716672486
0.3494746268497406
0.23173817299480787
0.3352774208977082
0.15168562829050197
0.5514182727913757
0.38011997116041885
0.0
0.27247155756424707
0.26412531034802
0.06901021300482381
0.24090885677657498
0.0
0.2576401780777366
0.045427787367091424
