0.08889260667479645
0.08670193673034542
0.12582342067152646
0.47580183970256895
0.6333566938368181
0.6736821832048596
0.6886318375041287
0.6987387430300185
0.7040768453966065
0.7075552287213814
0.7094909413057778
0.7113778618173883
0.7120457657639688
0.7124908714939256
0.7130065328416579
0.7140943281270746
0.7155564519858901
0.715799346344854
0.7151657466323806
0.7163919759627244
0.7159221580974444
0.7174046033097321
0.7170288185778589
0.7177172329563344
0.7172671991813184
0.7179014918572539
0.7182979143726627
0.7177658290818568
0.7172874422820156
0.718674583316165
0.7185080583455095
0.7178396581153093
0.7190591858260831
0.7185985539861705
0.7181117811824707
0.7177993414931076
0.7188949237404476
0.7182851858706679
0.7192988915833317
0.7191448622436244
0.7189259397398969
0.7189242818793256
0.7187132118124194
0.7192561687208108
0.7205136148613308
0.720451410757481
0.7204890794571088
0.7208401542991857
0.7213438587371235
0.721381251006523
