0.6736821832048596
0.6711821832048597
0.6708821832048596
0.6886318375041287
0.6891318375041287
0.6987387430300185
0.7007387430300185
0.6991387430300184
0.7040768453966065
0.7058268453966066
0.7075552287213814
0.7085552287213814
0.7094909413057778
0.7102409413057779
0.7078909413057778
0.7113778618173883
0.7113778618173883
0.7120457657639688
0.7097957657639689
0.7140457657639688
0.7124908714939256
0.7114908714939256
0.7130065328416579
0.7110065328416579
0.7140943281270746
0.7123443281270746
0.7100943281270746
0.7155564519858901
0.7140564519858902
0.715799346344854
0.716549346344854
0.7151657466323806
0.7126657466323807
0.7163919759627244
0.7161419759627244
0.7159221580974444
0.7139221580974444
0.7174046033097321
0.7169046033097322
0.7170288185778589
0.7162788185778589
0.7177172329563344
0.7182172329563343
0.7169172329563344
0.7172671991813184
0.7165171991813184
0.7179014918572539
0.715401491857254
0.7182979143726627
0.7172979143726627
0.7177658290818568
0.7177658290818568
0.7172874422820156
0.7170374422820156
0.718674583316165
0.719424583316165
0.7178745833161649
0.7185080583455095
0.7197580583455094
0.7178396581153093
0.7195896581153093
0.7138396581153093
0.7190591858260831
0.7175591858260831
0.7185985539861705
0.7168485539861704
0.7181117811824707
0.7188617811824707
0.7173117811824706
0.7177993414931076
0.7195493414931077
0.7188949237404476
0.7183949237404477
0.7182851858706679
0.7197851858706679
0.7192988915833317
0.7207988915833317
0.7191448622436244
0.7168948622436244
0.7189259397398969
0.7171759397398969
0.7189242818793256
0.7204242818793255
0.7187132118124194
0.7167132118124194
0.7192561687208108
0.7217561687208107
0.7180561687208108
0.7205136148613308
0.7190136148613309
0.720451410757481
0.721701410757481
0.7204890794571088
0.7187390794571088
0.7208401542991857
0.7218401542991857
0.7204401542991857
0.7213438587371235
0.7193438587371235
0.721381251006523
0.7218812510065229
0.7197812510065229
