0.7798963597571601
0.11450494890617528
0.16958010093853398
0.8318724577312647
0.660839798122932
1.0
0.4912596971843981
0.0
0.6144247745605267
0.4852285575156707
0.0
1.0
0.15782422828856835
1.0
0.3156484565771367
0.3890079233900743
0.576049747653665
0.8539316443613972
0.0
0.0
0.0
0.4692787228264419
0.3557426623862586
0.0
0.0
0.08479005046926699
0.0
0.0
1.0
0.786013732485877
0.0
0.0
0.0
0.28642306418232966
0.0
0.3065735936544597
1.0
0.7530391524483786
0.0
0.6366824354719541
0.42395025234633493
0.0
0.41520994953073304
0.0
0.1460683556386027
0.24261427875783534
0.0
0.0
0.21398626751412297
0.0
0.5730341778193013
0.0
0.38360109462783126
0.2959909948945172
1.0
0.30821681577367155
1.0
0.0
0.0
0.0
0.0
0.0
0.0
0.4852285575156707
0.8304198990614661
0.36331756452804587
0.6309297680854797
0.0
0.0
0.4912596971843981
0.4699094399123753
0.34519134154579534
1.0
0.0
0.47036527590874033
0.0
0.31939394175918745
0.0
0.0
0.22460731326140307
0.1951900222593106
0.0
0.0
0.0
0.08447694832226785
0.6438542788511018
0.33916020187706797
0.10907459423739019
0.1312050740316724
0.3156484565771367
0.1460683556386027
0.27727342967027513
0.27727342967027513
0.8687949259683276
0.33916020187706797
0.6548086584542047
0.0
0.07303417781930135
0.786013732485877
0.26801514539093
0.22900989781235057
0.47036527590874033
0.6164336315473431
0.10907459423739019
0.0
0.0
0.5656025370158362
1.0
0.2960819157603371
0.0
0.6309297680854797
0.0
0.31914715588518905
0.31629965805927124
0.5087403028156019
0.19687407608286536
0.21836974719455368
0.3065735936544597
0.33780962500589146
0.7234267653044045
1.0
0.8539316443613972
0.0
0.5296347240912597
0.0
0.1460683556386027
0.18154178830288964
0.541399658135075
0.29379182251450264
0.16958010093853398
0.09074302299417096
0.2751109806840258
1.0
0.0
0.7467366477874152
1.0
0.0
0.34519134154579534
0.0
0.8539316443613972
0.0
0.0
0.8539316443613972
0.0
0.3314377958738893
0.0
1.0
0.0
0.0
0.34519134154579534
0.8539316443613972
0.0
0.6925601931188133
1.0
0.495686117035948
0.0
0.0
0.0
0.18148604598834192
0.6309297680854797
0.3600546231527257
0.0
1.0
0.08478905367474866
0.0
0.8539316443613972
0.33368190749879323
0.27727342967027513
0.6917831842263285
0.47591621370592835
0.786013732485877
0.0
0.7227265703297249
0.7467366477874152
0.517961867330736
0.0
0.0
0.0
0.18154178830288964
1.0
0.0
0.1460683556386027
0.0
0.24184400938657682
0.3156484565771367
0.33368190749879323
0.10699313375706149
0.0
1.0
0.7467366477874152
0.0
0.5531464693911909
0.0
0.786013732485877
0.34519134154579534
0.8539316443613972
0.21398626751412297
0.9343974629841638
0.1312050740316724
0.13863671483513756
0.0
0.16958010093853398
0.0
0.5952372611070958
1.0
0.5296347240912597
0.6201049716811229
0.0
0.0
0.1460683556386027
0.7180806088362336
0.33916020187706797
0.0
0.27727342967027513
0.0
0.0
0.5195312674392069
0.4537151149708548
0.0
0.0
0.43067657947540283
0.0
0.0
0.31123238560803523
0.716590238590879
0.0
0.0
0.4406226694711661
0.5296347240912597
0.15101961361645377
0.0
0.6503925874851032
0.10918487359727684
0.0
0.0
0.1312050740316724
0.11448502405110283
0.14038609301738755
0.20151514560203138
0.38356636845265696
0.16958010093853398
0.6366824354719541
0.33916020187706797
0.0
0.0
0.0
0.0
0.0
0.7234267653044045
0.0
0.8304198990614661
0.0
0.0
0.0
0.21398626751412297
0.4586094032587747
0.33916020187706797
0.12663167610629236
1.0
0.5531464693911909
0.660839798122932
0.34519134154579534
0.0
0.27727342967027513
0.8318724577312647
0.6843515434228633
0.0
0.07303417781930135
0.8539316443613972
0.0
0.38356636845265696
0.7467366477874152
0.0
1.0
0.47036527590874033
0.0
0.3065735936544597
0.6992148250297936
0.16958010093853398
0.0
0.0
0.44685353060880906
0.5531464693911909
0.18355813098140866
0.0
0.0
0.8539316443613972
0.44685353060880906
0.6069931337570614
0.0
0.7227265703297249
0.0
0.0
0.0
0.716590238590879
0.1460683556386027
0.7573857212421646
0.0
0.4808124865465692
0.8539316443613972
0.0
0.0
0.7039180842396628
0.6843515434228633
0.3600546231527257
0.5995614929535963
0.0
0.4852285575156707
0.21398626751412297
1.0
0.0
0.0
0.43067657947540283
0.8687949259683276
0.6797310592307044
0.5396864163949143
0.33916020187706797
0.8539316443613972
0.660839798122932
1.0
0.0
1.0
0.6356211450007738
0.0
0.0
0.6503925874851032
0.1460683556386027
0.0
0.16958010093853398
0.0
0.28642306418232966
0.0
0.584790050469267
0.0
0.786013732485877
1.0
