0.7116342077529066
0.30949279406521546
0.2676193851990348
0.8318724577312647
0.5806020016653269
1.0
0.6062415682946528
1.0
0.4858000562848872
0.31488013093303857
1.0
1.0
0.180847534740208
1.0
0.4474267398619668
0.4625800799772409
0.5918419578613724
0.7631925764031596
0.0
0.30316288538447755
0.0
0.7669719470486324
0.3729295094506663
1.0
1.0
0.19574979506855947
0.0
0.3114277926720606
0.9266360767498649
0.8611375548922774
0.0
1.0
1.0
0.22104096000654821
0.31546488404273987
0.3065735936544597
1.0
0.6731854650103452
0.0
0.7757386149209536
0.40979247716395883
1.0
0.4474241247978646
0.0
0.30623864615070173
0.35357127482612905
1.0
0.0
0.3268188542721631
0.15577328164067186
0.5097590698324953
1.0
0.29332193274715324
0.2792301506198578
0.8630152898312572
0.39123349836250404
0.8006937648564865
0.0
1.0
0.0
0.0
0.0
1.0
0.3714891038958607
0.8899541184044202
0.36331756452804587
0.6309297680854797
0.17723928414187598
1.0
0.7015099678724867
0.5313799072884332
0.2866919365979377
1.0
0.0
0.5296349934062279
1.0
0.24207625308126696
0.307337988480624
0.3562071919441223
0.2106922450319597
0.1951900222593106
1.0
0.0794570779878758
1.0
0.25949769176888265
0.6165314273211019
0.4341754803524191
0.1192968439344202
0.22962719015914224
0.562647522764764
0.1460683556386027
0.3913817611843584
0.5559026766674611
0.7212951081921884
0.3557772114160654
0.7827392859559237
0.0
0.03861568607254683
0.7012899765473075
0.3688081385164608
0.2717924312049736
0.5274541552067948
0.5428183917706917
0.10999233900307406
0.0
1.0
0.3988381345550408
1.0
0.5988943435509578
0.0
0.6309297680854797
0.0
0.45820333533418856
0.38332000384539894
0.4671223549554822
0.11742113897983257
0.24617201308949693
0.3065735936544597
0.2959704246758608
0.6424890699290439
0.7885497215911772
0.8486026592952989
0.0
0.6285108961041393
1.0
0.35515888835322246
0.32280876692106747
0.541399658135075
0.43821363899371246
0.09467189197018158
0.2167321452002515
0.2809436295684523
0.8643145517750942
0.06794339945805446
0.6399196450876447
1.0
0.0
0.47036527590874033
1.0
0.7753366196684688
0.19342640634554034
0.08274602423427091
0.6177639918467265
1.0
0.2827936746975014
1.0
1.0
1.0
1.0
0.302403829077733
0.8389574065870765
1.0
0.792421991123419
1.0
0.5274336516030445
0.13012668538428437
0.0
0.12197188352897954
0.2992412202861074
0.6309297680854797
0.37063552301834446
0.21145027840882277
1.0
0.08936358132696107
0.0
0.905211632258121
0.3508999611637386
0.29143139454337424
0.6279807406991017
0.49137966484603846
0.8115558494680665
0.0
0.8200685172244644
0.5510298185890556
0.47861286157125416
1.0
0.10086747312348203
0.0
0.18154178830288964
0.9305687774461386
0.0
0.1681522909920141
1.0
0.41576569799018187
0.3255078550459338
0.3991099436291468
0.11237694461801391
0.0
1.0
0.522961921579006
0.0854972417552393
0.6177422622916602
0.0
0.718342409088281
0.5750739874713816
0.8415908453395132
0.31646181431818393
0.8796171363922879
0.26196036676988127
0.35975114304018063
1.0
0.13886244510772267
0.0
0.47924312164428307
1.0
0.5102536697531088
0.6713437443799624
0.0
1.0
0.16421959029574032
0.6419701956800401
0.24129869216402886
0.31546488404273987
0.4526016411691842
1.0
0.20641593272260417
0.5216349372204533
0.47261087049783446
0.08688267308708604
0.0
0.43067657947540283
0.09803928426050079
0.0
0.373128294374311
0.5276832603611804
0.0
1.0
0.5029682646280055
0.483314843366361
0.15101961361645377
0.2726701583936486
0.5824247176515303
0.10109192482922115
0.22685879174288348
1.0
0.326303273742477
0.07173519657828341
0.20430517389313396
0.15273311421556565
0.44821456184681596
0.24309789106804885
0.6366824354719541
0.48199741922465505
1.0
1.0
1.0
1.0
0.3010300099849701
0.7492387988764662
1.0
0.6393687019011197
1.0
0.0
0.3010300099849701
0.27134058435314207
0.3095362791263303
0.2350455457750841
0.15945667144391068
0.9305687774461386
0.45749139330318234
0.565824519647581
0.19518899662923644
0.0
0.37923771791904914
0.8318724577312647
0.6505132560551431
0.07336392325013509
0.28428622862916925
0.7630946927798545
1.0
0.5281308835545229
0.6943559495587053
0.31546488404273987
1.0
0.5142842496998571
0.0
0.3065735936544597
0.75381429155342
0.19204154034430823
1.0
1.0
0.3767418921410103
0.4252084339699267
0.17008341835565463
0.047076716283940355
0.0
0.7254521066673716
0.5040610815323749
0.5635189185535512
0.0
0.6683063250379756
0.06943122255386133
1.0
0.0
0.6769125553318656
0.2528969249729133
0.5968763079204215
1.0
0.30919537469768565
0.8899541184044202
0.17723928414187598
0.0
0.7039180842396628
0.5853228722547658
0.584719240179604
0.4446563372321599
1.0
0.488771290886455
0.21398626751412297
1.0
1.0
0.0
0.43067657947540283
0.8486026592952989
0.6797310592307044
0.5573300775565209
0.37373485305288734
0.5541432049281187
0.7162874498902326
0.9363792130813923
0.0
0.9216017310636463
0.40115005878231996
0.0
1.0
0.6261991632774737
0.10122861167534243
1.0
0.1100458815955798
1.0
0.31122044769718493
0.0
0.42471088138826446
0.0
0.7093753627057885
0.9266360767498649
