0.7261924426001782
0.3404181139326321
0.2676193851990348
0.8318724577312647
0.5806020016653269
1.0
0.6062415682946528
0.0
0.5771590667255994
0.31488013093303857
0.0
1.0
0.22008611611506426
1.0
0.4318129438632092
0.49203858696823516
0.6212253090724764
0.7631925764031596
0.0
0.2938882166137933
0.0
0.7669719470486324
0.37041789364840044
0.0
0.0
0.22960075955821296
0.0
0.28838378105691564
0.9266360767498649
0.8611375548922774
0.0
0.0
0.0
0.2609144318985846
0.31546488404273987
0.3065735936544597
1.0
0.7700223365045322
0.0
0.7757386149209536
0.43970532785553235
0.0
0.5703017629180324
0.0
0.30623864615070173
0.4049930986433306
0.0
0.0
0.33344114542988496
0.15848136365648172
0.6127197351402831
0.0
0.38696931491737185
0.3139545710387556
0.8630152898312572
0.42887448747975465
0.8006937648564865
0.0
0.0
0.0
0.0
0.0
0.0
0.3714891038958607
0.8899541184044202
0.36331756452804587
0.6309297680854797
0.17723928414187598
0.0
0.7015099678724867
0.5531295269384855
0.2866919365979377
1.0
0.0
0.5158447914614156
0.0
0.31939394175918745
0.29361687539439935
0.3562071919441223
0.2561196403325947
0.1951900222593106
0.0
0.0794570779878758
0.0
0.27928758805016146
0.7306282259972497
0.4341754803524191
0.14200061537647943
0.22962719015914224
0.562647522764764
0.1460683556386027
0.3913817611843584
0.5559026766674611
0.7335224287338776
0.3557772114160654
0.7827392859559237
0.0
0.05487566153186434
0.7012899765473075
0.3818338859258674
0.2836426440483539
0.5274541552067948
0.5428183917706917
0.12983380384944682
0.0
0.0
0.5148793702341136
1.0
0.5988943435509578
0.0
0.6309297680854797
0.0
0.45820333533418856
0.4378140927296647
0.4671223549554822
0.15660666321548994
0.32751766119285564
0.3065735936544597
0.34879364237994953
0.6728524499662116
0.7885497215911772
0.8486026592952989
0.0
0.6285108961041393
0.0
0.35515888835322246
0.32280876692106747
0.541399658135075
0.47531949820871594
0.13777651749103625
0.2948700041069201
0.24711688188563552
0.8643145517750942
0.06794339945805446
0.7553544404342094
1.0
0.0
0.47036527590874033
0.0
0.7753366196684688
0.19342640634554034
0.08274602423427091
0.6177639918467265
0.0
0.3574908050298338
0.0
1.0
0.0
0.0
0.302403829077733
0.8389574065870765
0.0
0.8071797909626129
1.0
0.6074141895443192
0.13012668538428437
0.0
0.1149128477366671
0.36272648455421513
0.6309297680854797
0.37063552301834446
0.21145027840882277
1.0
0.11789423150455695
0.0
0.905211632258121
0.41419863548167724
0.2970032148439765
0.6579693211616909
0.5023298650632932
0.8115558494680665
0.0
0.8200685172244644
0.6504298211158892
0.4818819452323675
0.0
0.10086747312348203
0.0
0.18154178830288964
0.9305687774461386
0.0
0.1681522909920141
0.0
0.41157913719987094
0.3255078550459338
0.4711051933722603
0.1596957041047459
0.0
1.0
0.6357178416421556
0.0829497328720421
0.6045806867578136
0.0
0.718342409088281
0.5750739874713816
0.8415908453395132
0.31646181431818393
0.893807655564564
0.26196036676988127
0.4116783333201467
0.0
0.13886244510772267
0.0
0.5653573144165562
1.0
0.5469356302849687
0.7461022753710967
0.0
0.0
0.16421959029574032
0.6879906991730548
0.25190215665046345
0.31546488404273987
0.4526016411691842
0.0
0.20641593272260417
0.5896686410822334
0.4521237782502071
0.11990623538092497
0.0
0.43067657947540283
0.09803928426050079
0.0
0.44731180958404837
0.5792841379159877
0.0
0.0
0.5870684858569668
0.483314843366361
0.15101961361645377
0.2726701583936486
0.6213665197931306
0.12779434910583246
0.24837100697742623
0.0
0.33787514416812053
0.10283552512432755
0.26166838418532407
0.20151514560203138
0.44821456184681596
0.24309789106804885
0.6366824354719541
0.48199741922465505
0.0
0.0
0.0
0.0
0.3010300099849701
0.759397039410733
0.0
0.6504110728462938
0.0
0.0
0.3010300099849701
0.27134058435314207
0.38686146549247874
0.2350455457750841
0.19984120258645624
0.9305687774461386
0.45749139330318234
0.565824519647581
0.19518899662923644
0.0
0.37923771791904914
0.8318724577312647
0.6505132560551431
0.07336392325013509
0.30582599094356916
0.7630946927798545
0.0
0.5086458420816958
0.8196104835463295
0.31546488404273987
1.0
0.5142842496998571
0.0
0.3065735936544597
0.75381429155342
0.26761885407832176
0.0
0.0
0.38831376256665384
0.4252084339699267
0.16488005262493913
0.06553231418192633
0.0
0.7254521066673716
0.5040610815323749
0.6726391889151634
0.0
0.6683063250379756
0.06943122255386133
0.0
0.0
0.7802153528075803
0.2528969249729133
0.6976572309403161
0.0
0.41822662812428246
0.8899541184044202
0.17723928414187598
0.0
0.7039180842396628
0.6212200354389485
0.584719240179604
0.521854612942028
0.0
0.488771290886455
0.21398626751412297
1.0
0.0
0.0
0.43067657947540283
0.8486026592952989
0.6797310592307044
0.6057223168220703
0.36685484765392656
0.5541432049281187
0.7162874498902326
0.9363792130813923
0.0
0.9216017310636463
0.4442850227069607
0.0
0.0
0.7344010908186854
0.10122861167534243
0.0
0.1100458815955798
0.0
0.367361353767775
0.0
0.5732585198687118
0.0
0.7093753627057885
0.9266360767498649
