0.7497927280600821
0.07816593393738018
0.16958010093853398
0.8318724577312647
0.660839798122932
1.0
0.4912596971843981
0.0
0.5296347240912597
0.4852285575156707
0.0
1.0
0.12001820771757524
1.0
0.27727342967027513
0.4108874941537516
0.6729603318601877
0.8539316443613972
0.0
0.0
0.0
0.4692787228264419
0.36202949582811017
0.0
0.0
0.07132875583804099
0.0
0.0
1.0
0.786013732485877
0.0
0.0
0.0
0.2285418014311689
0.0
0.3065735936544597
1.0
0.6357901017563196
0.0
0.6366824354719541
0.3956869021899126
0.0
0.2768066330204887
0.0
0.1460683556386027
0.16174285250522355
0.0
0.0
0.21398626751412297
0.0
0.4307122370924018
0.0
0.27023204294347164
0.2640010408492879
1.0
0.4315846784338263
1.0
0.0
0.0
0.0
0.0
0.0
0.0
0.47036527590874033
0.8304198990614661
0.36331756452804587
0.6309297680854797
0.0
0.0
0.660839798122932
0.46972303846849317
0.21398626751412297
1.0
0.0
0.47036527590874033
0.0
0.24207625308126696
0.0
0.0
0.1792179695232196
0.1951900222593106
0.0
0.0
0.0
0.08051116623719293
0.4747677692819337
0.33916020187706797
0.08703246132971454
0.1312050740316724
0.44685353060880906
0.1460683556386027
0.27727342967027513
0.3156484565771367
0.8687949259683276
0.33916020187706797
0.786013732485877
0.0
0.04868945187953424
0.786013732485877
0.24853682851205425
0.23449780181214053
0.47036527590874033
0.6164336315473431
0.08703246132971454
0.0
0.0
0.4208033826877816
1.0
0.2960819157603371
0.0
0.6309297680854797
0.0
0.31914715588518905
0.23323427057035492
0.5087403028156019
0.13869012504799366
0.16102233247438585
0.3065735936544597
0.28395972765713756
0.6877623873853841
1.0
0.8687949259683276
0.0
0.5296347240912597
0.0
0.1460683556386027
0.18154178830288964
0.541399658135075
0.26669549442033424
0.11305340062568932
0.06194503563730257
0.2809436295684523
1.0
0.0
0.5958337858272824
1.0
0.0
0.47036527590874033
0.0
0.8539316443613972
0.0
0.0
0.8539316443613972
0.0
0.24439688943832827
0.0
1.0
0.0
0.0
0.34519134154579534
0.8539316443613972
0.0
0.6265718294247669
1.0
0.34919157932877953
0.0
0.0
0.0
0.12389007127460513
0.6309297680854797
0.3600546231527257
0.0
1.0
0.0597305886626858
0.0
0.8539316443613972
0.26625043085293415
0.27727342967027513
0.6455709459479493
0.46677404785717336
0.8304198990614661
0.0
0.7227265703297249
0.5958337858272824
0.5035741035762579
0.0
0.0
0.0
0.18154178830288964
1.0
0.0
0.1460683556386027
0.0
0.28324007816173447
0.3156484565771367
0.26625043085293415
0.07132875583804099
0.0
1.0
0.5958337858272824
0.0
0.5531464693911909
0.0
0.786013732485877
0.34519134154579534
0.8539316443613972
0.16958010093853398
0.9125299506455518
0.1312050740316724
0.09242447655675837
0.0
0.21398626751412297
0.0
0.5168430484556391
1.0
0.473108023778415
0.4947922322841031
0.0
0.0
0.1460683556386027
0.6511450642441835
0.33916020187706797
0.0
0.27727342967027513
0.0
0.0
0.452442531545987
0.433615249461118
0.0
0.0
0.43067657947540283
0.0
0.0
0.25122328174924763
0.6130649565956129
0.0
0.0
0.3249080556755212
0.5296347240912597
0.15101961361645377
0.0
0.5903834836263155
0.08051116623719293
0.0
0.0
0.1312050740316724
0.07173519657828341
0.13831306781279834
0.15273311421556565
0.38356636845265696
0.16958010093853398
0.6366824354719541
0.33916020187706797
0.0
0.0
0.0
0.0
0.0
0.6729603318601877
0.0
0.8304198990614661
0.0
0.0
0.0
0.21398626751412297
0.2182695528180682
0.33916020187706797
0.1010415535431794
1.0
0.5531464693911909
0.660839798122932
0.30078517497020635
0.0
0.27727342967027513
0.8318724577312647
0.6843515434228633
0.0
0.04868945187953424
0.8687949259683276
0.0
0.38356636845265696
0.5958337858272824
0.0
1.0
0.47036527590874033
0.0
0.3065735936544597
0.7227265703297249
0.11305340062568932
0.0
0.0
0.44685353060880906
0.5531464693911909
0.17008341835565463
0.0
0.0
0.786013732485877
0.44685353060880906
0.4759908450094153
0.0
0.7227265703297249
0.0
0.0
0.0
0.6130649565956129
0.1460683556386027
0.51818228644685
0.0
0.23307160834326454
0.8304198990614661
0.0
0.0
0.7039180842396628
0.6843515434228633
0.3600546231527257
0.5147714424843294
0.0
0.4852285575156707
0.21398626751412297
1.0
0.0
0.0
0.43067657947540283
0.8687949259683276
0.6797310592307044
0.43062490851752766
0.33916020187706797
0.8539316443613972
0.660839798122932
1.0
0.0
1.0
0.5854902825057394
0.0
0.0
0.5338567833134709
0.1460683556386027
0.0
0.16958010093853398
0.0
0.2285418014311689
0.0
0.4463867339590227
0.0
0.786013732485877
1.0
