0.7798963597571601
0.11450494890617528
0.16958010093853398
0.8318724577312647
0.660839798122932
1.0
0.4912596971843981
1.0
0.6144247745605267
0.4852285575156707
1.0
1.0
0.18002731157636284
1.0
0.27727342967027513
0.42023717567888713
0.70122368201661
0.8539316443613972
0.0
0.0
0.0
0.4692787228264419
0.3557426623862586
1.0
1.0
0.10699313375706149
0.0
0.0
1.0
0.786013732485877
0.0
1.0
1.0
0.28642306418232966
0.0
0.3065735936544597
1.0
0.7530391524483786
0.0
0.6366824354719541
0.42395025234633493
1.0
0.41520994953073304
0.0
0.1460683556386027
0.24261427875783534
1.0
0.0
0.21398626751412297
0.0
0.5730341778193013
1.0
0.38360109462783126
0.2959909948945172
1.0
0.4777969167122055
1.0
0.0
1.0
0.0
0.0
0.0
1.0
0.47036527590874033
0.8304198990614661
0.36331756452804587
0.6309297680854797
0.0
1.0
0.660839798122932
0.4699094399123753
0.21398626751412297
1.0
0.0
0.47036527590874033
1.0
0.31939394175918745
0.0
0.0
0.22460731326140307
0.1951900222593106
1.0
0.0
1.0
0.10918487359727684
0.6438542788511018
0.33916020187706797
0.10907459423739019
0.1312050740316724
0.44685353060880906
0.1460683556386027
0.27727342967027513
0.3156484565771367
0.8687949259683276
0.33916020187706797
0.786013732485877
0.0
0.07303417781930135
0.786013732485877
0.26801514539093
0.22900989781235057
0.47036527590874033
0.6164336315473431
0.10907459423739019
0.0
1.0
0.5656025370158362
1.0
0.2960819157603371
0.0
0.6309297680854797
0.0
0.31914715588518905
0.31629965805927124
0.5087403028156019
0.19687407608286536
0.21836974719455368
0.3065735936544597
0.33780962500589146
0.7234267653044045
1.0
0.8687949259683276
0.0
0.5296347240912597
1.0
0.1460683556386027
0.18154178830288964
0.541399658135075
0.29379182251450264
0.16958010093853398
0.09074302299417096
0.24711688188563552
1.0
0.0
0.7467366477874152
1.0
0.0
0.47036527590874033
1.0
0.8539316443613972
0.0
0.0
0.8539316443613972
1.0
0.3314377958738893
1.0
1.0
1.0
1.0
0.34519134154579534
0.8539316443613972
1.0
0.6925601931188133
1.0
0.495686117035948
0.0
0.0
0.0
0.18148604598834192
0.6309297680854797
0.3600546231527257
0.0
1.0
0.08478905367474866
0.0
0.8539316443613972
0.33368190749879323
0.27727342967027513
0.6917831842263285
0.47591621370592835
0.8304198990614661
0.0
0.7227265703297249
0.7467366477874152
0.517961867330736
1.0
0.0
0.0
0.18154178830288964
1.0
0.0
0.1460683556386027
1.0
0.24184400938657682
0.3156484565771367
0.33368190749879323
0.10699313375706149
0.0
1.0
0.7467366477874152
0.0
0.5531464693911909
0.0
0.786013732485877
0.34519134154579534
0.8539316443613972
0.16958010093853398
0.9343974629841638
0.1312050740316724
0.13863671483513756
1.0
0.21398626751412297
0.0
0.5952372611070958
1.0
0.5296347240912597
0.6201049716811229
0.0
1.0
0.1460683556386027
0.7180806088362336
0.33916020187706797
0.0
0.27727342967027513
1.0
0.0
0.5195312674392069
0.4537151149708548
0.0
0.0
0.43067657947540283
0.0
0.0
0.31123238560803523
0.716590238590879
0.0
1.0
0.4406226694711661
0.5296347240912597
0.15101961361645377
0.0
0.6503925874851032
0.10918487359727684
0.0
1.0
0.1312050740316724
0.10283552512432755
0.17714753021977384
0.20151514560203138
0.38356636845265696
0.16958010093853398
0.6366824354719541
0.33916020187706797
1.0
1.0
1.0
1.0
0.0
0.70122368201661
1.0
0.8304198990614661
1.0
0.0
0.0
0.21398626751412297
0.32740432922710233
0.33916020187706797
0.12663167610629236
1.0
0.5531464693911909
0.660839798122932
0.30078517497020635
0.0
0.27727342967027513
0.8318724577312647
0.6843515434228633
0.0
0.07303417781930135
0.8687949259683276
1.0
0.38356636845265696
0.7467366477874152
0.0
1.0
0.47036527590874033
0.0
0.3065735936544597
0.7227265703297249
0.16958010093853398
1.0
1.0
0.44685353060880906
0.5531464693911909
0.16488005262493913
0.0
0.0
0.786013732485877
0.44685353060880906
0.6069931337570614
0.0
0.7227265703297249
0.0
1.0
0.0
0.716590238590879
0.1460683556386027
0.6386367148351375
1.0
0.3496074125148968
0.8304198990614661
0.0
0.0
0.7039180842396628
0.6843515434228633
0.3600546231527257
0.5995614929535963
1.0
0.4852285575156707
0.21398626751412297
1.0
1.0
0.0
0.43067657947540283
0.8687949259683276
0.6797310592307044
0.5396864163949143
0.33916020187706797
0.8539316443613972
0.660839798122932
1.0
0.0
1.0
0.6356211450007738
0.0
1.0
0.6503925874851032
0.1460683556386027
1.0
0.16958010093853398
1.0
0.28642306418232966
0.0
0.584790050469267
0.0
0.786013732485877
1.0
