0.7261924426001782
0.35306371101528017
0.2676193851990348
0.8318724577312647
0.5806020016653269
1.0
0.6062415682946528
1.0
0.5771590667255994
0.31488013093303857
1.0
1.0
0.20276544130660062
1.0
0.3783949752965868
0.4579554092572488
0.5439286916853132
0.7631925764031596
0.0
0.2938882166137933
0.0
0.7613569401239443
0.37041789364840044
1.0
1.0
0.2916863841623641
0.0
0.15048880932256667
0.9266360767498649
0.8611375548922774
0.0
1.0
1.0
0.2641377146179005
0.31546488404273987
0.3065735936544597
1.0
0.7700223365045322
0.0
0.7757386149209536
0.43970532785553235
1.0
0.5681177709628055
0.0
0.3101713468469755
0.4049930986433306
1.0
0.0
0.33344114542988496
0.15848136365648172
0.6445301285995869
1.0
0.3824995129793868
0.3139545710387556
0.8701249874103478
0.3152129888929546
0.8006937648564865
0.0
1.0
0.0
0.0
0.0
1.0
0.38113435660408307
0.8899541184044202
0.36331756452804587
0.6309297680854797
0.17723928414187598
1.0
0.6698623552132605
0.5531295269384855
0.2934367826952406
1.0
0.0
0.5158447914614156
1.0
0.31939394175918745
0.29361687539439935
0.3562071919441223
0.25923194629258733
0.1951900222593106
1.0
0.0794570779878758
1.0
0.26096263904904976
0.7306282259972497
0.4341754803524191
0.14200061537647943
0.22962719015914224
0.5559026766674611
0.1460683556386027
0.4615686875516766
0.5309999101055379
0.7328626046941701
0.3557772114160654
0.7759944398586207
0.0
0.05487566153186434
0.7012899765473075
0.3818338859258674
0.2814711298598965
0.5274541552067948
0.5428183917706917
0.07768953991948874
0.0
1.0
0.5148793702341136
1.0
0.5988943435509578
0.0
0.6309297680854797
0.0
0.45820333533418856
0.4378140927296647
0.469755793707919
0.15660666321548994
0.32751766119285564
0.3065735936544597
0.35112199582453507
0.6728524499662116
0.7935840672773958
0.8415908453395132
0.0
0.6285108961041393
1.0
0.35515888835322246
0.32280876692106747
0.541399658135075
0.47531949820871594
0.13777651749103625
0.2948700041069201
0.2751109806840258
0.8643145517750942
0.06794339945805446
0.7553544404342094
1.0
0.0
0.34519134154579534
1.0
0.7753366196684688
0.19342640634554034
0.0794570779878758
0.6177639918467265
1.0
0.3574908050298338
1.0
1.0
1.0
1.0
0.302403829077733
0.8389574065870765
1.0
0.8071797909626129
1.0
0.5207963773926828
0.13012668538428437
0.0
0.1149128477366671
0.36272648455421513
0.6309297680854797
0.37063552301834446
0.21538297910509652
1.0
0.11789423150455695
0.0
0.905211632258121
0.41419863548167724
0.2568231207944923
0.6553358824092542
0.5023298650632932
0.7827392859559237
0.0
0.8200685172244644
0.6504298211158892
0.4818819452323675
1.0
0.10778915486707714
0.0
0.18154178830288964
0.9305687774461386
0.0
0.1681522909920141
1.0
0.33041777449646376
0.3255078550459338
0.4711051933722603
0.1596957041047459
0.0
1.0
0.6357178416421556
0.0829497328720421
0.6045806867578136
0.0
0.718342409088281
0.5114532005527739
0.8415908453395132
0.34527837783032683
0.893807655564564
0.26196036676988127
0.4140633326502922
1.0
0.17366666851418752
0.0
0.5653573144165562
1.0
0.5469356302849687
0.7461022753710967
0.0
1.0
0.16104259341292343
0.6879906991730548
0.25190215665046345
0.31546488404273987
0.4526016411691842
1.0
0.20641593272260417
0.5859640676275322
0.4521237782502071
0.126697925315584
0.0
0.43067657947540283
0.09803928426050079
0.0
0.44731180958404837
0.5792841379159877
0.0
1.0
0.5870684858569668
0.4883491890525796
0.15101961361645377
0.2726701583936486
0.6213665197931306
0.12779434910583246
0.24837100697742623
1.0
0.33787514416812053
0.11448502405110283
0.22895985812727446
0.3861662530958321
0.44821456184681596
0.17947710414944112
0.6366824354719541
0.4923028885678352
1.0
1.0
1.0
1.0
0.3010300099849701
0.7768729395570818
1.0
0.6504110728462938
1.0
0.0
0.3010300099849701
0.27134058435314207
0.4011485250391018
0.2350455457750841
0.19984120258645624
0.9305687774461386
0.45749139330318234
0.5618918189513071
0.2240055601413793
0.0
0.37923771791904914
0.8318724577312647
0.6505132560551431
0.07336392325013509
0.30582599094356916
0.7534494400716322
1.0
0.5793083702253174
0.8196104835463295
0.31546488404273987
1.0
0.5142842496998571
0.0
0.3065735936544597
0.7353797808169023
0.2633071544924024
1.0
1.0
0.38831376256665384
0.4252084339699267
0.18355813098140866
0.061324155919177725
0.0
0.7695261840332153
0.505360343476212
0.6726391889151634
0.0
0.6683063250379756
0.06943122255386133
1.0
0.0
0.7802153528075803
0.2528969249729133
0.733551725604714
1.0
0.4288647250603244
0.905211632258121
0.17723928414187598
0.0
0.7039180842396628
0.6212200354389485
0.584719240179604
0.5205378935658096
1.0
0.488771290886455
0.21398626751412297
1.0
1.0
0.0
0.43067657947540283
0.9148568849663433
0.6797310592307044
0.6057223168220703
0.36685484765392656
0.5541432049281187
0.7162874498902326
0.9363792130813923
0.28906482458114624
0.9216017310636463
0.4442850227069607
0.0
1.0
0.7344010908186854
0.10122861167534243
1.0
0.1100458815955798
1.0
0.367361353767775
0.0
0.5732585198687118
0.0
0.7093753627057885
0.9266360767498649
