0.3434559883949667
0.9520727789303961
0.20013668321805902
0.0
0.571160190521162
0.0
0.8048110033707636
0.0
0.43354956870609246
0.17366666851418752
0.0
1.0
0.7592598150745818
0.7289115249914968
0.15811564836453998
0.7144471154473555
0.2963502159680835
0.12987501258965217
0.0
0.0
0.6309297680854797
0.6663732488670479
0.3177622702052184
0.0
0.0
0.4638028495468768
0.0
0.18350267644181062
0.23047381596678476
0.9305687774461386
0.0
0.0
0.0
0.04600401577809482
0.3562071919441223
0.5437713003958233
0.8200685172244644
0.5730573616110846
0.0
0.44149241321264354
0.44954086974701307
0.0
0.47331759868298673
0.0
0.8263333314858125
0.3349266988756609
0.0
0.24630239095333292
0.12967320492527887
0.1936910780271506
0.9432379233108956
0.0
0.7745667140562533
0.12197188352897954
1.0
0.0
0.7315449637439335
1.0
0.0
0.0
0.38685280084609985
0.3010300099849701
0.0
0.7819835821424668
0.7799082368088404
0.12315119547666646
0.0
0.0
0.0
0.6987956995355169
0.30222595085011333
0.06625422567104446
0.3562071919441223
0.38685280084609985
0.11283385135158275
0.0
0.2809436295684523
0.0
0.0
0.05912262539424317
0.41442993322206817
0.0
0.3794680969838433
0.0
0.14379729988956858
0.4921249900427213
0.1100458815955798
0.36742053130823044
0.06794339945805446
0.7885497215911772
0.1312050740316724
0.6141069631279548
0.07336392325013509
0.1993062351435135
0.43545583855020203
0.2934556864412947
0.0
0.06850330094309992
0.0
0.18809254504171868
0.0
0.41966500033971765
0.5302631100381351
0.094213998243503
0.0
0.0
0.1556879745145963
0.31546488404273987
0.13565197169348978
0.0
0.6309297680854797
0.6736103589620446
0.2532778808609508
0.6648099013268124
0.09478836774187899
0.4172381349232144
0.24837026439151041
0.0
0.04415516758671722
0.22393784044802634
0.6062415682946528
0.5801476230392324
0.0
0.2941924865086975
0.0
0.0
0.5316901013505358
0.13012668538428437
0.10838258861617237
0.4435206823087011
0.2248144345493215
0.0
1.0
0.19215663938483388
0.541533924338058
0.5056427649175202
0.0
0.0
0.0
0.13698471016874283
0.0
0.6422983071337337
0.5252098606058624
0.0
0.4454091020509965
0.0
1.0
0.0
0.0
0.40030566740800355
0.7065443135587053
0.0
0.172369148992206
0.6371130910048439
0.7010627577907272
0.8318724577312647
0.0
0.2731116654656961
0.18559144932437388
0.3010300099849701
0.23758351354587542
0.6421867265726947
0.8572048541960036
0.4896269177554706
0.0
0.5135285458864002
0.4396656970832005
0.24856209303368934
0.3822494108786161
0.4505895028943515
0.3093521167390933
0.08970879472592944
0.7877736316421422
0.48241429585047724
0.35903917968903015
0.0
0.08747171266628827
0.0
0.14126697861817783
0.6816808368784143
0.24207625308126696
0.34713572663372855
0.0
0.0
0.10893649661066122
0.2919764336842133
0.06297179957150242
0.41442993322206817
0.9266360767498649
0.35598971765902987
0.12943488752046808
0.5510060750881571
0.5
0.4368897486893889
0.5559026766674611
0.6274092445549487
0.7273298416063514
0.6113601543731589
0.4886751215310174
0.35981836646735144
0.0
0.2588097835478442
0.2520163771615044
0.3216695711553148
0.6947651217751838
0.09388586363723969
0.22395923048068422
0.6240505194324443
0.0
0.23473163442092296
0.4931183721604175
0.1513973407047011
0.0
0.0
0.0
0.7917267184739941
0.41695322228457654
0.7068621907476409
0.0
0.0
0.43067657947540283
0.0
0.39099895325502054
0.3679275165745852
0.15995380921687105
0.23719770674136365
0.0
0.40202834830316614
0.5734923040862362
0.4200288608064901
0.15457433758751796
0.46015316079171975
0.08083227473949577
0.6147959241474349
0.0
0.12414311517577363
0.0
0.41363779710079784
0.23896241656199846
0.6117559458168264
0.5309999101055379
0.5543375523013988
0.3290860428160125
0.0
0.0
0.0
0.0
0.3562071919441223
0.2312045873814765
0.0
0.24890832670330246
0.0
0.0
1.0
0.0
0.2841983079226828
0.42889133349111647
0.0
0.6285108961041393
0.4507735300877997
0.5009732641538437
0.368855665143424
0.0
0.16575090523329744
0.31914715588518905
0.7034066065575206
0.12987501258965217
0.16319108044685965
0.3542454242128192
0.0
0.2686711655178615
0.5670042603566822
0.0
0.8263333314858125
0.5341769069883548
0.2192210273332832
0.20438240186070983
0.6500332242191882
0.7028875807441493
0.0
0.0
0.7162874498902326
0.7065443135587053
0.13869705927372852
0.8448777429140135
0.38685280084609985
0.7264127344344099
0.6947651217751838
0.5266136550617103
0.15642624560401258
0.3125291136219102
0.7799082368088404
0.0
0.12081130312983202
0.4225189437192579
0.17198437466693875
0.31223492489384924
0.0
0.6434167229845316
0.6683063250379756
0.0
0.3333333432674408
0.38364914347036727
0.15689237719777502
0.32730659563965614
0.2560756406964594
0.0
0.2945891487367823
0.1312050740316724
1.0
0.0
0.1461467966967168
0.3562071919441223
0.43120291329334226
0.47762370406322674
0.2652164319190901
0.51593845787867
0.5372903775767464
0.1513973407047011
0.665192854449584
0.3333333432674408
0.9216017310636463
0.14279514580399644
0.0
0.0
0.4294323117842946
0.0
0.0
0.6987956995355169
0.0
0.0
0.3010300099849701
0.6993564820625175
0.0
0.7778721747976005
0.35895420829888225
