0.413054740288622
0.9297916147949259
0.0
0.0
0.33916020187706797
0.0
0.6992148250297936
0.0
0.33916020187706797
0.16958010093853398
0.0
1.0
0.8304198990614661
0.6843515434228633
0.0
0.6615818027997067
0.3378515398649312
0.0
0.0
0.0
0.6309297680854797
0.5307212771735581
0.2070502313925009
0.0
0.0
0.38356636845265696
0.0
0.0
0.1460683556386027
1.0
0.0
0.0
0.0
0.0
0.0
0.5437713003958233
0.7227265703297249
0.600125040679416
0.0
0.44149241321264354
0.4566005462719583
0.0
0.4374130328185275
0.0
0.8304198990614661
0.20423925185097375
0.0
0.24630239095333292
0.0
0.2371116291680379
0.9343974629841638
0.0
0.790997231160246
0.0
1.0
0.0
0.6843515434228633
1.0
0.0
0.0
0.38685280084609985
0.0
0.0
1.0
0.660839798122932
0.0
0.0
0.0
0.0
0.8539316443613972
0.24842743033001066
0.0
0.0
0.38685280084609985
0.0
0.0
0.24711688188563552
0.0
0.0
0.0
0.41442993322206817
0.0
0.1460683556386027
0.0
0.10918487359727684
0.5593773305288339
0.16958010093853398
0.26886598231342745
0.0
1.0
0.1312050740316724
0.6164336315473431
0.0
0.0
0.34519134154579534
0.33916020187706797
0.0
0.07303417781930135
0.0
0.19687407608286536
0.0
0.47036527590874033
0.4852285575156707
0.0
0.0
0.0
0.0656025370158362
0.0
0.0
0.0
0.6309297680854797
0.5065267044251694
0.0
0.384736821505966
0.1460683556386027
0.49918704386473256
0.35614572114889825
0.0
0.07020838520507416
0.2530614893956642
0.4912596971843981
0.5531464693911909
0.0
0.1312050740316724
0.0
0.0
0.38364914347036727
0.0
0.09843703804143268
0.5296347240912597
0.0
0.0
1.0
0.27727342967027513
0.4934732955748305
0.34519134154579534
0.0
0.0
0.0
0.0
0.0
0.47036527590874033
0.4912596971843981
0.0
0.3067298705988803
0.0
1.0
0.0
0.0
0.5147714424843294
0.660839798122932
0.0
0.2988120409530826
0.660839798122932
0.590622228248596
0.8318724577312647
0.0
0.3197529208065215
0.09074302299417096
0.0
0.1460683556386027
0.8687949259683276
1.0
0.46839014830257997
0.0
0.6843515434228633
0.3623379464499749
0.27958880452995916
0.5222030832877945
0.4934732955748305
0.16958010093853398
0.0
0.786013732485877
0.39549765841971984
0.3491966515761546
0.0
0.0
0.0
0.0
0.8304198990614661
0.31939394175918745
0.21398626751412297
0.0
0.0
0.1460683556386027
0.15979138807603727
0.0656025370158362
0.41442993322206817
1.0
0.33368190749879323
0.08479005046926699
0.5700186079849376
0.5
0.3600546231527257
0.3156484565771367
0.8687949259683276
1.0
0.5508310945315069
0.5531464693911909
0.4269658221806986
0.0
0.30078517497020635
0.1312050740316724
0.4034540768807674
0.5296347240912597
0.0
0.2532633522125847
0.6240505194324443
0.0
0.19178318422632848
0.35123898936769543
0.1312050740316724
0.0
0.0
0.0
1.0
0.2877085577022035
0.7323987601991827
0.0
0.0
0.43067657947540283
0.0
0.4778706654739878
0.44916890546849314
0.18148604598834192
0.23719770674136365
0.0
0.5346694052538249
0.660839798122932
0.16812754226873525
0.1312050740316724
0.5952372611070958
0.13777597395434457
0.5316519611563479
0.0
0.08479005046926699
0.0
0.5297757856193976
0.20151514560203138
0.5147714424843294
0.27727342967027513
0.44149241321264354
0.33916020187706797
0.0
0.0
0.0
0.0
0.0
0.23819820778873388
0.0
0.38356636845265696
0.0
0.0
1.0
0.0
0.07303417781930135
0.30078517497020635
0.0
0.5296347240912597
0.5296347240912597
0.5531464693911909
0.47036527590874033
0.0
0.0
0.31914715588518905
0.8687949259683276
0.0
0.1460683556386027
0.21398626751412297
0.0
0.1312050740316724
0.6201049716811229
0.0
0.8304198990614661
0.4912596971843981
0.0
0.0
0.660839798122932
0.6261806472104923
0.0
0.0
0.660839798122932
0.660839798122932
0.0
0.8390496585786067
0.38685280084609985
0.6992148250297936
0.5296347240912597
0.6887676143919648
0.0
0.38356636845265696
0.660839798122932
0.0
0.0
0.44436116960836614
0.1460683556386027
0.22342676530440453
0.0
0.7109706976797593
0.7227265703297249
0.0
0.0
0.38364914347036727
0.0
0.38356636845265696
0.23518263795437017
0.0
0.21398626751412297
0.1312050740316724
1.0
0.0
0.18322609171618134
0.0
0.5538466643658706
0.47762370406322674
0.28642306418232966
0.5965459231192326
0.5147714424843294
0.1312050740316724
0.6992148250297936
0.0
1.0
0.0
0.0
0.0
0.5
0.0
0.0
0.8539316443613972
0.0
0.0
0.0
0.7351826379543702
0.0
0.8687949259683276
0.5531464693911909
