0.40541184806465225
0.9297916147949259
0.20013668321805902
0.0
0.571160190521162
0.0
0.8048110033707636
1.0
0.4679522241598598
0.17366666851418752
1.0
1.0
0.7274588246549384
0.7289115249914968
0.18319248011192152
0.6615818027997067
0.3604491784561182
0.12987501258965217
0.0
0.0
0.6309297680854797
0.6663732488670479
0.3750832524747584
1.0
1.0
0.4503695608948584
0.0
0.16992444769397338
0.23047381596678476
0.9305687774461386
0.0
1.0
1.0
0.05430265793923238
0.3562071919441223
0.5437713003958233
0.8200685172244644
0.654673786305713
0.0
0.44149241321264354
0.47594239552376083
1.0
0.5223863601195782
0.0
0.8263333314858125
0.3706088776403566
1.0
0.24630239095333292
0.14201764363715308
0.19794610847158106
0.9574284424831717
1.0
0.7498580642279422
0.1149128477366671
1.0
0.0
0.7315449637439335
1.0
1.0
0.0
0.38685280084609985
0.3010300099849701
1.0
0.7819835821424668
0.7799082368088404
0.12315119547666646
0.0
0.0
1.0
0.6987956995355169
0.30437776852439613
0.06625422567104446
0.3562071919441223
0.38685280084609985
0.12260974344563853
1.0
0.24711688188563552
0.0
0.0
0.07187006597796396
0.41442993322206817
1.0
0.3794680969838433
1.0
0.18177992330849152
0.6221149007447224
0.1100458815955798
0.3800555279462896
0.06794339945805446
0.7885497215911772
0.1312050740316724
0.6141069631279548
0.07336392325013509
0.1993062351435135
0.43545583855020203
0.2934556864412947
0.0
0.0973481074324744
0.0
0.2670020378909363
0.0
0.41966500033971765
0.5302631100381351
0.11120921582981547
0.0
1.0
0.19308718812050812
0.31546488404273987
0.13565197169348978
0.0
0.6309297680854797
0.5909478243453098
0.2532778808609508
0.6891220906151208
0.09478836774187899
0.39708639560627307
0.33044230772807265
0.0
0.06239957811843474
0.24538944845189165
0.6062415682946528
0.5801476230392324
0.0
0.2941924865086975
1.0
0.0
0.5316901013505358
0.13012668538428437
0.14841699818173648
0.4303053685176704
0.2651824242745792
0.0
1.0
0.19215663938483388
0.6392209670926589
0.5056427649175202
0.0
0.0
1.0
0.13698471016874283
0.0
0.6422983071337337
0.5252098606058624
1.0
0.442715919049076
1.0
1.0
1.0
1.0
0.40030566740800355
0.7065443135587053
1.0
0.22740055908434864
0.6371130910048439
0.6467826948784703
0.8318724577312647
0.0
0.28418895125111343
0.2525022366844725
0.3010300099849701
0.23758351354587542
0.6421867265726947
0.8572048541960036
0.5381129010250117
0.0
0.5135285458864002
0.4287820213544698
0.2621692949350056
0.41223799134120537
0.47174128483066435
0.3093521167390933
0.08136751055800764
0.7877736316421422
0.5694367774092828
0.33902641946697115
1.0
0.08747171266628827
0.0
0.14126697861817783
0.6816808368784143
0.31939394175918745
0.34713572663372855
1.0
0.0
0.10893649661066122
0.3446459213723757
0.0894874469625151
0.41442993322206817
0.9266360767498649
0.432744728858446
0.14854094846541338
0.5768925998124821
0.5
0.4368897486893889
0.5559026766674611
0.6274092445549487
0.7273298416063514
0.6738045045029386
0.4886751215310174
0.5014236958195707
1.0
0.2588097835478442
0.2520163771615044
0.4019830600265105
0.6947651217751838
0.10611318417892887
0.2691718745647467
0.6240505194324443
1.0
0.27621635553814006
0.5299274929388983
0.1513973407047011
0.0
0.0
1.0
0.7917267184739941
0.4759956026377783
0.7036891784495051
0.0
0.0
0.43067657947540283
0.0
0.46153106536658506
0.392721500233296
0.14671144265218028
0.23719770674136365
1.0
0.5082201291575887
0.5734923040862362
0.4200288608064901
0.15457433758751796
0.486571000505685
0.10218331438963532
0.6155107232949892
1.0
0.15308755992813822
0.0
0.5297757856193976
0.31528556472003605
0.6117559458168264
0.5309999101055379
0.5543375523013988
0.3290860428160125
1.0
1.0
1.0
1.0
0.3562071919441223
0.2705590654810416
1.0
0.24890832670330246
1.0
0.0
1.0
0.0
0.3094450251281844
0.42889133349111647
0.0
0.6285108961041393
0.4507735300877997
0.5009732641538437
0.368855665143424
0.0
0.1788172833893564
0.31914715588518905
0.7034066065575206
0.12987501258965217
0.17050580264366189
0.3542454242128192
1.0
0.25875871963430647
0.6692858847095952
0.0
0.8263333314858125
0.5341769069883548
0.18718146293495888
0.20438240186070983
0.6500332242191882
0.6721660168865539
1.0
1.0
0.7162874498902326
0.7065443135587053
0.13445389711157796
0.7840647927383955
0.38685280084609985
0.7264127344344099
0.6947651217751838
0.5881696985741283
0.15642624560401258
0.3125291136219102
0.7799082368088404
1.0
0.12081130312983202
0.5304491949137611
0.17198437466693875
0.3944376415956664
1.0
0.697078571257654
0.6683063250379756
0.0
0.3333333432674408
0.38364914347036727
0.16749584168420964
0.32730659563965614
0.29437490896996854
1.0
0.2945891487367823
0.1312050740316724
1.0
1.0
0.19280633147827844
0.3562071919441223
0.5018156877544557
0.47762370406322674
0.3130586958285426
0.5674118046846452
0.5372903775767464
0.1513973407047011
0.665192854449584
0.3333333432674408
0.9216017310636463
0.14279514580399644
0.0
1.0
0.5718976960509303
0.0
1.0
0.6987956995355169
1.0
0.0
0.3010300099849701
0.7769868129157039
0.0
0.7778721747976005
0.35895420829888225
