0.32958335497434826
0.9520727789303961
0.0
0.0
0.33916020187706797
0.0
0.6992148250297936
1.0
0.33916020187706797
0.16958010093853398
1.0
1.0
0.8304198990614661
0.6843515434228633
0.0
0.7144471154473555
0.2739238117894884
0.0
0.0
0.0
0.6309297680854797
0.5307212771735581
0.16520887730975475
1.0
1.0
0.38356636845265696
0.0
0.0
0.1460683556386027
1.0
0.0
1.0
1.0
0.0
0.0
0.5437713003958233
0.7227265703297249
0.5118710811357255
0.0
0.44149241321264354
0.4322558203321912
1.0
0.362937444383726
0.0
0.8304198990614661
0.17989452591120664
1.0
0.24630239095333292
0.0
0.22068857863622235
0.9125299506455518
1.0
0.7652619544727606
0.0
1.0
0.0
0.6843515434228633
1.0
1.0
0.0
0.38685280084609985
0.0
1.0
1.0
0.660839798122932
0.0
0.0
0.0
1.0
0.8539316443613972
0.2625111852968305
0.0
0.0
0.38685280084609985
0.0
1.0
0.2809436295684523
0.0
0.0
0.0
0.41442993322206817
1.0
0.1460683556386027
1.0
0.08051116623719293
0.41247582896544566
0.16958010093853398
0.21453270921770404
0.0
1.0
0.1312050740316724
0.6164336315473431
0.0
0.0
0.34519134154579534
0.33916020187706797
0.0
0.04868945187953424
0.0
0.13869012504799366
0.0
0.47036527590874033
0.4852285575156707
0.0
0.0
1.0
0.04373502467722413
0.0
0.0
0.0
0.6309297680854797
0.6062493212590764
0.0
0.38529251489113475
0.1460683556386027
0.4928142377943639
0.2626161153590331
0.0
0.04792722106960394
0.2173971114766437
0.4912596971843981
0.5531464693911909
0.0
0.1312050740316724
1.0
0.0
0.38364914347036727
0.0
0.06934506252399683
0.5296347240912597
0.0
0.0
1.0
0.27727342967027513
0.3937506787409237
0.34519134154579534
0.0
0.0
1.0
0.0
0.0
0.47036527590874033
0.4912596971843981
1.0
0.28846960383411147
1.0
1.0
1.0
1.0
0.5147714424843294
0.660839798122932
1.0
0.21050145428078584
0.660839798122932
0.6241055627159715
0.8318724577312647
0.0
0.2964428374494431
0.06194503563730257
0.0
0.1460683556386027
0.8687949259683276
1.0
0.38969322026884323
0.0
0.6843515434228633
0.39015712195925273
0.2577212921913471
0.4759908450094153
0.3937506787409237
0.16958010093853398
0.0
0.786013732485877
0.31557426276088346
0.3689931775455271
1.0
0.0
0.0
0.0
0.8304198990614661
0.24207625308126696
0.21398626751412297
1.0
0.0
0.1460683556386027
0.1275002478879895
0.04373502467722413
0.41442993322206817
1.0
0.26625043085293415
0.05652670031284466
0.5417552578285153
0.5
0.3600546231527257
0.3156484565771367
0.8687949259683276
1.0
0.4724368818800501
0.5531464693911909
0.2846438814537991
1.0
0.30078517497020635
0.1312050740316724
0.3176588364667125
0.5296347240912597
0.0
0.2020831070863588
0.6240505194324443
1.0
0.12785545615088564
0.280259523066399
0.1312050740316724
0.0
0.0
1.0
1.0
0.21215165392290058
0.6880046432074652
0.0
0.0
0.43067657947540283
0.0
0.3813010766095784
0.4273013931298811
0.18583510691190772
0.23719770674136365
1.0
0.3942566030447408
0.660839798122932
0.16812754226873525
0.1312050740316724
0.5733697487684838
0.10159378288464728
0.5562983885968157
1.0
0.05652670031284466
0.0
0.41363779710079784
0.15273311421556565
0.5147714424843294
0.27727342967027513
0.44149241321264354
0.33916020187706797
1.0
1.0
1.0
1.0
0.0
0.20253382986971338
1.0
0.38356636845265696
1.0
0.0
1.0
0.0
0.04868945187953424
0.30078517497020635
0.0
0.5296347240912597
0.5296347240912597
0.5531464693911909
0.47036527590874033
0.0
0.0
0.31914715588518905
0.8687949259683276
0.0
0.1460683556386027
0.21398626751412297
1.0
0.1312050740316724
0.4947922322841031
0.0
0.8304198990614661
0.4912596971843981
0.0
0.0
0.660839798122932
0.6018359212707252
1.0
1.0
0.660839798122932
0.660839798122932
0.0
0.886616748012802
0.38685280084609985
0.6992148250297936
0.5296347240912597
0.6287585105331771
0.0
0.38356636845265696
0.660839798122932
1.0
0.0
0.30333977840910004
0.1460683556386027
0.14895117686960302
1.0
0.6583626215835698
0.7227265703297249
0.0
0.0
0.38364914347036727
0.0
0.38356636845265696
0.2133151256157581
1.0
0.21398626751412297
0.1312050740316724
1.0
1.0
0.12907565118668263
0.0
0.51818228644685
0.47762370406322674
0.2285418014311689
0.5107506827051778
0.5147714424843294
0.1312050740316724
0.6992148250297936
0.0
1.0
0.0
0.0
1.0
0.3333333333333333
0.0
1.0
0.8539316443613972
1.0
0.0
0.0
0.6469101839391602
0.0
0.8687949259683276
0.5531464693911909
