0.22801413875622303
0.060495350465682524
0.0
0.4202024784497377
0.44128517793150973
0.0
0.3757677523278681
0.0
0.04257155751682832
0.07839826893635371
0.0
0.4990267358461563
0.33443127787725846
0.4447551435226908
0.08777548966847498
0.3890079233900743
0.22120888144166712
0.23177307791062182
0.4201515145602031
0.4262087601907598
0.5
0.0
0.5061793742323404
0.0
0.0
0.4848403946293065
0.5437713003958233
0.137894971734349
0.6758704012431607
0.29736948339151437
0.0
0.0
0.0
0.2816974139274902
0.0
0.0
0.8115558494680665
0.6598448711706018
0.5
0.6096199554813788
0.37372723330918767
0.0
0.34011010872321573
0.23463936141322095
0.5135285458864002
0.46761065408429414
0.0
0.24630239095333292
0.0
0.3805579908650928
0.5518071951711095
0.0
0.3550429319570998
0.16130057216067287
0.9148568849663433
0.18893298733855526
0.36005585984807276
0.28906482458114624
0.0
0.0
0.0
1.0
0.0
0.7799082368088404
0.5469356302849687
0.0
0.0
0.19342640634554034
0.0
0.4595326255404367
0.0
0.07336392325013509
0.0
0.6309297680854797
0.425619923307099
0.0
0.40303029120406275
0.16232272540681444
0.0
0.3753681925214736
0.541399658135075
0.0
0.8887517055338928
0.0
0.12034355754689402
0.4843290792834728
0.14876390195226435
0.060037150934515185
0.2825994164397329
0.7289115249914968
0.39808473280010714
0.3725907554450512
0.3718350516315943
0.0550229407977899
0.36602461599634073
1.0
0.5095838254068797
0.06370866695224885
0.0
0.062106857582502666
0.0
0.1988815614768734
0.5509662080453018
0.29197114576893246
0.20210735516747766
0.0
0.1421744229055166
0.0
0.0
0.0
0.0
0.21814918847478038
0.5135312399952877
0.46621116465582346
0.07839826893635371
0.0522022226275774
0.3771283383113806
0.0
0.09325264319292684
0.04048704324376486
0.07336392325013509
0.6175852851981339
0.0
0.41891796649871826
0.0
0.0
0.16716045609713098
0.13012668538428437
0.10021437322162514
0.37860704864359174
0.1814264255016932
0.2611139312848306
1.0
0.46169129505381196
0.31844037255713287
0.14876390195226435
0.12315119547666646
0.09803928426050079
0.0
0.0
0.0
0.0794570779878758
0.5111707791114656
0.0
0.4717199356581477
0.0
1.0
0.0
0.0
0.24573132982048557
0.6339753840036593
0.0
0.37358267222965086
0.7510916732966976
0.12001368037989041
0.23036124778812891
0.0
0.0
0.09513045145321018
0.0
0.530244206292081
0.16421959029574032
0.571160190521162
0.3572195029732559
0.0
0.40112489751588576
0.47305313744719824
0.4353779310777017
0.8611375548922774
0.3278632460565354
0.7975167679736697
0.19409555230491551
0.542324723262965
0.6392209670926589
0.4901279249862445
0.0
0.08747171266628827
0.0
0.0
0.7133080634020623
0.3872378091156031
0.5988751024841142
0.0
0.738691902289324
0.0
0.5503547701727963
0.19365486099167709
0.0
0.8048110033707636
0.07187006597796396
0.10871460360546575
0.2463166149123093
0.43067657947540283
0.3932783998693923
0.5519699759711874
0.1513973407047011
0.30120430046448315
0.29604257094750697
0.24301138510932518
0.4729779268802467
0.0
0.532140844977115
0.4226415903341982
0.20307962160105217
0.571160190521162
0.3499667757808118
0.0
0.0
0.0
0.13886244510772267
0.2276095228718936
0.6105751372907514
0.0
0.3510684273300023
0.0
0.7510916732966976
0.5710232435499047
0.49820613708745976
0.0
0.0
0.28906482458114624
0.16958010093853398
0.3248869326197382
0.0
0.0
0.18457570391786032
0.0
0.4473017054512069
0.0
0.11751610869937361
0.5599332544277942
0.590731634989391
0.40653587965298654
0.5316519611563479
0.0
0.30168003271489374
0.0
0.0
0.0
0.8115558494680665
0.5750739874713816
0.6366824354719541
0.47726564094699553
0.0
0.0
0.0
0.0
0.0
0.3277796890810007
0.0
0.5611044143034716
0.0
0.0
0.0
0.08274602423427091
0.31776903342464985
0.5142521093637139
0.0
0.31204908178595536
0.17465294154900782
0.24890832670330246
0.30308203540346296
0.0
0.15840915466048672
0.0
0.22119341474035012
0.0
0.28977428355863005
0.5365535775093435
0.0
0.08148406428894601
0.336372485352169
0.0
0.46785915502288505
0.8454256624124821
0.08116136270340722
0.0
0.6253338992213224
0.6405657284634788
0.0
0.0
0.346764693062886
0.6332971776779293
0.0
0.13106462836385266
0.38685280084609985
0.517363362959369
0.0
0.2532885876897848
0.0
0.5404673744595633
0.4440973233325389
0.0
0.10699313375706149
0.5644368831967609
0.2903892469861527
0.281323761382382
0.0
0.41797843503904547
0.6434035584760525
0.3868528126910807
1.0
0.0
0.1279154805774012
0.28838205087344393
0.2459929158178866
0.0
0.615870361770814
0.10699313375706149
0.7740186376374568
0.0
0.3643664280537661
0.0
0.3398431572850377
0.3379680339069022
0.27058427468050583
0.343109694868122
0.21408371716125948
0.07336392325013509
0.6437684099578401
0.0
0.905211632258121
0.20090155192080786
0.522527302307779
0.0
0.558615576429163
0.2128477782923502
0.0
0.49367902875674974
0.0
0.18038951645367055
0.3562071919441223
0.39504248081925086
0.0
0.7237776296335701
0.06943122255386133
