0.19316855629255533
0.04129669165560566
0.0
0.4202024784497377
0.44128517793150973
0.0
0.3757677523278681
0.0
0.028381038344552214
0.07839826893635371
0.0
0.4990267358461563
0.34905099998847006
0.4447551435226908
0.09094933753212026
0.3342330308082641
0.1790687102084044
0.23177307791062182
0.43948093672968325
0.43965926570431696
0.5
0.0
0.42882401713723417
0.0
0.0
0.5160290942095063
0.5437713003958233
0.1489138068389809
0.6758704012431607
0.29736948339151437
0.0
0.0
0.0
0.23864784463167216
0.0
0.0
0.8115558494680665
0.5715334240458936
0.5
0.6096199554813788
0.3142144877492039
0.0
0.28880610392299916
0.23463936141322095
0.5135285458864002
0.4313354067397991
0.0
0.24630239095333292
0.0
0.3427089240130399
0.541203730684675
0.0
0.33613676528243436
0.17120918146441172
0.9148568849663433
0.1546402837907572
0.36005585984807276
0.28906482458114624
0.0
0.0
0.0
1.0
0.0
0.7799082368088404
0.5469356302849687
0.0
0.0
0.19342640634554034
0.0
0.4595326255404367
0.0
0.07336392325013509
0.0
0.6309297680854797
0.41832257460874656
0.0
0.458199342646697
0.19010725776614473
0.0
0.30878993541157657
0.541399658135075
0.0
0.8887517055338928
0.0
0.09519796421621604
0.3831292949814487
0.14876390195226435
0.05043810976673007
0.2825994164397329
0.7289115249914968
0.39808473280010714
0.3725907554450512
0.3718350516315943
0.03668196053185994
0.36602461599634073
1.0
0.5095838254068797
0.04483142096974917
0.0
0.043751864216138414
0.0
0.1988815614768734
0.5509662080453018
0.24735152396653137
0.20210735516747766
0.0
0.11889542110693836
0.0
0.0
0.0
0.0
0.2610973839891436
0.5135312399952877
0.42656193893939626
0.07839826893635371
0.0391403808264184
0.34904754531176435
0.0
0.09898110401338361
0.02729024070467082
0.07336392325013509
0.6175852851981339
0.0
0.41891796649871826
0.0
0.0
0.16716045609713098
0.13012668538428437
0.10977340856544346
0.3902346306292802
0.133350079178409
0.19790444917207942
1.0
0.46169129505381196
0.2697756699109344
0.14876390195226435
0.12315119547666646
0.09803928426050079
0.0
0.0
0.0
0.0794570779878758
0.5111707791114656
0.0
0.3731548116928598
0.0
1.0
0.0
0.0
0.24573132982048557
0.6339753840036593
0.0
0.31736178931954606
0.7510916732966976
0.09097011914922828
0.23036124778812891
0.0
0.0
0.06992175036510864
0.0
0.530244206292081
0.16421959029574032
0.571160190521162
0.3065978583130703
0.0
0.40112489751588576
0.5535822241661835
0.4686365361142134
0.8611375548922774
0.27775852079876023
0.7975167679736697
0.21399300457305176
0.542324723262965
0.541533924338058
0.5252945421632246
0.0
0.08747171266628827
0.0
0.0
0.7133080634020623
0.37972603357993184
0.5988751024841142
0.0
0.6863656198127676
0.0
0.562668404535962
0.1709601287162814
0.0
0.8048110033707636
0.05912262539424317
0.07470225983021656
0.21087309447524222
0.43067657947540283
0.3932783998693923
0.5519699759711874
0.1513973407047011
0.30120430046448315
0.2714043223658045
0.24301138510932518
0.3394058686177518
0.0
0.532140844977115
0.4226415903341982
0.16151917071281935
0.571160190521162
0.3499667757808118
0.0
0.0
0.0
0.13886244510772267
0.19282577462710557
0.5963846181184753
0.0
0.3510684273300023
0.0
0.7510916732966976
0.45170885267297345
0.462594640134824
0.0
0.0
0.28906482458114624
0.16958010093853398
0.2752370536090658
0.0
0.0
0.18457570391786032
0.0
0.3942548688930659
0.0
0.11751610869937361
0.5599332544277942
0.5492469138721738
0.3767674725656474
0.5562983885968157
0.0
0.29063766176971967
0.0
0.0
0.0
0.8115558494680665
0.5750739874713816
0.6366824354719541
0.47726564094699553
0.0
0.0
0.0
0.0
0.0
0.2671395825728891
0.0
0.5347028885267238
0.0
0.0
0.0
0.08274602423427091
0.2557159159547765
0.5142521093637139
0.0
0.31204908178595536
0.17465294154900782
0.24890832670330246
0.30308203540346296
0.0
0.15840915466048672
0.0
0.22119341474035012
0.0
0.3045566899556057
0.5365535775093435
0.0
0.08460552964005688
0.35078422800268017
0.0
0.46785915502288505
0.8454256624124821
0.06336908592204825
0.0
0.6253338992213224
0.6571286167049463
0.0
0.0
0.3351928226372425
0.6332971776779293
0.0
0.14123014885182106
0.38685280084609985
0.517363362959369
0.0
0.21844702577727798
0.0
0.5404673744595633
0.4440973233325389
0.0
0.10699313375706149
0.45488508128362726
0.2903892469861527
0.18754917425492135
0.0
0.3694810120161124
0.6434035584760525
0.3868528126910807
1.0
0.0
0.11687310963222713
0.28838205087344393
0.18520220618479366
0.0
0.615870361770814
0.10699313375706149
0.7231461579333207
0.0
0.2761889916975154
0.0
0.30250889726147445
0.3379680339069022
0.22923303783097101
0.30441611013860637
0.21408371716125948
0.07336392325013509
0.6437684099578401
0.0
0.905211632258121
0.18867423137911868
0.5164016283776668
0.0
0.4317102407887146
0.2128477782923502
0.0
0.49367902875674974
0.0
0.15282202522064733
0.3562071919441223
0.33904745026491523
0.0
0.709587110461294
0.06943122255386133
