0.18807401487289394
0.0
0.0
0.15101961361645377
0.33916020187706797
0.0
0.34519134154579534
0.0
0.04373502467722413
0.0
0.0
0.44685353060880906
0.3156484565771367
0.4852285575156707
0.0
0.17171904497518437
0.2025950559514474
0.1460683556386027
0.3631143796219004
0.43965926570431696
0.5
0.0
0.3031246606295382
0.0
0.0
0.4852285575156707
0.5437713003958233
0.0
0.8304198990614661
0.34519134154579534
0.0
0.0
0.0
0.31557426276088346
0.0
0.0
0.8304198990614661
0.518840483677717
0.5
0.6096199554813788
0.41383857559589565
0.0
0.31920241970650187
0.23463936141322095
0.6843515434228633
0.4394219268671367
0.0
0.24630239095333292
0.0
0.3467253126199842
0.6992148250297936
0.0
0.06934506252399683
0.18583510691190772
0.8687949259683276
0.0
0.21398626751412297
0.0
0.0
0.0
0.0
1.0
0.0
0.660839798122932
0.5296347240912597
0.0
0.0
0.0
0.0
0.4852285575156707
0.0
0.0
0.0
0.6309297680854797
0.4322558203321912
0.0
0.458199342646697
0.0
0.0
0.16520887730975475
0.541399658135075
0.0
0.8687949259683276
0.0
0.06229194031648807
0.3249080556755212
0.1312050740316724
0.0
0.30078517497020635
0.6843515434228633
0.27727342967027513
0.1312050740316724
0.34519134154579534
0.05652670031284466
0.34519134154579534
1.0
0.3600546231527257
0.05652670031284466
0.0
0.0
0.0
0.0
0.6399453768472743
0.26625043085293415
0.20210735516747766
0.0
0.0
0.0
0.0
0.0
0.0
0.2610973839891436
0.3903800445186212
0.40255583118596466
0.0
0.0
0.3690679745820446
0.0
0.0
0.0
0.0
0.5087403028156019
0.0
0.3156484565771367
0.0
0.0
0.0
0.0
0.0
0.34519134154579534
0.12389007127460513
0.19790444917207942
1.0
0.5531464693911909
0.2285418014311689
0.1312050740316724
0.0
0.0
0.0
0.0
0.0
0.0
0.44685353060880906
0.0
0.21215165392290058
0.0
1.0
0.0
0.0
0.16958010093853398
0.6548086584542047
0.0
0.12907565118668263
0.6164336315473431
0.06934506252399683
0.0
0.0
0.0
0.04792722106960394
0.0
0.4912596971843981
0.1460683556386027
0.33916020187706797
0.15684879095627366
0.0
0.27727342967027513
0.6062493212590764
0.5531464693911909
0.786013732485877
0.36729198439611355
0.786013732485877
0.0
0.5147714424843294
0.3937506787409237
0.41607037514398104
0.0
0.0
0.0
0.0
0.786013732485877
0.12103812654063348
0.7227265703297249
0.0
0.6863656198127676
0.0
0.6856254042935067
0.17989452591120664
0.0
0.6992148250297936
0.0
0.05652670031284466
0.09242447655675837
0.43067657947540283
0.4852285575156707
0.5296347240912597
0.1312050740316724
0.1460683556386027
0.1312050740316724
0.0
0.220279932707644
0.0
0.6992148250297936
0.3156484565771367
0.09242447655675837
0.33916020187706797
0.33916020187706797
0.0
0.0
0.0
0.21398626751412297
0.0
0.5968814940684151
0.0
0.0
0.0
0.6164336315473431
0.3108820460807984
0.4063150941563496
0.0
0.0
0.0
0.16958010093853398
0.3031246606295382
0.0
0.0
0.0
0.0
0.3431272815962261
0.0
0.0
0.6399453768472743
0.7442890876982287
0.3690679745820446
0.5562983885968157
0.0
0.30078517497020635
0.0
0.0
0.0
0.8304198990614661
0.34519134154579534
0.6366824354719541
0.6399453768472743
0.0
0.0
0.0
0.0
0.0
0.16958010093853398
0.0
0.5574297546951361
0.0
0.0
0.0
0.0
0.12785545615088564
0.6399453768472743
0.0
0.3600546231527257
0.1312050740316724
0.38356636845265696
0.3600546231527257
0.0
0.1460683556386027
0.0
0.0
0.0
0.33916020187706797
0.5087403028156019
0.0
0.0
0.33927379996918383
0.0
0.30078517497020635
0.8687949259683276
0.0
0.0
0.5296347240912597
0.7429498497070177
0.0
0.0
0.3600546231527257
0.6399453768472743
0.0
0.0
0.38685280084609985
0.6992148250297936
0.0
0.1312050740316724
0.0
0.5147714424843294
0.6843515434228633
0.0
0.0
0.38297332224823033
0.21398626751412297
0.14895117686960302
0.0
0.3263685262414474
0.6843515434228633
0.3868528126910807
1.0
0.0
0.1460683556386027
0.1312050740316724
0.11305340062568932
0.0
0.6548086584542047
0.0
0.6864231493941731
0.0
0.29553891600426735
0.0
0.2611321361538678
0.18154178830288964
0.3031246606295382
0.20253382986971338
0.0
0.0
0.5531464693911909
0.0
0.8539316443613972
0.1460683556386027
0.37167021382381543
0.0
0.4307122370924018
0.0
0.0
0.6399453768472743
0.0
0.2020831070863588
0.0
0.1052161521923789
0.0
0.552475327492826
0.0
