0.23570627034368255
0.0
0.0
0.15101961361645377
0.33916020187706797
0.0
0.34519134154579534
0.0
0.0656025370158362
0.0
0.0
0.44685353060880906
0.3156484565771367
0.4852285575156707
0.0
0.23851911406750761
0.2308584061078697
0.1460683556386027
0.31939394175918745
0.4262087601907598
0.5
0.0
0.3798950283188771
0.0
0.0
0.4852285575156707
0.5437713003958233
0.0
0.8304198990614661
0.34519134154579534
0.0
0.0
0.0
0.39549765841971984
0.0
0.0
0.8304198990614661
0.6191463535760927
0.5
0.6096199554813788
0.47036527590874033
0.0
0.3718104958026913
0.23463936141322095
0.6843515434228633
0.4895527893621711
0.0
0.24630239095333292
0.0
0.3937481521657307
0.6992148250297936
0.0
0.09843703804143268
0.18148604598834192
0.8687949259683276
0.0
0.21398626751412297
0.0
0.0
0.0
0.0
1.0
0.0
0.660839798122932
0.5296347240912597
0.0
0.0
0.0
0.0
0.4852285575156707
0.0
0.0
0.0
0.6309297680854797
0.4566005462719583
0.0
0.40303029120406275
0.0
0.0
0.2070502313925009
0.541399658135075
0.0
0.8687949259683276
0.0
0.08447694832226785
0.4406226694711661
0.1312050740316724
0.0
0.30078517497020635
0.6843515434228633
0.27727342967027513
0.1312050740316724
0.34519134154579534
0.08479005046926699
0.34519134154579534
1.0
0.3600546231527257
0.08479005046926699
0.0
0.0
0.0
0.0
0.6399453768472743
0.33368190749879323
0.20210735516747766
0.0
0.0
0.0
0.0
0.0
0.0
0.21814918847478038
0.3903800445186212
0.43673949438910736
0.0
0.0
0.4064632187598713
0.0
0.0
0.0
0.0
0.5087403028156019
0.0
0.3156484565771367
0.0
0.0
0.0
0.0
0.0
0.34519134154579534
0.18148604598834192
0.2611139312848306
1.0
0.5531464693911909
0.28642306418232966
0.1312050740316724
0.0
0.0
0.0
0.0
0.0
0.0
0.44685353060880906
0.0
0.2877085577022035
0.0
1.0
0.0
0.0
0.16958010093853398
0.6548086584542047
0.0
0.18322609171618134
0.6164336315473431
0.09843703804143268
0.0
0.0
0.0
0.07020838520507416
0.0
0.4912596971843981
0.1460683556386027
0.33916020187706797
0.222650753206438
0.0
0.27727342967027513
0.5065267044251694
0.5531464693911909
0.786013732485877
0.4603135836050856
0.786013732485877
0.0
0.5147714424843294
0.4934732955748305
0.3937481521657307
0.0
0.0
0.0
0.0
0.786013732485877
0.15969697087959372
0.7227265703297249
0.0
0.738691902289324
0.0
0.6994778044709516
0.20423925185097375
0.0
0.6992148250297936
0.0
0.08479005046926699
0.13863671483513756
0.43067657947540283
0.4852285575156707
0.5296347240912597
0.1312050740316724
0.1460683556386027
0.1312050740316724
0.0
0.330419899061466
0.0
0.6992148250297936
0.3156484565771367
0.13863671483513756
0.33916020187706797
0.33916020187706797
0.0
0.0
0.0
0.21398626751412297
0.0
0.6187490064070271
0.0
0.0
0.0
0.6164336315473431
0.4216013565744893
0.48070432900576665
0.0
0.0
0.0
0.16958010093853398
0.3798950283188771
0.0
0.0
0.0
0.0
0.4653305947461751
0.0
0.0
0.6399453768472743
0.8082168157736715
0.4064632187598713
0.5316519611563479
0.0
0.30078517497020635
0.0
0.0
0.0
0.8304198990614661
0.34519134154579534
0.6366824354719541
0.6399453768472743
0.0
0.0
0.0
0.0
0.0
0.25437015140780095
0.0
0.5817744806349033
0.0
0.0
0.0
0.0
0.19178318422632848
0.6399453768472743
0.0
0.3600546231527257
0.1312050740316724
0.38356636845265696
0.3600546231527257
0.0
0.1460683556386027
0.0
0.0
0.0
0.33916020187706797
0.5087403028156019
0.0
0.0
0.3161248256298911
0.0
0.30078517497020635
0.8687949259683276
0.0
0.0
0.5296347240912597
0.7648173620456298
0.0
0.0
0.3600546231527257
0.6399453768472743
0.0
0.0
0.38685280084609985
0.6992148250297936
0.0
0.1312050740316724
0.0
0.5147714424843294
0.6843515434228633
0.0
0.0
0.490807628901436
0.21398626751412297
0.22342676530440453
0.0
0.40476273889290415
0.6843515434228633
0.3868528126910807
1.0
0.0
0.1460683556386027
0.1312050740316724
0.16958010093853398
0.0
0.6548086584542047
0.0
0.7648173620456298
0.0
0.41952482928930335
0.0
0.3186640264115004
0.18154178830288964
0.3798950283188771
0.23819820778873388
0.0
0.0
0.5531464693911909
0.0
0.8539316443613972
0.1460683556386027
0.36297209197668384
0.0
0.5730341778193013
0.0
0.0
0.6399453768472743
0.0
0.2532633522125847
0.0
0.15782422828856835
0.0
0.5743428398314381
0.0
