0.07817641598004023
0.12389007127460513
0.0
0.0
0.33916020187706797
0.0
0.34519134154579534
0.0
0.04373502467722413
0.16958010093853398
0.0
0.44685353060880906
0.4852285575156707
0.5531464693911909
0.0
0.3076326377438555
0.2846438814537991
0.27727342967027513
0.104256572649262
0.27739411854745705
0.43067657947540283
0.0
0.3937506787409237
0.0
0.0
0.5531464693911909
0.0
0.19928998052180238
0.660839798122932
0.33916020187706797
0.0
0.0
0.0
0.32958335497434826
0.0
0.0
0.6399453768472743
0.41247582896544566
0.0
0.5925120268290973
0.39032683029596443
0.0
0.16958010093853398
0.23463936141322095
0.6548086584542047
0.2577212921913471
0.0
0.0
0.0
0.26669549442033424
0.8539316443613972
0.0
0.0597305886626858
0.18583510691190772
1.0
0.1312050740316724
0.6548086584542047
0.0
0.0
0.0
0.0
1.0
0.0
0.5296347240912597
0.786013732485877
0.0
0.0
0.0
0.0
0.7227265703297249
0.0
0.0
0.0
0.43067657947540283
0.24090885677657498
0.0
0.0
0.0
0.0
0.36729198439611355
0.5855700667779318
0.0
1.0
0.0
0.08051116623719293
0.3431272815962261
0.1312050740316724
0.1010415535431794
0.1312050740316724
0.8304198990614661
0.30078517497020635
0.16958010093853398
0.34519134154579534
0.07132875583804099
0.3600546231527257
0.786013732485877
0.30078517497020635
0.07132875583804099
0.0
0.0
0.0
0.0
0.38356636845265696
0.16520887730975475
0.2960819157603371
0.0
0.18980338031582686
0.0
0.0
0.0
0.0
0.3031246606295382
0.0
0.4658036811283277
0.27727342967027513
0.0
0.47190437855518425
0.0
0.0
0.0
0.0
0.5087403028156019
0.0
0.38356636845265696
0.0
0.0
0.18154178830288964
0.16812754226873525
0.0
0.38356636845265696
0.12389007127460513
0.0
1.0
0.38356636845265696
0.21453270921770404
0.0
0.0
0.0
0.0
0.0
0.0
0.0
0.660839798122932
0.0
0.21215165392290058
0.0
1.0
0.0
0.0
0.47036527590874033
0.6164336315473431
0.0
0.14723431709496262
0.6164336315473431
0.05365266332451218
0.15101961361645377
0.0
0.0
0.0533565521275108
0.0
0.4912596971843981
0.34519134154579534
0.786013732485877
0.2798465168047827
0.0
0.3156484565771367
0.46067715964400874
0.5087403028156019
0.786013732485877
0.28911556841607333
1.0
0.0
0.786013732485877
0.3937506787409237
0.0
0.0
0.0
0.0
0.0
0.6843515434228633
0.8789618734593665
0.47036527590874033
0.0
0.7424693283007794
0.0
0.46677404785717336
0.17989452591120664
0.0
0.786013732485877
0.0
0.0
0.2025950559514474
0.6309297680854797
0.5087403028156019
0.7227265703297249
0.0
0.21398626751412297
0.21398626751412297
0.27727342967027513
0.220279932707644
0.0
0.6992148250297936
0.0
0.4394219268671367
0.27727342967027513
0.33916020187706797
0.0
0.0
0.0
0.21398626751412297
0.07817641598004023
0.6843515434228633
0.0
0.0
0.0
0.7227265703297249
0.3942566030447408
0.38789111212389304
0.0
0.0
0.0
0.16958010093853398
0.5088013244975679
0.0
0.0
0.0
0.0
0.2626161153590331
0.0
0.0
0.4912596971843981
0.7261374142922457
0.10159378288464728
0.27814919429840784
0.0
0.2025950559514474
0.0
0.0
0.0
1.0
0.27727342967027513
0.36331756452804587
0.3156484565771367
0.0
0.0
0.0
0.0
0.0
0.16174285250522355
0.0
0.5289635821928947
0.0
0.0
0.0
0.0
0.220279932707644
0.6992148250297936
0.07817641598004023
0.6548086584542047
0.27727342967027513
0.33916020187706797
0.5087403028156019
0.0
0.33916020187706797
0.0
0.1460683556386027
0.0
0.21398626751412297
0.8687949259683276
0.0
0.0
0.46953320499368306
0.0
0.3156484565771367
1.0
0.10961051039999384
0.0
0.4912596971843981
0.8151510468864832
0.0
0.0
0.5733697487684838
0.8304198990614661
0.0
0.0
0.38685280084609985
0.4912596971843981
0.0
0.20253382986971338
0.0
0.4912596971843981
0.5296347240912597
0.0
0.0
0.47368946085155905
0.21398626751412297
0.16375323239479936
0.0
0.4724368818800501
0.8304198990614661
0.3065735936544597
1.0
0.18154178830288964
0.0
0.33916020187706797
0.11305340062568932
0.0
0.4852285575156707
0.0
0.6043130978100874
0.0
0.29553891600426735
0.0
0.12785545615088564
0.23463936141322095
0.21453270921770404
0.07132875583804099
0.16958010093853398
0.0
0.8687949259683276
0.0
0.786013732485877
0.21398626751412297
0.07816593393738018
0.0
0.2846438814537991
0.0
0.0
0.5087403028156019
0.0
0.1275002478879895
0.38685280084609985
0.2133151256157581
0.0
0.5968814940684151
0.16958010093853398
