0.1644966095503409
0.12389007127460513
0.0
0.2691828648332839
0.3557772114160654
0.0
0.2240055601413793
0.0
0.028381038344552214
0.1834098048457149
0.0
0.562647522764764
0.5732644343379205
0.5621931441386695
0.0
0.3076326377438555
0.2948745715350405
0.3098064953651878
0.4436365664537942
0.27739411854745705
0.43067657947540283
0.14804095788016855
0.45135443664742125
0.0
0.0
0.6304944072305367
0.0
0.19928998052180238
0.5766693009690531
0.2984900321275133
0.31546488404273987
0.0
0.0
0.2974519726168719
0.0
0.0
0.7663491871503983
0.5325411274124692
0.0
0.5925120268290973
0.29895697389550313
0.0
0.2119373039309992
0.23463936141322095
0.49828993577875347
0.39766781921113614
0.0
0.0
0.0
0.2724693952744066
0.6480290685653584
0.0
0.3508513383961883
0.17120918146441172
0.9337457743289556
0.14174235243001435
0.6363762909374412
0.3562071919441223
0.0
0.0
0.0
1.0
0.0
0.6253338992213224
0.6457545757871808
0.0
0.0
0.0
0.0
0.46900008989446207
0.0
0.07336392325013509
0.0
0.43067657947540283
0.2668857409685611
0.0
0.2586879070392984
0.0
0.0
0.3814939418741667
0.5855700667779318
0.0
0.8932076528274571
0.0
0.10969394451488755
0.46985553033394956
0.15457433758751796
0.07994251074851268
0.237219944760875
0.66876070366407
0.40777830872726784
0.24573132982048557
0.36602461599634073
0.10990826862118194
0.31204908178595536
0.8611375548922774
0.5724808574469887
0.056570956070772706
0.0
0.04623004306042716
0.0
0.1988815614768734
0.536355967114697
0.27631749241896786
0.2960819157603371
0.0
0.32588614064689825
0.0
0.0
0.0
0.0
0.503302234191082
0.12315119547666646
0.49129824631599317
0.17993148277553564
0.14518224074505506
0.4463054946533805
0.0
0.0
0.09556943279054234
0.07336392325013509
0.6812060721167417
0.0
0.40404507806611967
0.0
0.0
0.18154178830288964
0.16812754226873525
0.10977340856544346
0.40669902424539245
0.133350079178409
0.08622930234643279
1.0
0.33657576756453716
0.2613874910784562
0.13698471016874283
0.11751610869937361
0.10209739895755823
0.0
0.0
0.0
0.0
0.5734923040862362
0.0
0.3731548116928598
0.0
1.0
0.0
0.0
0.3714891038958607
0.6141069631279548
0.0
0.2310291478195971
0.7510916732966976
0.04393349181367462
0.4029209321542086
0.0
0.0
0.07718620610935376
0.0
0.45841207680443785
0.29025978581242373
0.5834330508124101
0.4225542843613
0.0
0.3526637408276738
0.3943835390581246
0.5140755651665487
0.8611375548922774
0.21863889231117947
1.0
0.22209300555744255
0.7975167679736697
0.48709761986699734
0.2858498997175998
0.0
0.08747171266628827
0.0
0.0
0.6531466948075798
0.8789618734593665
0.4498873728322144
0.0
0.820557432535067
0.0
0.3529901946899935
0.2008477435868345
0.0
0.7975167679736697
0.0
0.03155729826387461
0.2648089392166314
0.6309297680854797
0.39639187045778385
0.6804503683032849
0.13698471016874283
0.3529461622689821
0.39947390695445445
0.2829314317007193
0.3394058686177518
0.0
0.5957616318957227
0.3258437211473943
0.30829850291885885
0.45763598685540285
0.3499667757808118
0.0
0.0
0.0
0.13886244510772267
0.20776993120214435
0.5396613021985182
0.0
0.3510684273300023
0.0
0.8200685172244644
0.5180451471137977
0.41730784148170863
0.0
0.0
0.31546488404273987
0.16958010093853398
0.43920893572042874
0.02208474189034815
0.0
0.0
0.0
0.5271490483896119
0.0
0.12315119547666646
0.46344642249065643
0.543885633517037
0.208948399920538
0.27814919429840784
0.0
0.3005067487368232
0.0
0.0
0.0
0.8630152898312572
0.4673791231869302
0.36331756452804587
0.2354078463452512
0.0
0.0
0.0
0.0
0.0
0.26960098191761456
0.0
0.4356481512607532
0.0
0.0
0.0
0.0794570779878758
0.3033399575859852
0.5553271521274217
0.07817641598004023
0.4249260125286184
0.19215663938483388
0.4341754803524191
0.39956886734060076
0.0
0.3557772114160654
0.0
0.30623864615070173
0.0
0.19215388176257167
0.7670273934761284
0.0
0.16467574804560384
0.4961969261653175
0.0
0.482538753417326
0.8521705085097849
0.10961051039999384
0.0
0.5914640862769069
0.7513719452272422
0.0
0.0
0.37207773278973366
0.6172839600107716
0.0
0.0
0.38685280084609985
0.4666234193734733
0.06943122255386133
0.35781327342730523
0.13565197169348978
0.5399873426236084
0.4073174813637892
0.0
0.09803928426050079
0.4994915835773364
0.21905299467699513
0.20208052276488428
0.0
0.41481109931304033
0.8205228958505588
0.3065735936544597
1.0
0.4899692230181984
0.08975354323072564
0.4977962672710268
0.14278834823905517
0.0
0.488771290886455
0.30712981697512054
0.6990567924962842
0.0
0.2798575659593945
0.0
0.3041628569747843
0.39106560701723353
0.1622368320213485
0.2420494481294271
0.17366666851418752
0.0
0.772061739162347
0.0
0.8611375548922774
0.18646082704238814
0.33444761209964996
0.0
0.43264986075008693
0.13869916244965078
0.0
0.39375843170534713
0.0
0.14462994739622453
0.38685280084609985
0.32989232048279704
0.11284513908875529
0.7384036739734368
0.1100458815955798
