0.19417007340539513
0.18148604598834192
0.0
0.2691828648332839
0.3557772114160654
0.0
0.2240055601413793
1.0
0.04257155751682832
0.1834098048457149
1.0
0.562647522764764
0.5492537117600217
0.5621931441386695
0.0
0.33503238398725804
0.35547852304546695
0.3098064953651878
0.47156097900397853
0.2689077942231559
0.43067657947540283
0.14804095788016855
0.5327740452234684
1.0
1.0
0.620363455703222
0.0
0.1845435746646914
0.5766693009690531
0.2984900321275133
0.31546488404273987
1.0
1.0
0.35110919012541986
0.0
0.0
0.7663491871503983
0.5922281990488947
0.0
0.5925120268290973
0.35846971945548683
1.0
0.2450639784198285
0.23463936141322095
0.49828993577875347
0.4313720506151175
1.0
0.0
0.0
0.29711220399674376
0.6602563891070475
1.0
0.3595559784767988
0.16130057216067287
0.9337457743289556
0.16631474872182764
0.6363762909374412
0.3562071919441223
1.0
0.0
0.0
1.0
1.0
0.6253338992213224
0.6457545757871808
0.0
0.0
0.0
1.0
0.46900008989446207
0.0
0.07336392325013509
0.0
0.43067657947540283
0.2865836149253643
1.0
0.22754083823600943
0.0
0.0
0.4637479237408767
0.5855700667779318
1.0
0.8932076528274571
1.0
0.13866850654800575
0.5428715280372289
0.15457433758751796
0.09515663069234233
0.237219944760875
0.66876070366407
0.40777830872726784
0.24573132982048557
0.36602461599634073
0.13305200947246906
0.31204908178595536
0.8611375548922774
0.5724808574469887
0.08039138893043488
0.0
0.06562469398339
0.0
0.1988815614768734
0.536355967114697
0.32616227126411623
0.2960819157603371
1.0
0.36242159340949837
0.0
0.0
0.0
0.0
0.5041385690921064
0.12315119547666646
0.5258114364346684
0.17993148277553564
0.14648883341052096
0.4924788264826945
0.0
0.0
0.1059279449981089
0.07336392325013509
0.6812060721167417
0.0
0.41508744901129374
1.0
0.0
0.18154178830288964
0.16812754226873525
0.10021437322162514
0.3945808628195675
0.1814264255016932
0.11377041911800471
1.0
0.33657576756453716
0.30853905420113703
0.13698471016874283
0.11751610869937361
0.10209739895755823
1.0
0.0
0.0
0.0
0.5734923040862362
1.0
0.4717199356581477
1.0
1.0
1.0
1.0
0.3714891038958607
0.6141069631279548
1.0
0.304788633500375
0.7510916732966976
0.05795991138419441
0.4029209321542086
0.0
0.0
0.10501394193940877
0.0
0.45841207680443785
0.29025978581242373
0.5834330508124101
0.5040925560321965
0.0
0.3526637408276738
0.3517130791849408
0.47759220362038685
0.8611375548922774
0.2580790563731593
1.0
0.21708047564705613
0.7975167679736697
0.5749649239805389
0.2755701558313575
1.0
0.08747171266628827
0.0
0.0
0.6531466948075798
0.8403030291204062
0.4498873728322144
1.0
0.7701749506002451
0.0
0.33897638530351976
0.23612730689228714
0.0
0.7975167679736697
0.0
0.04592550719903215
0.3115389035876056
0.6309297680854797
0.39639187045778385
0.6804503683032849
0.13698471016874283
0.3529461622689821
0.4220881483252721
0.2829314317007193
0.4729779268802467
1.0
0.5957616318957227
0.3258437211473943
0.3524018727827085
0.45763598685540285
0.3499667757808118
0.0
0.0
1.0
0.13886244510772267
0.2452494486253116
0.5527276803545771
0.0
0.3510684273300023
1.0
0.8200685172244644
0.6548816089384284
0.4550196155736064
0.0
0.0
0.31546488404273987
0.16958010093853398
0.5184376232571681
0.03312711283552223
0.0
0.0
1.0
0.565588650572271
0.0
0.12315119547666646
0.46344642249065643
0.6033654440112464
0.21015446279495342
0.26582598057817397
1.0
0.3294511934891878
0.0
0.0
0.0
0.8630152898312572
0.4673791231869302
0.36331756452804587
0.2354078463452512
1.0
1.0
1.0
1.0
0.0
0.3281566684319288
1.0
0.4629050485890882
1.0
0.0
0.0
0.0794570779878758
0.3825383016673105
0.5553271521274217
0.09797563715511069
0.4249260125286184
0.19215663938483388
0.4341754803524191
0.39956886734060076
0.0
0.3557772114160654
0.0
0.30623864615070173
0.0
0.18282722152278252
0.7670273934761284
1.0
0.15860014466743827
0.4718925339609106
0.0
0.482538753417326
0.8521705085097849
0.14038609301738755
0.0
0.5914640862769069
0.7626452378793247
1.0
1.0
0.38626825196200976
0.6172839600107716
0.0
0.0
0.38685280084609985
0.4666234193734733
0.06943122255386133
0.3925288847042359
0.13565197169348978
0.5399873426236084
0.4073174813637892
1.0
0.09803928426050079
0.5907732039925657
0.21905299467699513
0.3031207841473264
1.0
0.47376392120333277
0.8205228958505588
0.3065735936544597
1.0
0.4899692230181984
0.10281992138678459
0.4977962672710268
0.21418252235858273
1.0
0.488771290886455
0.30712981697512054
0.7467811239733182
1.0
0.3692062491184479
0.0
0.34564757809200136
0.39106560701723353
0.19150265570065492
0.2561102221619105
0.17366666851418752
0.0
0.772061739162347
0.0
0.8611375548922774
0.21026001800972086
0.3647889194746386
1.0
0.5694395346517922
0.13869916244965078
1.0
0.39375843170534713
1.0
0.17071967367174928
0.38685280084609985
0.4223480221636324
0.11284513908875529
0.7525941931457129
0.1100458815955798
