0.19472593841997085
0.05463274623600331
0.0
0.2900757930654533
0.30523487822481626
0.0
0.34713572663372855
1.0
0.07438195097613218
0.06625422567104446
1.0
0.530244206292081
0.1322898150797574
0.3531437726636287
0.08777548966847498
0.0922717873323457
0.2238570719376415
0.3674585261355276
0.2751109806840258
0.2689077942231559
0.3562071919441223
0.0
0.5615314271731702
1.0
1.0
0.46015489338348237
0.0
0.08496222384698669
0.5352543155655065
0.19518899662923644
0.0
1.0
1.0
0.2816974139274902
0.0
0.0
0.8115558494680665
0.5951221160567362
0.38685280084609985
0.5925120268290973
0.305397659024894
1.0
0.2948976147998368
0.20210735516747766
0.38113435660408307
0.3987092316765109
1.0
0.15101961361645377
0.0
0.3805579908650928
0.5771493328050079
1.0
0.2623209361201264
0.13893675737116795
0.6968404671088101
0.14584606817575108
0.23758351354587542
0.0
1.0
0.0
0.0
0.43067657947540283
1.0
0.6281460446223516
0.543100813212
0.0
0.0
0.21840743783974695
1.0
0.5302631100381351
0.0
0.07839826893635371
0.0
0.38685280084609985
0.3982379789351859
1.0
0.31939394175918745
0.0
0.0
0.21375217272471092
0.39732200456978667
1.0
0.8664503013504115
1.0
0.12034355754689402
0.45224996634230963
0.15850703828379173
0.060037150934515185
0.2084508005970335
0.7100226356288846
0.37993306276337796
0.29922683219491614
0.4516672307071349
0.0550229407977899
0.2781981725875939
1.0
0.11706258998752612
0.08039138893043488
0.0
0.056909370267468715
0.0
0.19632790741628972
0.40067051888979127
0.29197114576893246
0.20210735516747766
1.0
0.06871175262243245
0.0
0.0
0.0
0.0
0.07320952648016386
0.1951900222593106
0.30235110293678097
0.20904937147504088
0.05578441974372854
0.2556650723534731
0.0
0.0
0.03788716732472555
0.1513973407047011
0.6175852851981339
0.0
0.46008918737538046
1.0
0.0
0.15642624560401258
0.0
0.0
0.11867423857014502
0.1814264255016932
0.2513259094600176
1.0
0.4205117181206806
0.26089772320814575
0.15840915466048672
0.3127061309586842
0.0
1.0
0.0
0.0
0.0
0.4990267358461563
1.0
0.5199176758451239
1.0
1.0
1.0
1.0
0.2024832320263304
0.45841207680443785
1.0
0.2947290820276398
0.7510916732966976
0.13943787392972506
0.0
0.0
0.28609972839754233
0.05444669617420636
0.0
0.35359815128972316
0.14782949149021504
0.5113553169294689
0.1079013128550451
0.0
0.40112489751588576
0.27977049549229044
0.4353779310777017
0.8611375548922774
0.18038951645367055
0.8611375548922774
0.19409555230491551
0.5494344208420556
0.6392209670926589
0.21620309458152287
1.0
0.10778915486707714
0.0
0.0
0.6457545757871808
0.5405857815460756
0.5988751024841142
1.0
0.6405389953271454
0.0
0.48570528793549167
0.19739951685855556
0.0
0.8048110033707636
0.076801900871673
0.13898980900496777
0.22237577487387775
0.31546488404273987
0.35895420829888225
0.718362795223859
0.07336392325013509
0.1517621921864888
0.25732455059082243
0.24025211837348825
0.4729779268802467
1.0
0.5271064992908964
0.4852285575156707
0.21015755603293018
0.4977962672710268
0.41528075982039603
0.0
0.0
1.0
0.13886244510772267
0.1144324985491314
0.5898994077361908
0.0
0.1993062351435135
1.0
0.6874708863780898
0.7358599678290738
0.36081788013404703
0.23981247076184994
0.0
0.0
0.11305340399494321
0.4127613332861892
0.0
0.0
0.18457570391786032
1.0
0.47821465236489263
0.0
0.0
0.4420219779989125
0.5126982175348249
0.36864617004347355
0.16771752427728254
1.0
0.2685529198793715
0.0
0.0
0.0
0.7151857983410421
0.4768262014053774
0.6366824354719541
0.45253088625491006
1.0
1.0
1.0
1.0
0.0
0.34685264685914236
1.0
0.5501109611193825
1.0
0.0
0.0
0.09791292548706874
0.3343565425424891
0.30247629840240087
0.0
0.3125291136219102
0.22044053289408294
0.2588097835478442
0.29062463729421145
0.13565197169348978
0.11152538177187593
0.0
0.08514311503365664
0.0
0.28977428355863005
0.41656694918758985
1.0
0.07358744386647537
0.29186556598401364
0.0
0.5779050366184648
0.8414929617162082
0.10001307196345996
0.0
0.6947651217751838
0.5725745038016106
1.0
1.0
0.43502127868493423
0.5141863660765521
0.0
0.11076246431104093
0.3010300099849701
0.45374257604076124
0.06362078691860773
0.22147819423048093
0.13565197169348978
0.3183191631215857
0.4249260125286184
1.0
0.09803928426050079
0.3892102363694352
0.32597357348457556
0.19449042712528825
1.0
0.41797843503904547
0.5388856910744179
0.6131471873089194
1.0
0.14126697861817783
0.1169535084929605
0.21538297910509652
0.18396062734068733
1.0
0.39672933647617187
0.10209739895755823
0.6305751267959584
1.0
0.3665291215108136
0.0
0.2587109783505209
0.30281242779062073
0.2580790563731593
0.33346751967057137
0.13305200947246906
0.07336392325013509
0.6149518464456972
0.0
0.9337457743289556
0.2002233455950779
0.5444581379650257
1.0
0.5113147767341101
0.0
1.0
0.48864468307053116
1.0
0.23729607434425365
0.3333333432674408
0.3249707472929509
0.0
0.6563033055548185
0.06943122255386133
