0.10907459423739019
0.0
0.0
0.15101961361645377
0.47036527590874033
0.0
0.21398626751412297
1.0
0.0656025370158362
0.0
1.0
0.4912596971843981
0.16958010093853398
0.33916020187706797
0.0
0.0922717873323457
0.07303417781930135
0.1460683556386027
0.2751109806840258
0.2689077942231559
0.0
0.0
0.3843987013374403
1.0
1.0
0.33916020187706797
0.0
0.0
0.7227265703297249
0.30078517497020635
0.0
1.0
1.0
0.39549765841971984
0.0
0.0
0.8304198990614661
0.4501924569315571
0.38685280084609985
0.5925120268290973
0.30078517497020635
1.0
0.35262298234926054
0.20210735516747766
0.4852285575156707
0.44615333563412946
1.0
0.15101961361645377
0.0
0.3937481521657307
0.6843515434228633
1.0
0.09843703804143268
0.1563235790175495
0.8687949259683276
0.0
0.1460683556386027
0.0
1.0
0.0
0.0
0.43067657947540283
1.0
0.660839798122932
0.5147714424843294
0.0
0.0
0.0
1.0
0.4852285575156707
0.0
0.0
0.0
0.38685280084609985
0.4121943796963693
1.0
0.31939394175918745
0.0
0.0
0.09797563715511069
0.39732200456978667
1.0
0.8539316443613972
1.0
0.08447694832226785
0.41203156911409833
0.1312050740316724
0.0
0.30078517497020635
0.5531464693911909
0.1460683556386027
0.1312050740316724
0.3600546231527257
0.08479005046926699
0.3156484565771367
1.0
0.1312050740316724
0.10699313375706149
0.0
0.0
0.0
0.0
0.38356636845265696
0.33368190749879323
0.20210735516747766
1.0
0.0
0.0
0.0
0.0
0.0
0.0
0.1951900222593106
0.32586944551966224
0.0
0.0
0.13777597395434457
0.0
0.0
0.0
0.1312050740316724
0.5087403028156019
0.0
0.44685353060880906
1.0
0.0
0.0
0.0
0.0
0.1460683556386027
0.18148604598834192
0.1375554903420129
1.0
0.5087403028156019
0.12663167610629236
0.1460683556386027
0.1951900222593106
0.0
1.0
0.0
0.0
0.0
0.44685353060880906
1.0
0.4254845316565481
1.0
1.0
1.0
1.0
0.21398626751412297
0.4912596971843981
1.0
0.209002768839754
0.6164336315473431
0.18322609171618134
0.0
0.0
0.3219028163984902
0.07020838520507416
0.0
0.44685353060880906
0.0
0.3600546231527257
0.07616128774664462
0.0
0.27727342967027513
0.31958277615207453
0.5531464693911909
0.786013732485877
0.2532633522125847
0.786013732485877
0.0
0.5147714424843294
0.4934732955748305
0.19687407608286536
1.0
0.0
0.0
0.0
0.786013732485877
0.5405857815460756
0.7227265703297249
1.0
0.5593776326237382
0.0
0.6819207226020495
0.21167089265443892
0.0
0.6992148250297936
0.0
0.07303417781930135
0.07303417781930135
0.0
0.5531464693911909
1.0
0.0
0.0
0.16958010093853398
0.0
0.330419899061466
1.0
0.6992148250297936
0.4852285575156707
0.15039258748510317
0.33916020187706797
0.6399453768472743
0.0
0.0
1.0
0.21398626751412297
0.0
0.6379365198604579
0.0
0.0
1.0
0.6164336315473431
0.6438542788511018
0.40801801021096556
0.0
0.0
0.0
0.0
0.413054740288622
0.0
0.0
0.0
1.0
0.4501924569315571
0.0
0.0
0.34519134154579534
0.6770117417419992
0.21836974719455368
0.0
1.0
0.30078517497020635
0.0
0.0
0.0
1.0
0.30078517497020635
0.6366824354719541
0.5087403028156019
1.0
1.0
1.0
1.0
0.0
0.27657323469559547
1.0
0.5117558726499656
1.0
0.0
0.0
0.0
0.25437015140780095
0.3156484565771367
0.0
0.38356636845265696
0.0
0.30078517497020635
0.21398626751412297
0.0
0.0
0.0
0.1312050740316724
0.0
0.33916020187706797
0.21398626751412297
1.0
0.0
0.0
0.0
0.47036527590874033
0.8687949259683276
0.0
0.0
0.5296347240912597
0.5531464693911909
1.0
1.0
0.5147714424843294
0.4852285575156707
0.0
0.0
0.0
0.6992148250297936
0.0
0.1312050740316724
0.0
0.16958010093853398
0.6548086584542047
1.0
0.0
0.2628751236200242
0.47036527590874033
0.13863671483513756
1.0
0.40476273889290415
0.8304198990614661
0.6131471873089194
1.0
0.0
0.1312050740316724
0.0
0.16958010093853398
1.0
0.47036527590874033
0.0
0.6843515434228633
1.0
0.41952482928930335
0.0
0.23819820778873388
0.0
0.3623379464499749
0.23819820778873388
0.0
0.0
0.5087403028156019
0.0
1.0
0.1312050740316724
0.5444581379650257
1.0
0.3496074125148968
0.0
1.0
0.6399453768472743
1.0
0.2532633522125847
0.0
0.15782422828856835
0.0
0.47036527590874033
0.0
