0.09797563715511069
0.18148604598834192
0.0
0.0
0.33916020187706797
0.0
0.34519134154579534
0.0
0.0656025370158362
0.16958010093853398
0.0
0.44685353060880906
0.4852285575156707
0.5531464693911909
0.0
0.33503238398725804
0.34217577171143165
0.27727342967027513
0.1375554903420129
0.2689077942231559
0.43067657947540283
0.0
0.4934732955748305
0.0
0.0
0.5531464693911909
0.0
0.1845435746646914
0.660839798122932
0.33916020187706797
0.0
0.0
0.0
0.413054740288622
0.0
0.0
0.6399453768472743
0.4501924569315571
0.0
0.5925120268290973
0.44685353060880906
0.0
0.16958010093853398
0.23463936141322095
0.6548086584542047
0.27958880452995916
0.0
0.0
0.0
0.29379182251450264
0.8539316443613972
0.0
0.08478905367474866
0.18148604598834192
1.0
0.1312050740316724
0.6548086584542047
0.0
0.0
0.0
0.0
1.0
0.0
0.5296347240912597
0.786013732485877
0.0
0.0
0.0
0.0
0.7227265703297249
0.0
0.0
0.0
0.43067657947540283
0.27657323469559547
0.0
0.0
0.0
0.0
0.4603135836050856
0.5855700667779318
0.0
1.0
0.0
0.10918487359727684
0.4653305947461751
0.1312050740316724
0.12663167610629236
0.1312050740316724
0.8304198990614661
0.30078517497020635
0.16958010093853398
0.34519134154579534
0.10699313375706149
0.3600546231527257
0.786013732485877
0.30078517497020635
0.10699313375706149
0.0
0.0
0.0
0.0
0.38356636845265696
0.2070502313925009
0.2960819157603371
0.0
0.21167089265443892
0.0
0.0
0.0
0.0
0.2532633522125847
0.0
0.49392169510324285
0.27727342967027513
0.0
0.5307862301717662
0.0
0.0
0.0
0.0
0.5087403028156019
0.0
0.38356636845265696
0.0
0.0
0.18154178830288964
0.16812754226873525
0.0
0.38356636845265696
0.18148604598834192
0.0
1.0
0.38356636845265696
0.26886598231342745
0.0
0.0
0.0
0.0
0.0
0.0
0.0
0.660839798122932
0.0
0.2877085577022035
0.0
1.0
0.0
0.0
0.47036527590874033
0.6164336315473431
0.0
0.209002768839754
0.6164336315473431
0.07616128774664462
0.15101961361645377
0.0
0.0
0.07816178950877475
0.0
0.4912596971843981
0.34519134154579534
0.786013732485877
0.3972490789945153
0.0
0.3156484565771367
0.41755841330718524
0.5087403028156019
0.786013732485877
0.3623379464499749
1.0
0.0
0.786013732485877
0.4934732955748305
0.0
0.0
0.0
0.0
0.0
0.6843515434228633
0.8403030291204062
0.47036527590874033
0.0
0.6701618786367851
0.0
0.47591621370592835
0.20423925185097375
0.0
0.786013732485877
0.0
0.0
0.2308584061078697
0.6309297680854797
0.5087403028156019
0.7227265703297249
0.0
0.21398626751412297
0.21398626751412297
0.27727342967027513
0.330419899061466
0.0
0.6992148250297936
0.0
0.4895527893621711
0.27727342967027513
0.33916020187706797
0.0
0.0
0.0
0.21398626751412297
0.09797563715511069
0.6843515434228633
0.0
0.0
0.0
0.7227265703297249
0.5346694052538249
0.47747704088285914
0.0
0.0
0.0
0.16958010093853398
0.637662053550025
0.0
0.0
0.0
0.0
0.35614572114889825
0.0
0.0
0.4912596971843981
0.7618017922112661
0.13777597395434457
0.26582598057817397
0.0
0.2308584061078697
0.0
0.0
0.0
1.0
0.27727342967027513
0.36331756452804587
0.3156484565771367
0.0
0.0
0.0
0.0
0.0
0.24261427875783534
0.0
0.5508310945315069
0.0
0.0
0.0
0.0
0.330419899061466
0.6992148250297936
0.09797563715511069
0.6548086584542047
0.27727342967027513
0.33916020187706797
0.5087403028156019
0.0
0.33916020187706797
0.0
0.1460683556386027
0.0
0.21398626751412297
0.8687949259683276
0.0
0.0
0.4286573703894647
0.0
0.3156484565771367
1.0
0.14038609301738755
0.0
0.4912596971843981
0.8613632851648625
0.0
0.0
0.5952372611070958
0.8304198990614661
0.0
0.0
0.38685280084609985
0.4912596971843981
0.0
0.23819820778873388
0.0
0.4912596971843981
0.5296347240912597
0.0
0.0
0.5794007563036382
0.21398626751412297
0.24562984859219905
0.0
0.5508310945315069
0.8304198990614661
0.3065735936544597
1.0
0.18154178830288964
0.0
0.33916020187706797
0.16958010093853398
0.0
0.4852285575156707
0.0
0.660839798122932
0.0
0.41952482928930335
0.0
0.19178318422632848
0.23463936141322095
0.26886598231342745
0.10699313375706149
0.16958010093853398
0.0
0.8687949259683276
0.0
0.786013732485877
0.21398626751412297
0.11450494890617528
0.0
0.4269658221806986
0.0
0.0
0.5087403028156019
0.0
0.15979138807603727
0.38685280084609985
0.31997268842363713
0.0
0.6187490064070271
0.16958010093853398
