0.4934732955748305
0.706819816992688
0.15979138807603727
0.5508705203593207
0.5705877501755634
0.539320339611279
0.5191334323274125
0.48408388152167264
0.4295620844501094
0.6001255129499087
0.5
0.8613632851648625
0.4279056210124027
0.6695801009385339
0.5837457082387107
0.4343974629841638
0.0
0.6505070578731688
0.37381935278950773
0.5339589559377601
0.5527396132142834
0.584087013832777
0.8671599119192163
0.31997268842363713
0.0
0.5656025370158362
0.41520994953073304
0.2507596135347219
0.6503925874851032
0.7510877824786673
0.5633158380531462
0.4046620891713743
0.5395833870158616
0.6548086584542047
0.4488846877288195
0.8259725377398578
0.24383512706461205
0.4956677140829974
0.915209949530733
0.6233569109247218
0.24049739903735787
0.32642238843175037
0.6179772147871324
0.5593773305288339
0.554698493587124
0.6349362175538243
0.8274043292271023
0.6285868213424801
0.15392473882883204
0.439674609847434
0.32108286328429414
0.16268921352390187
0.6992148250297936
0.14318022271194786
0.5217718043239171
0.7825115601713122
0.5827932994676996
0.6917831842263285
0.47341036674115994
0.5
0.6800273115763629
0.7174884398286878
0.9269658221806987
0.6917831842263285
0.27121182487847445
0.3024665656403057
0.8304198990614661
0.6992148250297936
0.6438542788511018
0.32298825825800087
0.45323279120394605
0.6747464710634156
0.6630368516819163
0.7208633213822682
0.8589761192828932
0.407042936524975
0.6503925874851032
0.7957607481490262
0.4947763946810856
0.5424236497569489
0.3916735729769763
0.2988120409530826
0.37992554444847104
0.18807401487289394
0.7501150865030927
0.5904848561490565
0.08478905367474866
0.42486834516141064
0.5936819543916197
0.6910316062363876
0.5326974536940831
0.330419899061466
0.19687407608286536
0.0
0.3600546231527257
0.9562707618283143
0.5110303774437327
0.8687949259683276
0.0
0.6578242282885683
0.5470233678913294
0.6059942090117266
0.5847842005988679
0.5900136557881814
0.7231933669795113
0.5804751707106967
0.43736437742663337
0.46348291109034934
0.76018752923815
0.19973194651968698
0.25
0.5804751707106967
0.34574480290553217
0.8082168157736715
0.5991200032890064
0.38557522543947337
0.46348291109034934
0.291212472132739
0.5169568401197736
0.7010829679520427
0.0
0.5724961466095626
0.5
0.704688885875702
0.5159161184783274
0.4673025463059169
0.6668156241758312
0.36136328516486244
0.5
0.7040741970160198
0.6386367148351375
0.5
0.6639761005444872
0.5531464693911909
0.702097646260794
0.28702736967163506
0.5
0.46300768005691956
0.15782422828856835
0.6354765739714707
0.2532633522125847
0.3716540396707442
0.7234267653044045
0.5668271863440126
0.6069931337570614
0.4872389374052465
0.7234267653044045
0.41597214869263993
0.6503925874851032
0.3587232648733723
0.6219614703849861
0.413054740288622
0.5656025370158362
0.6642400625884712
0.6236503144629908
0.7426142787578354
0.7351826379543702
0.660839798122932
0.42316941393235225
0.610023190247548
0.26352775284595026
0.34574480290553217
0.2895983086561092
0.21398626751412297
0.1843821564637303
0.41520994953073304
0.28642306418232966
0.48359452812335496
0.6503925874851032
0.1460683556386027
0.27657323469559547
0.6917831842263285
0.777349246793562
0.5989529938922141
0.8687949259683276
0.41745249167478227
0.6106081242719718
0.3496074125148968
0.6578242282885683
0.6386367148351375
0.5965459231192326
0.31997268842363713
0.47924414458739645
0.6669006122485867
0.5730341778193013
0.8496074125148968
0.6438542788511018
0.5593773305288339
0.6144247745605267
0.5687076928093064
0.8539316443613972
0.6104637612602865
0.6655375417748669
0.5165798559848724
0.4343974629841638
0.24788468789210058
0.49256835919653486
0.5396864163949143
0.4852285575156707
0.3160445996480357
0.7648173620456298
0.6917831842263285
0.5498075430684429
0.4689046712154728
0.4776413593866761
0.2513478771171604
0.3771850757039005
0.20524797190034624
0.4197294427916931
0.2654716930516982
0.6599332655897131
0.7234267653044045
0.35123898936769543
0.27727342967027513
0.5
0.5450698006760446
0.5
0.39153572920518515
0.43329862694083326
0.2964609431237059
0.25169443119341606
0.637662053550025
0.5484570372809803
0.6132659821113118
0.584790050469267
0.7798963597571601
0.6695801009385339
0.5
0.0
0.2851640565863986
0.5222030832877945
0.584087013832777
0.6123036566307015
0.584790050469267
0.5730341778193013
0.5026957542343208
0.32006454659192757
0.29015665906812177
0.8930068662429386
0.5965459231192326
0.33916020187706797
0.6917831842263285
0.8613632851648625
0.6356211450007738
0.38673401788868816
0.6539247388288321
0.3916735729769763
0.5
0.27303536382951
0.4627593613938564
0.5
0.4802154309739561
0.3496074125148968
0.41434560931664854
0.5245136610577601
0.5
0.4777969167122055
0.4967763998517802
0.5909690336960887
0.7816302528054463
0.5
0.3093159470082455
1.0
0.33602389945551286
0.5269323266251584
0.7467366477874152
0.5804751707106967
0.5773725067006563
0.3285657552070911
0.4275038533904374
0.5110303774437327
0.4774364260213324
0.6069931337570614
0.4275038533904374
0.5
0.584790050469267
0.6548086584542047
0.3824646436884276
0.32740432922710233
0.44436116960836614
0.5
0.70122368201661
0.35026175152694644
0.661230667101333
0.535104192602537
0.31997268842363713
0.40777830872726784
0.5222030832877945
0.535104192602537
0.4406226694711661
0.0
0.08478905367474866
0.6069931337570614
1.0
0.3480099269743841
0.47404506341993446
0.09797563715511069
0.4343974629841638
0.5497395679546173
0.6578242282885683
0.26252283298929374
0.6039775639226977
0.4870394655742292
0.33145325286089733
0.5157051099074879
0.5531464693911909
0.509483177156062
0.48460207933295957
0.5159161184783274
0.2738639687978906
0.4969844301656363
0.3930068662429385
0.41203156911409833
0.41203156911409833
0.5545372971186951
0.6725956707728977
0.6132659821113118
0.3672788927457005
0.5245136610577601
0.6069931337570614
0.3609270644941502
0.5339589559377601
0.7642937296563175
0.45493019932395545
0.34519134154579534
0.7467366477874152
0.39624717773653606
0.48359452812335496
0.13622793832034244
0.10907459423739019
0.6201049716811229
0.2988120409530826
0.5778648097401966
0.6175644376142019
0.1711002031852476
0.6482113685458379
0.7583711268148279
0.40043850704640366
0.5871285982055098
0.798538184021702
0.6399453768472743
0.44916890546849314
0.6438542788511018
0.6827736963362633
0.49211302502882626
0.6028478960845516
0.4529077549577908
0.6247291034906809
0.4335667167716704
0.6541517329198059
0.509483177156062
0.0
1.0
0.3765195762241893
0.3803345383912599
0.28257196362405096
0.7515725696699893
0.0
0.5135100548879235
0.42235614247126296
0.25169443119341606
0.6921993506687202
0.5141687492157387
0.8550077067808748
0.7751633533176295
0.3672788927457005
0.0
0.8304198990614661
0.6123036566307015
0.518983807325362
0.5516638080062071
0.8622240260456554
0.6992148250297936
0.5521119779716276
0.2504016576301978
0.44685353060880906
0.0
0.6164336315473431
0.6191463535760927
0.0
0.9013035727021285
1.0
0.7570807633338492
0.7467366477874152
0.6934264063455403
0.5932959431213256
0.8570403661757573
0.44813571379191786
0.6800273115763629
0.34857665224158924
0.6556423270343806
0.30386466818364277
0.7261360312021095
0.32258295041651375
0.6285868213424801
0.4864899451120766
0.0
0.1244870147171648
0.47784857696541355
0.33916020187706797
0.7074370781130327
0.4374130328185275
0.6399453768472743
0.39648307002520766
0.31123238560803523
0.6747464710634156
0.6695801009385339
0.5724961466095626
0.7816302528054463
0.6843515434228633
0.3331590462506034
1.0
0.1460683556386027
0.7467366477874152
0.3623379464499749
0.0
0.6917831842263285
0.7467366477874152
0.482038132669264
0.2989170320479572
0.30078517497020635
0.7467366477874152
0.8687949259683276
0.5541284678589271
0.3334200436614672
0.5147714424843294
0.40777830872726784
0.6725956707728977
0.5945017903834471
0.5437385444543087
0.0
0.13777597395434457
0.45809361701736817
0.5724961466095626
1.0
0.584790050469267
0.1586609003303495
0.36684161946853816
0.4562343622819089
0.7162550444861286
0.0
0.6349409315034701
0.0
0.4534256398725126
0.5625869671814725
0.3124164829772125
0.27843352769313684
0.5862573643573796
0.5656025370158362
0.37806216885122684
0.27350592952777436
0.5594773492316888
0.3648797119031289
0.6858270198353721
0.6386891413410942
0.5043931674495447
0.6164336315473431
0.463204927230944
0.5478979569957816
0.7573857212421646
0.2845293687584081
0.370712756066045
0.0
0.3843987013374403
0.07989569403801863
0.6005053044174076
0.3275546207918305
0.0
0.39359043106539277
0.4917280703152134
0.584790050469267
0.6386367148351375
0.4275038533904374
0.5
0.5919117787727016
0.5
0.7765732346955955
0.48603473144810816
0.6578242282885683
0.45809361701736817
0.5264568335923001
0.32298825825800087
0.2070502313925009
0.6917831842263285
0.5164054718766451
0.8199726884236371
0.4358886385515788
0.7074370781130327
0.5656025370158362
0.786013732485877
0.6496091415087124
0.38880422784418683
0.4562614555456913
0.2070502313925009
0.6800273115763629
0.0
0.49168797774458745
0.30743980688118666
0.2177676938656416
0.672384233040242
0.5569368668843299
0.7234267653044045
0.6164336315473431
0.6779399108316762
0.6027509210054847
0.6725956707728977
0.4220830496445941
0.0
0.35224082505780807
0.8421757717114317
0.3600546231527257
0.5730341778193013
0.27727342967027513
0.6639761005444872
0.3916735729769763
0.2413756534263614
0.5632605056108927
0.4237474300005159
0.5011869255584637
0.5730341778193013
0.5
0.4529077549577908
0.19687407608286536
0.5711171531035676
0.660839798122932
0.6281895041973087
0.5
0.6069931337570614
0.3699531102611473
0.5
0.4918452761545183
0.7343198238384324
0.4970865657281327
0.5725158465210546
0.7765732346955955
1.0
0.24562984859219905
0.5055494785411397
0.5195312674392069
0.4852285575156707
0.0
0.4087949031111279
0.6069931337570614
0.2530391524483786
0.2366109894988346
0.5
0.786013732485877
0.5995614929535963
0.5724961466095626
0.6531355316285566
0.48121469894613605
0.5656025370158362
0.09797563715511069
0.7160414604131305
0.4161811497161106
0.43668416194685383
0.586945259711378
0.5175305488861249
0.5419362844724086
0.6330981165622143
0.47908149122933796
0.4275038533904374
0.584790050469267
0.7467366477874152
0.5307862301717662
0.8320902479859057
0.8453074317615853
0.5741619720550719
0.5408804824505294
0.5545668133880691
0.36684161946853816
0.3344624582251331
0.6497382484730535
0.13906938512090625
0.5135100548879235
0.0
0.32739496485214425
0.7100154135617496
0.5759032211964539
0.5222030832877945
0.4269658221806986
1.0
0.4785372058404794
0.5433994537280417
0.584790050469267
0.0
0.7234267653044045
0.4254845316565481
0.3275546207918305
0.6201049716811229
0.6029060372545169
0.22225292227661242
0.20951974116161157
0.28040282773805375
0.8138659662746317
0.44685353060880906
0.584790050469267
0.5060783048967572
0.0
0.5424236497569489
0.5104472106378288
0.400064605907265
0.29231333260610554
0.7957607481490262
0.4067040568786744
0.5627638356392048
0.3471101625169257
0.33916020187706797
1.0
0.754370151407801
0.5656025370158362
0.46914979410747765
0.4343974629841638
0.7654742456972253
0.44685353060880906
0.5368577322983717
0.40476273889290415
0.8304198990614661
0.5221293345260122
0.4034540768807674
1.0
0.4501924569315571
0.6566364584573413
0.32783598098042943
0.6131471873089194
0.30284669551682153
0.4956677140829974
0.7467366477874152
0.6652642243854453
0.7613037753051055
0.0
0.535104192602537
0.4406226694711661
0.49211302502882626
0.35258146460419937
0.30078517497020635
0.5253379174863518
0.5
0.23463936141322095
0.8496074125148968
0.41520994953073304
0.786013732485877
0.8539316443613972
0.44460081157279463
0.38356636845265696
0.380093764619075
0.7990560874953347
0.6144247745605267
0.2778396295798501
0.33602389945551286
0.7204111954700408
0.0
0.7494756743852073
0.6201049716811229
0.16958010093853398
1.0
0.5422384741611339
0.2791875721445851
0.6053125778076113
0.5730341778193013
0.6548086584542047
0.4808124865465692
0.4778706654739878
0.4034540768807674
0.5952372611070958
0.46757409429280333
0.2960819157603371
0.6322577482489288
0.6106886650461973
0.4121943796963693
0.7467366477874152
0.47036527590874033
0.0
0.47036527590874033
0.41520994953073304
0.4912596971843981
0.30097761864513334
0.3065735936544597
0.2927091251977443
0.7426142787578354
0.7816302528054463
0.515387642340258
0.44436116960836614
0.17852368410492667
0.49221965326651457
0.4899486382843449
0.5085161257383062
0.13777597395434457
0.360028896230957
0.5981691668620518
0.4852285575156707
0.38192888145627063
0.330419899061466
0.37147240187094266
0.777349246793562
0.0
0.6386367148351375
0.15979138807603727
0.7648173620456298
0.34519134154579534
0.7351826379543702
0.4529077549577908
0.19027287099897525
0.6695801009385339
0.6399453768472743
0.8550077067808748
0.4907398638825447
0.4566005462719583
0.608989759361214
0.8613632851648625
0.5633158380531462
0.8386022349042297
0.5088013244975679
0.3349175871897694
0.3600546231527257
0.34585741471314596
0.23570627034368255
0.5881592456127507
0.6695801009385339
0.5221293345260122
0.482038132669264
0.4802154309739561
0.38466167792576994
0.5817247758096032
0.36619938009959135
0.6386367148351375
0.4343974629841638
0.6386367148351375
0.6406588874869912
0.3391090170642138
0.13777597395434457
0.915209949530733
0.5773584096658019
0.8687949259683276
0.5730341778193013
0.6069931337570614
0.0
0.0
0.4044625002067893
0.6559956365624037
0.7596688873600775
0.3892589952088177
0.6386367148351375
0.7989170320479573
0.8220204490768591
0.15232257549328923
0.8539316443613972
0.0
0.6069931337570614
0.6928283126788747
0.2760661133328505
0.8304198990614661
0.21398626751412297
0.293472629855689
0.7467366477874152
0.7530391524483786
0.0
0.1460683556386027
0.5523934231782524
0.41149855418989656
0.41648497959168757
0.4747677692819337
0.08374867734475196
0.777349246793562
0.47036527590874033
0.8613632851648625
0.6722745937869922
0.4488846877288195
0.16958010093853398
1.0
0.0
0.0
0.5
0.4209267166698317
0.7469385106043358
0.7971628517082323
0.6208418801623858
0.7426142787578354
0.0
0.755073496498774
0.6065160405609648
0.6917831842263285
0.3916735729769763
0.5117558726499656
0.9206606927639699
0.31005248584056144
0.42176315637973333
0.5730341778193013
0.5147714424843294
0.4852285575156707
0.3718104958026913
1.0
0.52514095733956
0.6131471873089194
0.51818228644685
0.6132659821113118
0.660839798122932
0.6694679005097534
0.7635521460199262
0.0
0.8421757717114317
0.45407563201361584
0.7245436428945796
0.5067860349489657
0.628883512615574
0.716590238590879
1.0
0.5191875134534308
0.5608606374192461
0.42789118570863116
0.8153926154244344
0.488620190276396
0.7147149798195443
0.352344442937851
0.7445439455205883
0.8908151264027232
0.889585582821316
0.8082168157736715
0.5848760983160822
0.43647174782810483
0.3934839594390353
1.0
0.42764421252551127
0.6386367148351375
0.9519475725816393
0.504313882964052
0.6997824215589377
0.05609067473291756
0.5338931456159047
0.5577401093487708
0.8401498186585133
0.5162274946404897
0.3145416623344172
0.7040090051054828
0.5909690336960887
0.7894779395504506
1.0
1.0
0.7047575719254717
0.3410075833342802
0.33916020187706797
0.45694494994490104
0.8930068662429386
0.6346061443832716
1.0
0.4934732955748305
0.7668633494231698
0.8056982201440507
1.0
0.9224340968549656
0.5167886603241846
0.6525596343735888
0.6763712440609098
1.0
0.10861750656723496
0.7450513695453821
1.0
0.5856543906833515
0.7606395690978326
1.0
0.7052499358315151
0.8109353145872484
0.7925629218869673
0.0
0.4921851902071634
0.6882472573954511
0.7573857212421646
0.7010829679520427
0.6438542788511018
0.9269658221806987
0.8421757717114317
0.5501035107010042
0.7925629218869673
0.8447122849425259
0.584790050469267
0.699534379988689
0.9015629619585673
0.8754336165911822
0.8687949259683276
1.0
0.4653305947461751
0.7129795546665757
0.4597623823744759
0.9343974629841638
0.7907147937718432
0.6290745037196156
0.9110983815137923
0.20210735516747766
0.5407925679733859
0.576049747653665
1.0
0.3175774088474204
0.7364722471540498
1.0
0.8082168157736715
0.5065267044251694
0.8447122849425259
0.8304198990614661
0.6494829007723804
0.6053125778076113
0.7947520280996537
1.0
0.8274043292271023
0.7698987084867115
0.6610641989804934
0.7799332247225953
0.535104192602537
0.6720477989110257
0.7234267653044045
0.5135100548879235
0.48137037962174817
0.6578242282885683
0.7808501736223465
0.6903254507001403
0.8687949259683276
0.9269658221806987
0.25270799147436795
0.660839798122932
0.41952482928930335
0.12663167610629236
0.48187693991780634
0.7929661400504153
0.637519266952187
0.5298905191215519
0.5914799539349246
0.9293724351214584
0.3020041078807374
0.48291015760309874
0.7194512820523681
0.0
0.9439093252670825
0.6386367148351375
0.5632585499957209
0.2682719909004364
1.0
0.3156484565771367
0.8687949259683276
0.535104192602537
0.2167206932175773
0.660839798122932
0.8378578279343585
0.5022518365092816
0.6972194092582332
0.699534379988689
0.8930068662429386
0.8435761249558337
0.7040090051054828
0.5538466643658706
0.7095272004038102
0.38808809978521414
0.584790050469267
0.7018966180118626
0.7698818630069402
0.49263701247120273
0.6309297680854797
0.812520536070274
0.7100154135617496
0.5804751707106967
0.0
0.0
0.5958380877937715
0.586945259711378
0.5817247758096032
0.8613632851648625
0.0
0.9343974629841638
0.6917831842263285
0.8107970033485126
0.8311453274641206
0.5993516499149099
0.9343974629841638
0.786013732485877
0.683474367316386
0.7467366477874152
1.0
0.6505075115741004
0.0
0.7585592370286792
0.3600546231527257
0.8930068662429386
1.0
0.44306313311567014
0.5529284087727812
0.5245136610577601
0.5096502696553994
0.7379010146337606
0.7664921149908284
0.38198019324391375
1.0
0.28642306418232966
1.0
0.6911298742401064
0.7050387145361331
0.8054992706858123
0.8539316443613972
0.7765732346955955
0.6329498006622131
0.3492244719932341
0.676120412528904
0.43165754465390394
0.7283312271733696
0.8687949259683276
0.6410701036739882
0.5887744583640836
0.9343974629841638
0.38360109462783126
0.0
0.6487165100204861
0.7833471459539526
0.8550077067808748
0.6103409645750655
0.6054866761206893
0.5632605056108927
0.7467366477874152
0.6438542788511018
0.3172002620798708
0.9269658221806987
0.5164054718766451
0.5190632459804465
0.6763124839578788
1.0
0.7467366477874152
0.8930068662429386
0.786013732485877
0.586945259711378
0.0
0.6542772491076484
0.755485755103929
1.0
1.0
0.4912596971843981
0.2640681333451695
0.8375161007706464
0.6475706286678421
0.9015629619585673
0.8550077067808748
1.0
0.6508205111293316
0.5143371781444996
0.7603739823892958
0.7351826379543702
0.6201049716811229
0.6735492924312151
0.9201043059619813
0.6053125778076113
0.5371570433506342
0.4027475757908304
0.567237792445197
0.8304198990614661
0.8304198990614661
0.34857841909437354
0.41648497959168757
0.5823557924043667
0.0
0.7019812323833005
1.0
0.5300905600876247
0.45326401793172627
0.6843515434228633
0.25169443119341606
0.6012468384355238
0.8304198990614661
0.0
0.36684161946853816
0.47703822813501523
0.4849926841180137
0.0
0.5284555696935643
1.0
0.8550077067808748
0.8596139069826124
0.3930068662429385
0.584790050469267
0.21014612840948702
0.43869497186453066
0.29947649694610706
0.12421371516500533
0.4275038533904374
0.7808501736223465
0.0
0.6917831842263285
0.3643519160931252
0.6992148250297936
0.4899486382843449
0.7319575858152588
0.19366182191954467
0.7907147937718432
0.47036527590874033
0.5245136610577601
0.3572582252446757
0.6621484601350688
0.2825115601713122
0.6887676143919648
0.8550077067808748
0.5724961466095626
0.41132576502753027
0.6539247388288321
0.5804751707106967
0.6843515434228633
0.5538466643658706
0.6658637278653669
0.4135776015368119
0.5266330075445754
0.5
0.5516028861514015
0.6725956707728977
0.464863016393248
0.0
0.3672788927457005
0.5510170519781843
0.5335127900918502
0.2960819157603371
0.0
1.0
0.12907565118668263
0.0
1.0
1.0
0.3188310267750125
0.6132659821113118
0.8447122849425259
1.0
1.0
0.8539316443613972
0.2578240461785741
1.0
0.8421757717114317
0.6091891371388706
1.0
0.3826772669754009
0.8687949259683276
0.5349068518659295
0.0
0.32112215255459947
0.4013373584795838
0.4193298496819328
0.9714088996429322
0.8304198990614661
0.9174524916747823
0.0
0.5804751707106967
0.8550077067808748
0.5087403028156019
0.6449922932191252
1.0
0.6258472155967081
0.660839798122932
0.8360238994555128
0.4205992436963618
0.16958010093853398
0.5151322914481651
0.5871285982055098
0.598990807943092
0.7718828188590455
0.5463615547307915
0.4636566013716411
0.535104192602537
0.754370151407801
0.4849926841180137
0.7530391524483786
1.0
0.26884664655049534
0.0
0.7426142787578354
1.0
0.8304198990614661
0.5958337858272824
0.694869088638571
0.5216391186326133
0.47359579755809994
0.38685280084609985
0.7833471459539526
0.6204960231271444
0.48824412735003436
0.5200743962039076
0.48359452812335496
0.5279207729756549
0.4681465824266371
0.6025478898122207
0.0
0.5804751707106967
0.5407925679733859
0.5
0.4275038533904374
0.5296347240912597
0.6548086584542047
0.5679418650170163
0.5
0.6487610106323046
0.5
0.5339589559377601
0.2639373034037647
0.5060783048967572
0.3156484565771367
0.0
0.6800273115763629
0.8304198990614661
0.0
0.8323744680694728
0.44306313311567014
0.6386367148351375
0.2752298498346043
0.786013732485877
0.6828257986530538
0.779720067292356
0.9269658221806987
0.7467366477874152
0.0
0.43668416194685383
0.5730341778193013
0.7467366477874152
0.4275038533904374
0.7074370781130327
0.5956237585187741
0.5668271863440126
0.0
0.5656025370158362
0.2532633522125847
0.5284555696935643
0.0
0.786013732485877
0.5147714424843294
0.5346694052538249
0.5804751707106967
0.7104016913438908
0.4150764885963018
0.4912596971843981
0.15247426251955518
0.4128919064334163
0.36853711269728345
0.5087403028156019
1.0
0.2960819157603371
0.5892309233365721
0.6436609879261415
1.0
0.8539316443613972
0.7467366477874152
0.7109706976797593
0.0
1.0
0.7716392286688483
0.5656025370158362
0.6789122087521293
0.2960819157603371
0.6475706286678421
0.5081547238454818
0.518983807325362
0.12663167610629236
0.660839798122932
0.3219028163984902
0.6925562326101534
0.8274043292271023
0.31036882600607335
0.8304198990614661
0.7277709310174871
0.7467366477874152
0.5742267286596769
0.6261806472104923
0.754370151407801
0.45183226068862525
0.5896541460390694
0.24562984859219905
0.5794007563036382
0.4375552151060925
0.44321170784685016
