0.3937506787409237
0.47798080633962037
0.1275002478879895
0.2526687802874355
0.2895849158827839
0.38522421077246993
0.3714771650224741
0.2647949031968197
0.2561134451586987
0.27173929430448474
0.3333333333333333
0.8151510468864832
0.1827653309406126
0.559440134584712
0.37480575628674695
0.2895983086561092
0.0
0.44539881946856585
0.29294792653689594
0.4273013931298811
0.463431008248021
0.38033318604910876
0.7397374663221716
0.2133151256157581
0.0
0.4208033826877816
0.15477863974972428
0.23030305249753338
0.5338567833134709
0.6039992969251715
0.28536106693384616
0.300898991254626
0.2710548101570605
0.6548086584542047
0.24788785098747781
0.7244804029027523
0.11597875350213144
0.17396620675597602
0.8869465993743106
0.44397312984106785
0.11115584380127012
0.16868881249654472
0.3868376126746849
0.41247582896544566
0.529453627131179
0.4898207198059729
0.7698724389694698
0.5233139141894291
0.08264501001143001
0.186335288477823
0.17046214280036395
0.06207903862396797
0.6992148250297936
0.04452802231066629
0.2370085410319589
0.6107549177653614
0.2877776829951445
0.5890442456351046
0.38715184345380704
0.3333333333333333
0.5733697487684838
0.6187797269720683
0.9026210962409316
0.6455709459479493
0.09651345473465835
0.13737453145290626
0.7738931987486214
0.6992148250297936
0.4747677692819337
0.25906053018255804
0.27247832433046837
0.46914395236821044
0.396976554668741
0.5764035052155911
0.7797481311003239
0.17295721952780485
0.5338567833134709
0.7714160222092591
0.2876567976637971
0.269831345412003
0.19184336210249334
0.21050145428078584
0.3477352190452084
0.1040041155734709
0.6166096238281514
0.3232195006391487
0.0597305886626858
0.286053807756698
0.37903629025223184
0.5125203939802757
0.32999154099482364
0.220279932707644
0.20803518757199052
0.0
0.3600546231527257
0.9355095289691446
0.40775977095438853
0.8687949259683276
0.0
0.6002923380309357
0.2488576431849005
0.3835309262108379
0.3279098949837719
0.2960145661740602
0.5739258008044577
0.4089221679914653
0.19505854869451875
0.1805242192481863
0.68852887818819
0.07473219030748607
0.06666666666666667
0.4089221679914653
0.12616915447249277
0.7442890876982287
0.457045119564691
0.30078517497020635
0.1805242192481863
0.13334533328785128
0.2150482229392673
0.5233139141894291
0.0
0.38523267763128516
0.3333333333333333
0.583929624856019
0.39143248377456275
0.2939523844989153
0.49118475915128507
0.24090885677657498
0.3333333333333333
0.6316202648119769
0.51818228644685
0.3333333333333333
0.4834672014163708
0.5531464693911909
0.5685312306385825
0.09108266608371067
0.3333333333333333
0.21175226627559202
0.1052161521923789
0.48101647615767906
0.2020831070863588
0.13825368884463038
0.6312356870725394
0.4590382827928401
0.4759908450094153
0.31651004795838344
0.6312356870725394
0.18140733749595428
0.5338567833134709
0.22550022775498582
0.46854223866489997
0.32958335497434826
0.4208033826877816
0.531639991884888
0.3619110016041321
0.6568190383437804
0.6469101839391602
0.6043130978100874
0.2205301783630907
0.3182870320993489
0.1804173828448869
0.12616915447249277
0.12411356085261822
0.21398626751412297
0.07902092419874156
0.2768066330204887
0.2285418014311689
0.2897668648486459
0.5338567833134709
0.1460683556386027
0.1843821564637303
0.6455709459479493
0.6863024180874526
0.30885545368746015
0.8687949259683276
0.25766563275174026
0.3219488058989302
0.23307160834326454
0.5437656377180912
0.51818228644685
0.5107506827051778
0.2133151256157581
0.20915754526534439
0.554970685963136
0.4307122370924018
0.7994765500198624
0.4747677692819337
0.41247582896544566
0.5296347240912597
0.3251836860345565
0.8539316443613972
0.5242382160926865
0.4601228078337378
0.24995079596279846
0.2895983086561092
0.08956074829523389
0.37211393080824734
0.43062490851752766
0.4852285575156707
0.18282221756802072
0.6864231493941731
0.5890442456351046
0.4054192219127141
0.2610557174313542
0.3144044204316071
0.11617084209827994
0.13449870704208025
0.14011096957468275
0.18016608735445588
0.11601381173072858
0.37365244329620784
0.6312356870725394
0.280259523066399
0.27727342967027513
0.3333333333333333
0.2889583002753304
0.2
0.1454831969305146
0.19496058451450476
0.2463300806286715
0.1718172923442091
0.5088013244975679
0.4479308729646761
0.47199791830142424
0.4463867339590227
0.7497927280600821
0.559440134584712
0.3333333333333333
0.0
0.2008869804194748
0.4194641446965707
0.38033318604910876
0.3224774781729999
0.4463867339590227
0.4307122370924018
0.3197257670356911
0.1642025885955658
0.12235025514434282
0.857342488323918
0.5107506827051778
0.33916020187706797
0.5890442456351046
0.8151510468864832
0.5854902825057394
0.2640010408492879
0.4726736812072175
0.19184336210249334
0.3333333333333333
0.19234278837250585
0.1913228760534084
0.3333333333333333
0.22555650518093
0.23307160834326454
0.18192952772761795
0.32197462894140755
0.23738880053435904
0.3750579781209817
0.3589325206950766
0.4375758177693391
0.6779553350512283
0.3333333333333333
0.23682766745703898
1.0
0.1804173828448869
0.24923382960266105
0.5958337858272824
0.4089221679914653
0.4002849620839148
0.15704241905154276
0.22953464473742968
0.40775977095438853
0.29129494462921435
0.4759908450094153
0.22953464473742968
0.3333333333333333
0.5029134342718673
0.6548086584542047
0.21535503427774927
0.2182695528180682
0.30333977840910004
0.3333333333333333
0.6729603318601877
0.1378689772369775
0.42150848927465734
0.3652848140464026
0.2133151256157581
0.3155872304954027
0.4759908450094153
0.3652848140464026
0.3249080556755212
0.0
0.0597305886626858
0.4759908450094153
1.0
0.15249820002664932
0.20732319282484804
0.07817641598004023
0.2895983086561092
0.541197967331127
0.5437656377180912
0.0921385439164044
0.5157051099074879
0.2304133078280588
0.14589609133691092
0.4148223053186765
0.49661976907834626
0.3072506405762356
0.23993681233633238
0.2517638464099329
0.13413972286562223
0.44437635406944687
0.2620045774952923
0.30382543902806686
0.30382543902806686
0.2787098637395869
0.5634608943638636
0.47199791830142424
0.16975316738125268
0.32197462894140755
0.4759908450094153
0.18525249442808195
0.4273013931298811
0.8119259851271061
0.22511936976501015
0.34519134154579534
0.5958337858272824
0.16302779632471254
0.2897668648486459
0.07346561539622322
0.08703246132971454
0.4947922322841031
0.21050145428078584
0.3386363625103916
0.5086954155580625
0.06005162829372857
0.4009182173783053
0.6241688028964685
0.3156484565771367
0.4181912182457284
0.8358268626508468
0.6399453768472743
0.3707746928170364
0.4747677692819337
0.6728388540043224
0.2698531465353059
0.3678101508721514
0.24424613149069
0.3666416353188186
0.3220501003823334
0.4610560706666744
0.33978345728596415
0.0
1.0
0.138949354498625
0.17300420353775406
0.09471586601367632
0.7374888147031695
0.0
0.29140246402936143
0.17856067897453845
0.1718172923442091
0.3830117400009264
0.22961275384663657
0.688603934212289
0.6976444410929781
0.16975316738125268
0.0
0.8304198990614661
0.3224774781729999
0.3277691685225153
0.39891278615033327
0.7968124342307055
0.642688124716949
0.4528888693011642
0.08883193270705984
0.44685353060880906
0.0
0.6164336315473431
0.518840483677717
0.0
0.8652512666095812
1.0
0.6447059564334909
0.5958337858272824
0.6934264063455403
0.3893543305835814
0.8458081711400547
0.16191145248347522
0.5733697487684838
0.13455074410644363
0.5838675723101653
0.09876612897246395
0.5194855974224956
0.35033148389288343
0.4454648977425013
0.29011143413299484
0.0
0.045427787367091424
0.4234304437593588
0.33916020187706797
0.5301371903159873
0.362937444383726
0.6399453768472743
0.16596250014907565
0.25122328174924763
0.46914395236821044
0.559440134584712
0.38523267763128516
0.6779553350512283
0.6843515434228633
0.15019779691268115
1.0
0.1460683556386027
0.5958337858272824
0.28911556841607333
0.0
0.5890442456351046
0.5958337858272824
0.3395771054674685
0.16049402645835775
0.30078517497020635
0.5958337858272824
0.8687949259683276
0.3424737229361448
0.16049731375770337
0.5147714424843294
0.3155872304954027
0.5634608943638636
0.3328106517422308
0.470546372868821
0.0
0.10159378288464728
0.25690899552195046
0.38523267763128516
1.0
0.4463867339590227
0.09560418993925308
0.2927091251977443
0.2932935186097986
0.5512227948909844
0.0
0.5301371903159873
0.0
0.2473399076449397
0.488111378746671
0.23037087984360544
0.0815860839475462
0.4763688361715552
0.4208033826877816
0.18399862322811797
0.16179981367675722
0.2811443920322631
0.17827671597694075
0.4078127301601609
0.3777634691253344
0.3675084351909704
0.6164336315473431
0.2040449144838444
0.37481486220810994
0.6765142949895528
0.10451166033775597
0.13317778660842017
0.0
0.30671821741120914
0.030267130913963276
0.3776656791774649
0.24153349871157878
0.0
0.4385699028665446
0.4113756713303031
0.4463867339590227
0.51818228644685
0.22953464473742968
0.3333333333333333
0.33409030534649187
0.3333333333333333
0.702097646260794
0.2771223238338374
0.5437656377180912
0.25690899552195046
0.39943783590371756
0.25906053018255804
0.16520887730975475
0.5890442456351046
0.4329655840226048
0.7599635845648496
0.2387949391603856
0.5301371903159873
0.4208033826877816
0.786013732485877
0.521616681921163
0.18020633254967547
0.3214184395591885
0.16520887730975475
0.5733697487684838
0.0
0.2347084957863665
0.21657937961895948
0.12544593422398903
0.6221319735115504
0.37890749642161076
0.6312356870725394
0.6164336315473431
0.5560503037508643
0.49395962971494684
0.5634608943638636
0.20016975390846903
0.0
0.1272646250987461
0.7895676956152422
0.3600546231527257
0.4307122370924018
0.27727342967027513
0.4834672014163708
0.19184336210249334
0.1430571985641942
0.5169330025768424
0.25092440678817407
0.36830074844635396
0.4307122370924018
0.3333333333333333
0.24424613149069
0.13869012504799366
0.31525799236776986
0.660839798122932
0.5755814281011192
0.3333333333333333
0.4759908450094153
0.32034815774484643
0.3333333333333333
0.2849002044178474
0.6096061994832574
0.28321705633839944
0.42504246217690383
0.702097646260794
1.0
0.16375323239479936
0.26015165812001007
0.452442531545987
0.4852285575156707
0.0
0.16268977394551976
0.4759908450094153
0.08155566496292378
0.0863440555956081
0.3333333333333333
0.786013732485877
0.5147714424843294
0.38523267763128516
0.5987986896551758
0.3098383205290891
0.4208033826877816
0.07817641598004023
0.5826271021750569
0.4161811497161106
0.4292778661323076
0.46833353793929294
0.3387555171958556
0.4497204757235682
0.4965257506939402
0.3206031512478194
0.22953464473742968
0.4463867339590227
0.5958337858272824
0.47190437855518425
0.8440905777287169
0.9094627411208718
0.318826106751685
0.3445321030228933
0.3423468310958167
0.2927091251977443
0.1638211176600011
0.3786897723697751
0.058436344271930674
0.24861090812781178
0.0
0.35583991455375114
0.5718304095418975
0.37231627399569267
0.4759908450094153
0.2846438814537991
1.0
0.40645590128267
0.4625280274754299
0.4463867339590227
0.0
0.6877623873853841
0.31374543680754785
0.24153349871157878
0.4947922322841031
0.6040770146545154
0.16388572320113534
0.1873442926380227
0.1685545815715507
0.6951355163581971
0.39032683029596443
0.4463867339590227
0.37317398639728644
0.0
0.269831345412003
0.4603163481427945
0.32102828661092775
0.15973348320154773
0.7714160222092591
0.23173817299480787
0.49039871246721284
0.43121318086481775
0.33916020187706797
1.0
0.6724935352104012
0.4208033826877816
0.1912893896395616
0.2895983086561092
0.48650132918140454
0.44685353060880906
0.3761000820424945
0.3263685262414474
0.8304198990614661
0.4166158163040628
0.3176588364667125
1.0
0.3319646627282527
0.5162274946404897
0.1997948433842982
0.6131471873089194
0.22331427279087393
0.17396620675597602
0.5958337858272824
0.528383345316837
0.7027639897917807
0.0
0.3652848140464026
0.3249080556755212
0.2698531465353059
0.1725053192096284
0.30078517497020635
0.36470855470468166
0.3333333333333333
0.23463936141322095
0.7994765500198624
0.3333333333333333
0.786013732485877
0.8539316443613972
0.24985558896639407
0.38356636845265696
0.27541155127527595
0.7436487964636883
0.5296347240912597
0.08653478952527507
0.1804173828448869
0.6985436831314288
0.0
0.564115094878786
0.32838827040718
0.16958010093853398
1.0
0.24577325734051914
0.1505615298261959
0.4611392561856105
0.4307122370924018
0.6548086584542047
0.4208033826877816
0.3813010766095784
0.3176588364667125
0.5168430484556391
0.22677203772848786
0.2960819157603371
0.5541453924925765
0.4884960771788159
0.3313229534437575
0.5958337858272824
0.47036527590874033
0.0
0.47036527590874033
0.2768066330204887
0.4912596971843981
0.32502797166615943
0.3065735936544597
0.16186687835132366
0.6568190383437804
0.6779553350512283
0.28108723176238026
0.3652848140464026
0.13164048768570766
0.33891204425068
0.29659014097520414
0.2780368169296939
0.10159378288464728
0.3670732889704299
0.4726811096458363
0.4852285575156707
0.2087035511735905
0.220279932707644
0.2616878508965027
0.6863024180874526
0.0
0.51818228644685
0.1275002478879895
0.6864231493941731
0.34519134154579534
0.6469101839391602
0.24424613149069
0.10397386999921693
0.559440134584712
0.6399453768472743
0.688603934212289
0.31648108515042456
0.37572912001934655
0.610936923102029
0.8151510468864832
0.47725013253179477
0.7312193579877937
0.2813649285508331
0.11854083018671857
0.3600546231527257
0.12745541542590896
0.18807401487289394
0.3363351398561786
0.559440134584712
0.4166158163040628
0.3395771054674685
0.2649745427648742
0.17962794679973101
0.378019117826392
0.31192826191889184
0.51818228644685
0.2895983086561092
0.51818228644685
0.37024529596876965
0.13982605639314752
0.10159378288464728
0.8869465993743106
0.48516733143393664
0.8687949259683276
0.4307122370924018
0.4759908450094153
0.0
0.0
0.17916452665770516
0.45712856566893023
0.5073761186580478
0.3165520064025644
0.51818228644685
0.628371714101073
0.8161065118283704
0.16095798997353655
0.8539316443613972
0.0
0.4759908450094153
0.6587890939328379
0.11521732768402461
0.7738931987486214
0.21398626751412297
0.11117713682142148
0.5958337858272824
0.6357901017563196
0.0
0.1460683556386027
0.43070113345075295
0.36462131461380604
0.15348309399853985
0.23154157421943775
0.024539884535296628
0.6863024180874526
0.47036527590874033
0.8151510468864832
0.509259502143758
0.24788785098747781
0.16958010093853398
1.0
0.0
0.0
0.3333333333333333
0.21934429942890082
0.7112741326853153
0.8004315097659757
0.521337108861148
0.6568190383437804
0.0
0.6549176196884834
0.4099232660188406
0.6455709459479493
0.19184336210249334
0.4542239823923331
0.8775258354928083
0.11745813453564119
0.16558245618819808
0.4307122370924018
0.5147714424843294
0.428701857202826
0.31920241970650187
1.0
0.3410666539740562
0.6131471873089194
0.3805200825745215
0.47199791830142424
0.660839798122932
0.4597507389172524
0.6333504980997935
0.0
0.7895676956152422
0.4364218363396495
0.6718508397810306
0.2768735138486301
0.3350394736014393
0.6130649565956129
1.0
0.4026517092817985
0.41745026494352483
0.19386769064470188
0.6064795107156857
0.25490857107857606
0.5907159509357487
0.12233418401639548
0.6969501814285162
0.8389776675256141
0.8657779077479315
0.7442890876982287
0.3785367804815076
0.22549335399095433
0.2121997997265044
1.0
0.23513346936774138
0.51818228644685
0.9322978697844707
0.3552695046669531
0.7614590991424586
0.030116110055608086
0.4933965361628013
0.25759380828906336
0.7503846771745143
0.25415097701965417
0.22040713714610938
0.5958879895760294
0.4375758177693391
0.7033908021813906
1.0
1.0
0.4737740646159734
0.2514534964910598
0.33916020187706797
0.20119457199657234
0.857342488323918
0.4101298673497652
1.0
0.3937506787409237
0.6515335972770873
0.7063444010937345
1.0
0.889589573972365
0.36023769177873305
0.5118497768463295
0.6131563669303578
1.0
0.08480626590081634
0.7235591284729296
1.0
0.3695463812202921
0.7606395690978326
1.0
0.4978484133111367
0.6950086224302112
0.6215484379745146
0.0
0.48541543766797784
0.561629472541859
0.6765142949895528
0.5233139141894291
0.4747677692819337
0.9026210962409316
0.7895676956152422
0.47712973626790905
0.6215484379745146
0.7521866177873628
0.4463867339590227
0.49342639630013424
0.8613098749520063
0.7697059259268105
0.8687949259683276
1.0
0.3431272815962261
0.6886348287268086
0.377537369592496
0.9125299506455518
0.6647377283620891
0.5555260884230683
0.8090683744347215
0.20210735516747766
0.34823185822748665
0.5477863974972428
1.0
0.3506302264968473
0.5613162178632985
1.0
0.7442890876982287
0.5052077677158969
0.7521866177873628
0.8304198990614661
0.5306235545819308
0.4611392561856105
0.7197780608506346
1.0
0.7698724389694698
0.6182649474624138
0.6330759395681294
0.7636842396567705
0.3652848140464026
0.5412521485346606
0.6877623873853841
0.24861090812781178
0.41724670079306964
0.5437656377180912
0.6912349515050433
0.5404497406506461
0.8687949259683276
0.9026210962409316
0.08965012254966825
0.660839798122932
0.29553891600426735
0.1010415535431794
0.45519759781361463
0.6471075803145626
0.4550568848715059
0.29140922080088133
0.405618184969443
0.9479446428547382
0.12610678788398977
0.27052781053733377
0.5000544318302566
0.0
0.9397677798887838
0.51818228644685
0.3162611146684754
0.14548469262779773
1.0
0.3156484565771367
0.8687949259683276
0.3652848140464026
0.11752827171042252
0.660839798122932
0.6658754475431046
0.23909494080246502
0.6049677568425676
0.49342639630013424
0.857342488323918
0.8829441258433555
0.5958879895760294
0.51818228644685
0.7095272004038102
0.15749303211833515
0.4463867339590227
0.5460821095771361
0.6642481827915362
0.3620891242616089
0.6309297680854797
0.8168270689400924
0.5718304095418975
0.4089221679914653
0.0
0.0
0.34726551263892314
0.46833353793929294
0.378019117826392
0.8151510468864832
0.0
0.9125299506455518
0.5890442456351046
0.6052090070612367
0.7354255429145781
0.4138181505406655
0.9125299506455518
0.786013732485877
0.5678523604406321
0.5958337858272824
1.0
0.4108596677760944
0.0
0.633351332382902
0.3600546231527257
0.857342488323918
1.0
0.2421850071567785
0.4075573708641661
0.38704026236086464
0.21708749914062944
0.6134648640203729
0.7361412635524746
0.1556405111105746
1.0
0.2285418014311689
1.0
0.5336811495281476
0.6421677828244962
0.7348637365799838
0.8539316443613972
0.702097646260794
0.35984901269060776
0.19083235387647696
0.5463088988570085
0.4226032628130146
0.5993516499149099
0.8687949259683276
0.4307277767227182
0.375575289431342
0.9125299506455518
0.27023204294347164
0.0
0.47556556966385893
0.57553008630748
0.688603934212289
0.31816946409348
0.3147145693873194
0.5169330025768424
0.5958337858272824
0.4747677692819337
0.11132886974114391
0.9026210962409316
0.4329655840226048
0.31559939308656004
0.4372310516638921
1.0
0.5958337858272824
0.857342488323918
0.786013732485877
0.46833353793929294
0.0
0.47326311727992665
0.5021724221445989
1.0
1.0
0.4912596971843981
0.2640681333451695
0.7603739823892958
0.504774913304123
0.8613098749520063
0.688603934212289
1.0
0.6508205111293316
0.5143371781444996
0.6494072117062614
0.6469101839391602
0.4947922322841031
0.5160888576864855
0.9394657381720735
0.4611392561856105
0.31001693979535777
0.21841119929760183
0.39681825946007554
0.8304198990614661
0.7738931987486214
0.15443586830521813
0.15348309399853985
0.29885726566370896
0.0
0.6298842049189163
1.0
0.46093189900750997
0.2019785295633113
0.6843515434228633
0.23376232798151164
0.46007926984573455
0.8304198990614661
0.0
0.2927091251977443
0.5151571349255532
0.26301296433822025
0.0
0.2887724898205625
1.0
0.688603934212289
0.8903894896000062
0.2620045774952923
0.4463867339590227
0.06573121426523296
0.4334908223009583
0.10295181789582004
0.08750372843227683
0.22953464473742968
0.6912349515050433
0.0
0.5890442456351046
0.1671142856758117
0.6992148250297936
0.29659014097520414
0.5251884412531949
0.142803106553681
0.6647377283620891
0.47036527590874033
0.32197462894140755
0.14062601630817126
0.598220732059626
0.15168562829050197
0.6287585105331771
0.688603934212289
0.38523267763128516
0.22445659962588005
0.4726736812072175
0.4089221679914653
0.6843515434228633
0.4616555861340054
0.5283423832390599
0.19589560898002273
0.5477096209737233
0.3333333333333333
0.3299453309869156
0.5634608943638636
0.2157618479922298
0.0
0.16975316738125268
0.40577759156489046
0.37905929735965316
0.2960819157603371
0.0
1.0
0.04488641288235308
0.0
1.0
1.0
0.12078373613277084
0.47199791830142424
0.7521866177873628
1.0
1.0
0.8539316443613972
0.09825370234659928
1.0
0.7895676956152422
0.4782643729943089
1.0
0.13826131286015625
0.8687949259683276
0.24410587201069434
0.0
0.2528453581540008
0.18466637309844192
0.18396798162674555
0.9578347667050913
0.8304198990614661
0.822714926687838
0.0
0.4089221679914653
0.688603934212289
0.5087403028156019
0.46308169407821287
1.0
0.4891748853210078
0.660839798122932
0.8239164597679867
0.2871188801090224
0.16958010093853398
0.3253614858680252
0.36581271797427034
0.46734941822022513
0.6089419751869353
0.30761362010170196
0.3033880287414615
0.3652848140464026
0.6724935352104012
0.26301296433822025
0.6357901017563196
1.0
0.14691020391612827
0.0
0.6568190383437804
1.0
0.8304198990614661
0.3294935026810589
0.5859614680360904
0.25454382217714167
0.41382114183790003
0.38685280084609985
0.57553008630748
0.5015639863847934
0.3741855367795572
0.35469417035890055
0.2897668648486459
0.2595093563735019
0.23205687487473486
0.5678156014003527
0.0
0.4089221679914653
0.34823185822748665
0.30738366118435745
0.22953464473742968
0.5296347240912597
0.6548086584542047
0.3679946702102719
0.3333333333333333
0.5176573698472422
0.3333333333333333
0.4273013931298811
0.12301810203027555
0.37317398639728644
0.3156484565771367
0.0
0.5733697487684838
0.7738931987486214
0.0
0.7536889299779626
0.2421850071567785
0.51818228644685
0.10142773685327806
0.786013732485877
0.48323852476612134
0.6223772582154674
0.9026210962409316
0.5958337858272824
0.0
0.18941653413487192
0.4307122370924018
0.5958337858272824
0.22953464473742968
0.5301371903159873
0.3085407550591047
0.4590382827928401
0.0
0.4208033826877816
0.2020831070863588
0.2887724898205625
0.0
0.786013732485877
0.5147714424843294
0.3942566030447408
0.4089221679914653
0.503545756589527
0.16861015246617542
0.4912596971843981
0.053568141479359066
0.20201303037391763
0.3573287082302869
0.5087403028156019
1.0
0.2960819157603371
0.4742954156836263
0.601219841910532
1.0
0.8539316443613972
0.5958337858272824
0.6583626215835698
0.0
1.0
0.7483129828107051
0.4208033826877816
0.547612293039459
0.2960819157603371
0.4658504050806592
0.2999763792727789
0.3277691685225153
0.1010415535431794
0.660839798122932
0.26767173448341697
0.6006999396175856
0.7698724389694698
0.16831393057914107
0.8304198990614661
0.6283297861761846
0.5958337858272824
0.29292435161437913
0.5453092209578805
0.6724935352104012
0.2949961942721861
0.4963957680638942
0.16375323239479936
0.47368946085155905
0.3127804212889341
0.26973063219227217
