0.4678819106529444
0.7089748860792432
0.17394295639106522
0.5613334517771185
0.6756709782085415
0.5595013211365613
0.5167047691241574
0.5573180121694697
0.367276999894542
0.6781536175202028
0.5029052178176268
0.7264616729664395
0.5018734726675043
0.7096989991673366
0.7235225990952376
0.5072730911905409
1.0
0.6956666585251473
0.5822426839114387
0.5950129169585394
0.5675993914793824
0.6435479576865218
0.8502964697571251
0.5244900622043689
1.0
0.6156793521587541
0.4888562554552531
0.38128790562284626
0.4905526397339885
0.7357537265243673
0.5179460501438015
0.5631660087532857
0.6015175081463342
0.7065632173047594
0.47625083108710886
0.8479658501493771
0.36966277664975794
0.6023097532559784
0.9102614479252794
0.7308665063543669
0.43380919839889165
0.44568111108737557
0.7208407896491511
0.6155164102821798
0.56444134097532
0.6504519391839302
0.7173345744300729
0.6151451444050136
0.3193450140470862
0.5314747745452401
0.5797051427767858
0.3327043887102163
0.6788993475151395
0.32594567536094327
0.6565240061041412
0.782936973613854
0.7582359854177342
0.6260426617930597
0.6491985912777228
0.5420963561948279
0.6535073680498684
0.6817499504871283
0.8468806769246491
0.6253828377533521
0.41066289498113856
0.4123319972887375
0.7829122598237904
0.7051578857990068
0.6818743936264148
0.3809944216604141
0.5404569023749795
0.7110241332874383
0.7754563390274973
0.7237123155517053
0.8988173836965052
0.5653752319406508
0.7081912056847933
0.7221503824482981
0.5435603778753071
0.6630808210012018
0.5100730364357016
0.3740193241795709
0.4936722846244581
0.3346762315062009
0.7094467864062532
0.5962488156944941
0.16299581191072587
0.47101212499332135
0.6823966732612278
0.753434354423267
0.6704421127518572
0.42637132894427565
0.19687407608286536
0.0
0.46289298017048486
0.8587858459952962
0.549405466033036
0.6968404671088101
0.0
0.6037338440449478
0.6406360883313907
0.6147809241353511
0.6246521629427237
0.5542368415565362
0.6682720268666534
0.6807351523524028
0.4900388830262449
0.6028528971945041
0.76018752923815
0.3424401255484669
0.3663780241103483
0.6807351523524028
0.40624589749361295
0.7318220164426514
0.6746378219969829
0.4965397047939757
0.5109313581093298
0.456250106912465
0.6193235908416115
0.7313004211198485
0.0
0.5826136143949662
0.6214006713691389
0.8185726061546537
0.5098133793412931
0.6258586188682069
0.7060850919620557
0.4791475892035761
0.5789282254685288
0.6721463642234774
0.6916507409391176
0.6076914895525483
0.7489032611431401
0.5375876285153134
0.7538557066646594
0.3967273841149352
0.6128455699277121
0.5376298571746245
0.3540179651465823
0.6405131624423764
0.34696627893276005
0.43443894434635183
0.6659754192518004
0.713657732410503
0.6223557155734206
0.6851783872119538
0.6009179795516172
0.5652714220528327
0.6329597405634674
0.4442358344966634
0.5406020436645184
0.37887483933364624
0.6123806319774181
0.67172776764459
0.7132340283296194
0.6574400654665193
0.6159354774873406
0.7366102307495778
0.41712927576708597
0.5415939951039539
0.391034039284458
0.45315807122334895
0.3989819713447803
0.2024832320263304
0.26438044533800015
0.5147861336627999
0.20400787400800147
0.48878300123679214
0.6666376758939621
0.09478836774187899
0.2808262374582359
0.6861964120775116
0.8305593522998458
0.697554194463578
0.8781749233412758
0.4423731773961357
0.6717938421849702
0.5336984808892504
0.6024171246687294
0.6658468374810123
0.5469224016782094
0.42617196000068847
0.6023654282568789
0.7011973575950343
0.621308929616047
0.8300792543816827
0.7869516250238915
0.5147148458643337
0.6799789881123839
0.6553000627292553
0.905211632258121
0.688780320516945
0.6473658937161574
0.5584984455067121
0.48749676851597684
0.31570878028111093
0.4614006298384481
0.5598626494036075
0.4595326255404367
0.35335860580306444
0.7759849879855937
0.6244541633516513
0.5553893555841385
0.5291052806806427
0.46906885075960947
0.32441318636486266
0.47696481126193613
0.3375853621051427
0.5269212840254233
0.3796777891059859
0.6451746924399439
0.6777277500465625
0.4167504686161361
0.3889808542505765
0.6172846667660581
0.6556660064778767
0.5347156112769307
0.47681247097897206
0.5301744142138493
0.3164172794853481
0.3366365126910198
0.6776649005147207
0.6397689735104015
0.7000872543826334
0.6164545594925461
0.8853246623306841
0.6467278432206474
0.5739147457451075
0.0
0.5544688903859606
0.5450182217484844
0.6465618769707872
0.6355940818700134
0.5550229407977899
0.5142670710354172
0.5576370274989497
0.4687767155486264
0.32350258463516185
0.8582425301424396
0.5932616377170532
0.2200917631911596
0.7999883770166524
0.80315497455279
0.6182307379305534
0.3443121157590329
0.5748155224881208
0.4239166646312868
0.5553415130971473
0.302827093208657
0.6049916890558249
0.5678427241124528
0.5654763542513681
0.48502719636177716
0.4501067383986969
0.5798846157627734
0.5621929418610095
0.5470647663429609
0.531105102268929
0.6472598722034509
0.8380432822187092
0.5
0.4701774686135154
1.0
0.38468133230925877
0.5093221105744709
0.8797403241562285
0.6356335719462338
0.6717919248584744
0.40248237137926884
0.48170586472365495
0.6517261854000054
0.6817963878843407
0.5522839820471207
0.4560611298290715
0.5347156112769307
0.5525057679546806
0.7759944398586207
0.4472021579742156
0.4545232246655449
0.530932446858592
0.5687431557135947
0.7337883667907884
0.40542173203731163
0.6077876332409552
0.5987889273058871
0.48613362090683965
0.45625663434648683
0.558478984390012
0.5501906903567274
0.4786866636731236
1.0
0.15777608150267247
0.5302320880856844
0.9266360767498649
0.391743453842326
0.6245577465644297
0.3575235531651687
0.39341961059004643
0.5598335601946443
0.6014884502670286
0.33832528607169576
0.6462606379896226
0.5714978995519864
0.32475690611082886
0.5739639631726952
0.46177412968566683
0.5377144466162499
0.4795917660206365
0.5582193069590015
0.3664988880649172
0.3868276449575067
0.4996119550254825
0.4631241237844829
0.563925688202329
0.5960610192343101
0.6120027800706896
0.7000872543826334
0.4697788749963565
0.5747365534466055
0.7449654362188625
0.5950157368225756
0.5391888480895183
0.6655389393745865
0.4898414622453625
0.5056427649175202
0.7594806429364304
0.504302274585599
0.4191401409956646
0.15336638770437142
0.1319921978587211
0.6692858847095952
0.4663851784489562
0.608166420130528
0.7412360419065995
0.17673983618139852
0.706033932953227
0.8752027432107766
0.5878641575853176
0.7031912206841359
0.7703766265469422
0.7663491871503983
0.4008578402588697
0.6307827364315971
0.7413589774083355
0.6875457254762384
0.6944885393327376
0.5962400246947178
0.6659753724323926
0.5722046804291481
0.7819254338791763
0.5949510478913976
0.11585759109525216
1.0
0.44316979596096456
0.6060189559360613
0.28459902973208073
0.7575744469985811
0.08785941661573779
0.5955975824602783
0.5886955506869794
0.4196880353924711
0.7251611056716774
0.6296027478439999
0.8110897912923065
0.836937359839629
0.6764352780931948
0.28906482458114624
0.7063815327586276
0.5744424810060739
0.5769498009945072
0.5853061930922709
0.9044151760729073
0.8094410775839185
0.6566253009762482
0.4196326785249204
0.4932163002109027
0.11621746863477665
0.7144729158078439
0.6124577874304854
1.0
0.9259756439291689
0.8942748607955886
0.8233140246273424
0.8196104835463295
0.6934264063455403
0.6541461499266573
0.929123054942302
0.5959867649878345
0.8366098103848741
0.48346475008477713
0.8272037811964327
0.48855900387737405
0.8076509605635924
0.4605959431847969
0.6232324132279721
0.5736806695257517
0.0
0.1788206163565026
0.5653712088359174
0.5017289679673006
0.7999644290854926
0.5724392119830827
0.5186511723303222
0.6113290348111846
0.408663497610844
0.6508198888153186
0.6785382366799512
0.732231856866789
0.7892894498478742
0.7951657506625412
0.624631622806344
1.0
0.1681522909920141
0.7032101765042513
0.31238171431239165
0.0
0.6983689090967587
0.8717547474762876
0.5585587785154649
0.3806007978068125
0.3282410061017055
0.8797403241562285
0.6936634702259933
0.6548437166392367
0.4070868762171511
0.618865643395917
0.48632133076411854
0.6482966967212397
0.6965462522370864
0.5521452833268677
0.0
0.22132675021420045
0.6654233848423466
0.6260073938552244
0.9305687774461386
0.6731909922727487
0.1971437937073155
0.4326259018237455
0.5896936687737216
0.8176244765222638
1.0
0.6097369940984791
1.0
0.6028115655981402
0.6136082978211418
0.3381516630465956
0.3923170398979211
0.6683321347824355
0.6417729205416561
0.618799584873588
0.34024562943896075
0.6508820069566571
0.5564666979075896
0.7444721049192567
0.6823695620612724
0.5421187889155786
0.6090726174417361
0.551277889055496
0.560937287357338
0.6943525911365372
0.513293666580388
0.5218091110220937
0.1272304602888043
0.34889130170070903
0.24819971190894535
0.658953514535797
0.5552980934371318
1.0
0.39211524461131836
0.6227820195222322
0.6466011042631002
0.6230928542232901
0.6189698975807821
0.5901711493718462
0.6574587072302774
0.5851395231977442
0.7161590657745087
0.4860571438362251
0.6689431294049639
0.5869017459170625
0.5792065136928255
0.4745236004859082
0.19961799353282286
0.7728707122047576
0.6004332969793756
0.7227645114637482
0.4718301004927628
0.7043800997615305
0.7052475417047449
0.8611375548922774
0.6884185101098256
0.49195462210766416
0.5862066046259701
0.2586829454326803
0.7531604856216251
0.0
0.5758292866251902
0.4244224045368938
0.46195433909331524
0.6543088273823053
0.5950459321832792
0.7173149294892568
0.5478527374569102
0.8157778729502079
0.6976873409419299
0.7291618037523975
0.4687625079288058
1.0
0.44181349426372984
0.7256035104558147
0.30701473609973673
0.6338038870003931
0.28658262771138926
0.6750046921781351
0.5640303159055249
0.30489524348971336
0.6813183062692424
0.5638961855713701
0.5493703505984822
0.6079814286629313
0.6828314349456115
0.6319042952975364
0.14982419994744298
0.7488262884170385
0.7136540111377959
0.6516785716429182
0.6064533038085814
0.6086303570220382
0.4772157203114237
0.5938995532863934
0.599368867756388
0.709925308912502
0.5589473438089768
0.6384348388381794
0.7791302217211978
0.8338208776920087
0.3040588125991253
0.486110224853562
0.4917609936722287
0.5239295024080795
1.0
0.6645948859910306
0.6759954067709514
0.4724671487678824
0.3787604841494169
0.5185477911639096
0.7877736316421422
0.6356181241272308
0.6963826476176511
0.5421477656149744
0.5067288356437869
0.6549087746540525
0.09797563715511069
0.7750606770043275
0.5726073953201232
0.4962301784213391
0.7057973677651632
0.5672993574247468
0.5788733999209564
0.6640824871707143
0.5036014760582388
0.6351564388701709
0.6753527570913979
0.7553544404342094
0.4944659652175373
0.8098183656737605
0.7933259669541188
0.6772375753464376
0.4609174695246649
0.6080236213957743
0.32554288849615104
0.41309461421354604
0.7416827283874202
0.26676942330530506
0.617491398315392
0.0
0.32739496485214425
0.8063561086797626
0.7134252683291618
0.6214501403367012
0.4569797922808248
1.0
0.5266112595623451
0.6827195213762058
0.6571965916370192
0.20827328152600588
0.7189034279306652
0.4693971121752356
0.3427805662375889
0.7294157253194942
0.7056130436287678
0.32237236150218196
0.26726268941562953
0.3857376767753487
0.8090365618933617
0.621620654846023
0.6356063630031792
0.5759865057820782
0.0
0.7673308645653991
0.6505033450349184
0.4356699244927435
0.34569645567143786
0.7009057268806841
0.5605925335154849
0.7660972280362045
0.447447500755214
0.33916020187706797
0.8701249874103478
0.8175497296504662
0.6819250917634618
0.498176971857931
0.4682193924592045
0.7704788029711577
0.5396962431632758
0.6656870340172829
0.5740577782621771
0.9512312021912981
0.6174406568790477
0.5762005543152933
0.8579809441450386
0.3338909974080357
0.7386950637365972
0.44357287097604475
0.8175295891696291
0.32968735906830127
0.7277670608300097
0.7073363790064724
0.6992748926249538
0.7689685960003547
0.31546488404273987
0.7287546748130543
0.42759500647830595
0.5946959879518862
0.5025108130912216
0.4042383681042773
0.6503700717656125
0.6346415854308665
0.539106564897402
0.8632063672172049
0.6258435409714309
0.7827392859559237
0.5541432049281187
0.5219374204773304
0.38356636845265696
0.380093764619075
0.7725976818027308
0.7440611769993931
0.5816849134849837
0.5184921168115202
0.7549465196151084
0.3333333432674408
0.7137047686708127
0.676192264384899
0.16958010093853398
0.9216017310636463
0.6981422480973583
0.5312937822967331
0.7383187489007635
0.7470128526413617
0.6242322476721319
0.5645113110135777
0.6281078278456745
0.43842596281520296
0.6348376317973475
0.7090358434263949
0.2960819157603371
0.7195142809774656
0.637946703590014
0.44882915529635503
0.8196104835463295
0.6794558086233601
1.0
0.368855665143424
0.5887008794079074
0.530244206292081
0.46544621621743043
0.48381287779633564
0.3749434240370976
0.7627457929287191
0.8867971145895441
0.5907796108239028
0.619234898820288
0.2332059395444893
0.6699939730677746
0.6638550127342357
0.5669227467032313
0.2066894522621827
0.36782160308665046
0.650635154130111
0.457675276737035
0.5193442952459577
0.39104006487246484
0.3759465188520278
0.8839278098483991
0.20002614392691992
0.661363314289766
0.30423981621490875
0.7065639584995214
0.6077324931734969
0.7616256480411747
0.5605757540918993
0.3263286990558604
0.6609585886578988
0.6735131772630175
0.8110897912923065
0.5666870475093981
0.5479340488285948
0.5099221187194589
0.8769071457767099
0.6344416499440434
0.8741954340295219
0.6285390824681731
0.4944332281117944
0.42898315434165196
0.46711665635754795
0.24055785081979386
0.6030670791206444
0.654514790256024
0.5484223198063026
0.6023959963009786
0.5668388234347952
0.5190943763606841
0.674959666971691
0.5998003706231859
0.7527637030020802
0.6811260000763673
0.7341340123626491
0.7164982378881326
0.41554206925107295
0.2445691271908444
0.9449770592022101
0.6547250001811992
0.9148568849663433
0.7891196469466198
0.7827035752638266
0.0
0.1256490602379426
0.5447878188977254
0.6574467274520444
0.8455015199068365
0.585130924285597
0.6602447081015922
0.8051988394207679
0.8742526077508952
0.11591982276838882
0.8582497386173079
0.0
0.6800279299240364
0.80415571505804
0.36687517544707804
0.7491355160163498
0.41412295073218197
0.40027482749166515
0.8196104835463295
0.8679299839145369
0.12607016695429848
0.3724928718217462
0.5886704546192247
0.5305730919403655
0.5826909901882332
0.541687070425492
0.17524464156072017
0.8305593522998458
0.5773584096658019
0.8055095728747117
0.7128712198183853
0.5889448827688308
0.24676163946890345
0.9216017310636463
1.0
0.07414861584269941
0.5643465095033233
0.49846261804290015
0.7708429034094336
0.855605458258614
0.6592867034750522
0.7937751446633436
0.15753563722301295
0.8669756212588721
0.6799683361304352
0.6828581101370551
0.5533125200074369
0.6629495414601435
0.8907883107886545
0.4225925231337485
0.5950723385577392
0.7594064870016989
0.6067216001306077
0.6515728245375665
0.5269222270654667
0.9266360767498649
0.5392981930532667
0.7903864714507953
0.6458948998658111
0.6531730295769175
0.7065443135587053
0.770667892068605
0.8599136299160013
0.0
0.8583837408630938
0.6527983532041332
0.9190780836317162
0.7509357822981744
0.7745180743092084
0.8632668755090316
1.0
0.6435186728323425
0.6188520144238551
0.6773758803016379
0.888387255655501
0.7123914093123855
0.7813927522727601
0.6395222159773959
0.8253357008749749
0.9190216411093546
0.8450216337012364
0.8015038337159911
0.7038814073070676
0.611453601207752
0.5128465881761739
0.915446266022026
0.520234937262923
0.7263008205845921
0.9634313636577616
0.6227752409682084
0.7797892882687052
0.22548357329724625
0.5338931456159047
0.6390646519220279
0.8401498186585133
0.6906075463091137
0.390140407346546
0.7687745773505343
0.7454604270492935
0.8397894740348391
1.0
1.0
0.812870367525662
0.4191993510134902
0.4931948178426682
0.7699134568257339
0.9305687774461386
0.7771532151519471
1.0
0.6392209670926589
0.8303340422109412
0.8568412999964663
0.8482378078135112
0.9685065661441109
0.7199534153509367
0.8056127226883599
0.8351141761254345
1.0
0.45952706904739626
0.7870415342627074
1.0
0.707024787990283
0.7606395690978326
1.0
0.833159044038154
0.8228707606821566
0.8305925830843774
0.11284513908875529
0.5618110434320136
0.818366360380917
0.8476229407096715
0.8611296089866629
0.7826759580442608
0.8650566153265093
0.9599175256988538
0.6766144542489254
0.8894419985476776
0.8893946732297056
0.7999696742628947
0.8147420256488062
0.9774810881359836
0.942610980520109
0.9148568849663433
1.0
0.6574411669050897
0.633337589190573
0.6327080815746678
0.9819977960794066
0.8366758548202058
0.7530305392100889
0.9392148331907111
0.3585336007714902
0.6854326862685491
0.752910145619825
1.0
0.5054707354707841
0.8261787997696468
0.9334739952637655
0.9334594656516666
0.5760397279506574
0.8292648326198064
0.7937341109079076
0.8079751585477439
0.7383187489007635
0.8831976920277703
1.0
0.9467691685575692
0.8179474253413296
0.7565324137686987
0.8642293545224973
0.7319740013540802
0.766124921310943
0.8474816196202057
0.766322690427515
0.6817300609557042
0.8319779090391143
0.8765325175388481
0.8330529451184392
0.7380396332301187
0.883977591365474
0.5117400635035358
0.7621420906913741
0.6338594890440913
0.3568553201963123
0.6942343814692303
0.8953208125049638
0.6805794074304893
0.6837916572249341
0.8229395159413248
0.942359718228576
0.4579454972222251
0.7595078867541735
0.7706892231499815
0.0
0.9860345104446676
0.8116697664403598
0.6983518229554769
0.5689177170524462
1.0
0.3474464081001769
0.9773896608031419
0.7763733714957465
0.4585428936127923
0.7799082368088404
0.8555690214709023
0.6522687295275819
0.8499898813092832
0.782702803801351
0.8493910338571841
0.9040408971412598
0.8481533781115403
0.607540826958867
0.8396538857880946
0.5607821618228351
0.6647138022520229
0.8381166323392545
0.8271419946637584
0.6918023576543646
0.6309297680854797
0.9318740106441228
0.8831303041758528
0.6825278266827535
1.0
1.0
0.6352251750991934
0.7659272083750622
0.7250400175131368
0.9256339258269405
1.0
0.9886465188673524
0.8454428158052587
0.82758993941335
0.9278684057030985
0.6812273685607811
0.9159372890056681
0.7827392859559237
0.837192314761207
0.8765170414369126
1.0
0.7949778416602912
1.0
0.8398190872813764
0.7009124640345624
0.8838255648650908
0.9652843887230693
0.596278537139824
0.6490233678254005
0.6406469934965594
0.691491051291224
0.8289880334366911
0.8268158885651732
0.5609789943330035
1.0
0.6208497996925072
1.0
0.7682893126697268
0.8869537985793186
0.9244961378553224
0.966714787782712
0.8653667124607318
0.7748546690856585
0.5378814009836812
0.7393195190930912
0.5981116416132853
0.7336536460737753
0.9148568849663433
0.7291467219865772
0.674245419529587
0.9091786803720929
0.6275883160293314
1.0
0.8019594442249502
0.8789335189110367
0.8996774792662393
0.6859825024133492
0.8129484795070699
0.7229025546526053
0.8562598744697565
0.7898455420317329
0.5695692783640415
0.9807748804816454
0.7290474986612285
0.6948004960637599
0.8055498638770728
1.0
0.8196104835463295
0.8669479905275309
0.906825035615709
0.7601000257043956
1.0
0.793863543139512
0.8889609372559059
1.0
1.0
0.6704315298833475
0.48247557118491646
0.7730477565810577
0.8518611928892832
0.97110057124385
0.922209659584495
0.9876712794257305
0.8179809672264625
0.6374883736211661
0.7817314316523976
0.8722538348685808
0.7936717684316142
0.8094667959210005
0.9667217333152809
0.8204550429792842
0.6605727797804272
0.6197120981697535
0.6137510855029233
0.8899541184044202
0.8066043099408421
0.4828128108986351
0.5648478542045138
0.7496898694375791
1.0
0.7150685965454844
1.0
0.54622789062273
0.5586373549632495
0.6975237015975991
0.30970999321237197
0.721883940856108
0.8236998927333757
0.3333333432674408
0.3757193439331624
0.47703822813501523
0.64375736188204
0.10209739895755823
0.6332937850165096
1.0
0.9008636639078379
0.8596139069826124
0.4384438264424202
0.6001644465201676
0.3260836621780813
0.4908643418737973
0.3936983841927798
0.1890570954528655
0.5420739304411409
0.8607438830793679
0.0
0.7489716079508499
0.4812374640571845
0.7385567776997191
0.7299435502361529
0.7221024471627628
0.24113943352184905
0.7489168961384952
0.38363314716117
0.586078008888165
0.49946378451189344
0.6623243851850454
0.40048248149631355
0.761349516916475
0.8695896311381018
0.6527964310456291
0.5206908545836036
0.7135748890664931
0.724044058428221
0.6340977444006302
0.43780685586133045
0.7215406383408057
0.6493550969945487
0.6628393246469898
0.6412973695433323
0.7216796038852161
0.7232789131035466
0.5951989585392315
0.12081130312983202
0.47215876587310085
0.7778719909206209
0.7002358127324275
0.4525081613643497
0.12987501258965217
0.9337457743289556
0.2540153994219288
0.0
1.0
0.9266360767498649
0.4684162954698697
0.7000872543826334
0.8324881153391224
1.0
1.0
0.905211632258121
0.4128176320955046
0.8575928991705211
0.8019671925990325
0.719999947070692
0.9216017310636463
0.6136130036019023
0.9148568849663433
0.6734607224515736
1.0
0.45449790873150797
0.503859185391466
0.5638969762244539
0.9787950445010101
0.7479350625494587
0.9435593620377342
1.0
0.6751454028176527
0.8695896311381018
0.5833970182585443
0.7686062606708604
0.8553475053926018
0.7567582425019515
0.7015099678724867
0.7763541496083164
0.5538932688425842
0.17630010726662426
0.5336275917224781
0.6843369211312785
0.7475238300089899
0.8323485106544637
0.7598762864420212
0.6184198301171288
0.7319740013540802
0.7468872015068446
0.7115892908371175
0.8745284743770796
1.0
0.42356556370657605
0.0
0.8512810888267512
0.9289904720725193
0.8899541184044202
0.6019704951807552
0.7971412991972952
0.7182270296527137
0.5705375967926024
0.38685280084609985
0.8789335189110367
0.7156607660166366
0.5987973917558921
0.6421087764763022
0.6275620144049259
0.5187583676919718
0.5721572970222485
0.7169105070121476
1.0
0.6807351523524028
0.5849851916576503
0.6293661960751501
0.6124334954223547
0.6492057087875944
0.7026305166084856
0.6865049244597304
0.5
0.699649838425942
0.5960835452416203
0.6733622676888965
0.4234647887224784
0.5220009315794192
0.4131075308634647
0.0
0.7286353223367352
0.8899541184044202
0.0
0.8822677908547781
0.5959687897880438
0.6406231935970808
0.5037773962558115
0.794883329221233
0.8155281828466894
0.7956840068384312
0.9194787032935383
0.8196104835463295
0.0
0.5719998658685621
0.7108314507393115
0.8196104835463295
0.610733678827313
0.7857370642512631
0.7303822130222719
0.4508918392881612
1.0
0.5819504681467963
0.412130901858626
0.49522534255577133
0.0
0.8611375548922774
0.6232722092914758
0.6511770354837272
0.724044058428221
0.7883631776156247
0.5672224534052868
0.45841207680443785
0.3167740459807636
0.5227087136995368
0.48327371641766315
0.41231449435092343
1.0
0.4525081613643497
0.678875474767135
0.6406366073122892
0.9363792130813923
0.8357804097042597
0.8717547474762876
0.7249024862341756
1.0
0.8603818510788205
0.8279308972312294
0.5587573502346626
0.7556472523261243
0.2960819157603371
0.6424979518088091
0.6493129576939987
0.6067928132382041
0.3635325349171954
0.704027140715596
0.3828211366192953
0.7564567242931792
0.8249298878571397
0.4537048626162259
0.8263333314858125
0.7038028692452958
0.8196104835463295
0.6516546200426919
0.745949351524034
0.6322080937134172
0.5854517437825109
0.5860849197138918
0.41927810708950014
0.7683576481824251
0.4205602054450468
0.48665592923378065
