0.3908284621918597
0.699490885980331
0.17868854166125145
0.8188531393602798
0.9659509891867031
0.8451945447986138
0.6891852480366188
0.803368436764214
0.82870760325841
0.9432058564541287
0.6703586539785056
0.7065639584995214
0.8614167022295302
0.8214617633200488
0.8417631606329101
0.32157981497044036
0.0
0.801183046180166
0.5731623973006602
0.9100342586122322
0.9362322163164166
0.9108297116918936
0.7889672246899627
0.46256398082746586
0.0
0.6041708549941598
0.5438987045808857
0.24636704322970843
0.37749254205566957
0.8009385105532081
0.7940868944477995
0.8829929525138807
0.8198004886928266
0.905211632258121
0.7658138955911921
0.871020651664141
0.7975415520679969
1.0
0.7451926255319097
0.49088001627147154
0.7616631247626823
0.7700450783790339
0.7819996257557954
0.6336766534394385
0.8483491641023284
0.8006044856078731
0.4309689406270527
0.6220267968855933
0.7216923573272821
0.43008536662320485
0.8572430328550548
0.8404528900226735
0.6479396245294361
0.626258329859677
0.8377494634754056
0.937451934460528
0.8149035943095978
0.7110964235024201
0.23381405427294577
0.717280870572795
0.9178902048521298
0.7033699674517091
0.8899541184044202
0.8913696429779618
0.8313591228092887
0.8297655038475
0.8509863482091669
0.8127158881426909
0.7468795388498943
0.4167357501961333
0.7834675418652294
0.6347532815995389
0.8682497775211063
0.8810063666522363
1.0
0.8106728212599454
0.5550229407977899
0.6078523419343956
0.7363738200333321
0.8955638646253059
0.8759195996267714
0.5965929306436879
0.8826590684606814
0.8531782411509893
0.8784046615349701
0.6736097795607802
0.27734196055519933
0.5905785289923563
0.7028674433507539
0.7964656918269581
0.9473983163160008
0.565831297496505
0.0
0.17309461907543713
0.6802547546648113
0.6881473820171675
0.6085366667077574
1.0
0.0
0.6570425718985976
0.8573275061650419
0.7035843480142451
0.7007538438869327
0.7569237801099122
0.7542079410655687
0.8252051015496862
0.8731166158476306
0.6409434369639825
1.0
0.2875262432820594
0.7650205486177493
0.7279994262156192
0.7794593264726949
1.0
0.8393523003945073
0.8426883291281616
0.5699138779468902
0.9024599055538162
0.6401274807083185
0.8038483140578366
0.0
0.7695361879042452
0.6736069486809543
0.7691456388343899
0.7023989296019971
0.6448678097537804
0.721743020357135
0.7435876373609347
0.746541253838244
0.5899017555512456
0.8271956953803745
0.6531682648870034
0.7498016057470858
0.7658943339035416
0.8677720340126251
0.8350231973588084
0.6901011938596815
0.5216744549258568
0.4864959463743182
0.821693567488603
0.5557364469013866
0.5554883487551124
0.4951848134558719
0.7635991338813537
0.6779688486277047
0.8132556554109931
0.8420408719060981
0.7569924950393743
0.7029512374853282
0.7329401657018627
0.562137883728753
0.3022371322463179
0.7818942288181705
0.900847440290695
0.8162232037925715
0.7710211509108283
0.8450967523174061
0.68483143434243
0.8380890654093544
0.7708645715475819
0.7079823280864652
0.5610579916113067
0.8557040200934323
0.28952298574502094
0.4441537792426871
1.0
0.6712338287845331
0.6715331805730429
0.8464926319501316
0.07839826893635371
0.20213795796275003
0.8249298878571397
0.724044058428221
0.8573747340469274
0.7707148013412739
0.6994062550316863
0.7613088022157005
0.7576916045414888
0.7000116229833476
0.5163746321042083
0.7066671776185566
0.5322389066151672
0.7313462764861389
0.78214650175724
0.7930581895937502
0.9608008655318232
0.7470873614826098
0.5224772338117852
0.7715504066059999
0.7611797728437373
0.9266360767498649
0.7417104141056721
0.7490723589545168
0.6858824537807979
0.7803514989696376
0.6505029573753748
0.684427832571712
0.9357439568878799
0.25329540602567074
0.8147420256488062
0.8735794863002119
0.7200823113181326
0.5877560811095096
0.8082042241568624
0.5886591906552441
0.7831447120335572
0.6438515765373987
0.41441513555896137
0.9426805519853504
0.7817721928307639
0.7062453381429372
0.8899541184044202
0.4962625621679003
0.7695261840332153
0.8360287008007591
0.7653465748510035
0.5337371620393757
0.7394018826307608
0.898891288641405
0.30267813260844656
0.6094945400336121
0.5014170802717154
0.9183318316175456
0.8553137460988862
0.5118036998018356
0.8700318132365614
0.5760377735152156
0.8137046222774744
0.09720567533406707
0.6393534409490415
0.6305905934972753
0.7787015695826074
0.8717547474762876
0.5007075031965664
0.5048226263541111
0.5893586861284642
0.8018968842016104
0.6821951449052734
0.8938868158210711
0.7808565561513573
0.20904937147504088
0.7852022433538525
0.8333796815580412
0.7384131007026887
0.6165239448356403
0.6842314291986084
0.7948024418062659
0.7394664640747483
0.49295629707930116
0.7094223189053133
0.7774005125591353
0.905218156620753
0.7308469864685818
0.8110946061311273
0.765818110138029
0.7584493060079295
0.40615720874529593
0.7286371609313652
0.8360244208546174
0.8978166856103647
0.6749833878904059
0.6699656047833231
1.0
0.5209021578795877
0.7994367942061326
0.8838665266584494
0.6914307898733808
0.8100445229572634
0.8374891772484249
0.7260038807502552
0.5870767031627008
0.8656993727052655
0.5881401935189295
0.7316073350601463
0.621308929616047
0.5928837858103247
0.6901935046348122
0.63093602402985
0.561822110567827
0.6815905106183113
0.6665600258379129
0.8464134716936245
0.6199336565038743
0.8318243400357859
0.7238513319341263
0.6679891180754973
0.4096864893507789
0.6983689090967587
0.7262398201490047
0.42779786245080204
0.0
0.29964839989488595
0.4242695665004368
0.9363792130813923
0.7676389271564911
0.8664826530672058
0.44167636183770154
0.7378622749280934
0.7990286044310221
0.8755458366483487
0.8474377064958054
0.510712222245872
0.8280595457693359
0.6288411325413212
0.8616956225266674
0.3878984147319871
0.7901466939053559
0.7268983895316506
0.8827306934161028
0.7690401449974353
0.5654427358198034
0.7313548112116268
0.8361054400630612
0.7353038756452152
0.9033586790225461
0.6958517362536495
0.9703124201676592
0.9234414140154776
0.6029774904340485
0.7747172104210278
0.9440546525002427
0.7250418395211085
0.23053376949179888
0.4989920948144263
0.5420423018216567
0.679858652650448
0.7452487937923081
0.8110913219210841
0.12231489645919727
0.635393795313822
0.8196104835463295
0.5625141463028631
0.6095689937821541
0.8945212433845252
0.8477113831739732
0.8838540592304541
0.9146289428911605
0.6469163987677095
0.7665276261331635
0.8412318629789405
0.7136540111377959
0.46939748506423223
0.687440494499419
0.7366059497923799
0.9538812020489983
0.9473892866878547
0.7540375869940221
0.8847498036434928
0.7592973206035223
0.8535120568572818
0.5827518820367696
0.8977631093389086
1.0
0.5670417810897066
0.8347317664125652
0.5958969556743063
0.7529701247184899
0.3397119481057153
0.809222042973845
0.7550952730838624
0.5691013474735462
0.8537491712787911
0.8763817669499253
0.9017094554963264
0.8522839597787589
0.9791900380239477
0.6309297680854797
0.8240777413604814
0.817102633918809
0.7216037069811557
0.8113324506223557
0.6637711777679817
0.7874891277150258
0.9209305022424313
0.8822588363166389
0.618865643395917
0.5596464904257514
0.2520163771615044
0.48668081461741874
0.0
0.8747482742959883
0.6211265038751531
0.8961502514463034
0.7294157253194942
0.8065735936544597
0.8661669186311196
0.7724850973326335
0.8737383100194549
0.9042342030314507
0.7956408718912646
0.952172706159931
0.731755555006044
1.0
0.503789079942896
0.7528087996100967
0.9068388681020092
0.3010300099849701
0.819765191160253
0.7647455756998943
0.643121137034744
0.8444230259455721
0.746427029219483
0.13743816478364115
0.6725117008696381
0.5318103934593039
0.8683848320024173
0.7204601632248611
0.862098212725079
0.6818743936264148
0.8521705085097849
0.7485410728904888
0.9803771514536379
0.1100458815955798
0.5785674638670671
0.4930547731570286
0.23719770674136365
0.6752053035699253
0.8973000234658182
0.5309109524049598
0.6250627553095492
0.7695261840332153
0.7230648800331348
0.09478836774187899
0.913589749159152
0.7030820581865305
0.6947651217751838
0.62801963815432
0.8425599345334807
0.7767114759288193
0.5469608406760974
0.0
0.4890648933897397
0.7861645116021002
0.8590587957708894
0.6410457917011178
0.7597895802134105
0.6011936344300272
0.8400210520897886
0.8243929107406178
0.8827996328899249
0.0
0.7862037001055358
0.0
0.8459857005446639
0.7671158496421187
0.6790093884696072
0.6783418578990211
0.9038047316236448
0.7613246097816652
0.9396159182867339
0.6979607753401649
0.6930577651366805
0.701385113724752
0.7947810040044414
0.9354180972602657
0.585333487276925
0.5305455314794434
0.81660543433715
0.861051280376034
0.8250166121095941
0.9445457725109857
0.9187242019670119
0.5213052402838109
0.3806265227693693
0.8363137922011784
0.5818087730221528
0.6488103234273581
0.0
0.8374470893473877
0.8298728856129951
0.5943789079656004
0.9289904720725193
0.8820454577940698
0.7686248535399969
0.9037917010010161
0.9544813305821331
0.802752384113625
0.8700847565459022
0.6352051343413866
0.8284427419456524
0.6934105634270834
0.6647264947904977
0.1340402327954961
0.870777480533394
0.8704424244194727
0.9023305381929644
0.820033745264144
0.6268675446580931
0.7248675345189007
0.3863474154981398
0.7118756204154543
0.8057550402263894
0.8434176832778713
0.7519846878722277
0.8473825608875919
0.0
0.7547055145152488
0.7652170170505505
0.7344234958898288
0.4239166646312868
0.5893653789096477
0.7963412593181054
0.7663491871503983
0.8788337822607762
0.9250879000262785
0.7738808602754728
0.6282797651278099
0.0
0.7307548135645068
0.9286024270980018
0.2024832320263304
0.8292093942040715
0.4785317252051539
0.5186260134804891
0.7912258950465108
0.6957716062062187
0.7358599678290738
0.865180433487586
0.8479411068679663
0.8652642309496582
0.8649904636185689
0.946863939273956
0.0
0.7820359046855657
0.7759944398586207
0.8983805320801064
0.8032019731602588
0.7333117096867366
0.7195402948703581
0.6578083808326309
0.6690607124395769
0.7581723730591601
0.7899581565445207
0.9289180739371858
0.7647219399651265
0.792359620089802
0.5755245738541425
0.8773856366573335
0.7282202308076026
0.397192196819612
0.0
0.7440223914300669
0.648094489366547
0.7959167395703458
0.884587499675184
0.4153050304951523
0.9148568849663433
0.7610164318615228
0.6438995596580565
0.8424666016424734
0.5843517878524266
0.7948513944899418
0.15247973889076277
0.6481520621521718
0.9674679937542567
0.9546275033937203
0.9478557360700419
0.5991034221196896
0.7609733501605381
0.8332832135195936
0.777845091539487
0.6726492005375192
0.8003188977018266
0.7653078256070971
0.699715279083564
0.808270355245536
0.8566672422489715
0.8002396227912918
0.5230240080220022
0.8148562500004541
0.7569089453839627
0.48886539498547
0.8780530329322808
0.9571017836864445
0.7620751983938803
0.15642624560401258
0.23981247076184994
0.6755226503677002
0.9108401846259594
0.9363792130813923
0.7108792913650115
1.0
0.24288028644471313
0.7481516111987828
0.9016382791836774
0.4451010912584244
0.7243344702364553
0.5938273912392275
0.5868606632242515
0.7627039256557463
0.9430977117925713
0.7854533684978026
0.4576533235819715
0.9248638114850551
0.9487174713926328
0.811635936114944
0.8745963649191992
0.39124064165253536
0.31546488404273987
0.9129331173954133
0.7099458334211999
0.45734178101176304
0.6756064296234868
0.7361558674863143
0.826069702605652
0.7347726077248016
0.6942203250338514
0.7227265703297249
1.0
0.8630802389944313
0.680462633902035
0.685780598389186
0.8207980568806623
0.9708257785937626
0.8351142050336127
0.7624795183642508
0.45367321405599903
0.9512312021912981
0.7910845771707022
0.7918894992740719
0.5075394036025542
0.11538029531472063
0.9896136739822821
0.839684221491122
0.42177341065922397
0.6167473649200792
1.0
0.9478557360700419
0.8480131065955095
0.8859676771424592
0.3333333432674408
0.9112638536198434
0.5697285187323962
0.9076293135924249
0.47973602567717644
0.8630152898312572
0.5883579343085606
0.9052303701608576
0.6049306945199316
0.8575928991705211
0.585912843849062
1.0
0.31328481743536707
0.9022093051466091
0.20909053271461972
0.5998372394070759
0.9389791271154881
0.8727244971822257
0.8759875545718255
0.7832544517624247
0.7654290442699729
0.0
0.7703497724276118
0.96787197844394
0.5878590600396192
0.9148568849663433
0.7684273244545923
0.946863939273956
0.6939193787590973
0.8494412637279939
0.5527460659202224
0.564084756658031
0.6488908098745801
0.9603901185942931
0.8652517100310044
0.9470830535244517
0.6039071726778296
0.8108810356920855
0.8359676542774541
0.5123186452919307
0.7032101765042513
0.9668342102288284
0.0
0.21538297910509652
0.821560568517372
0.6410457917011178
0.6190031064379513
0.8065735936544597
0.698527672064789
0.6880238631359055
0.7767662405457222
0.9344387931322141
0.7348364465939049
0.8682643429557171
0.6400056914837033
0.9208365643824442
0.8716283020102398
0.7324238691473369
0.05109165719481766
0.9032359064884308
0.36792125468137465
0.8524479245844457
0.6550125996817923
0.3963257635192575
0.8003010314049297
0.6701618786367851
0.7114381602024262
0.852975103206635
0.7747172104210278
0.7887616892135958
0.5478744977544586
0.8604680270585434
0.8136897266954886
0.6011830543719872
0.8246227724819581
0.8259242240722745
0.7984201727248008
0.7433200520525186
0.740703391015632
0.8176278711007211
0.8784544726919814
0.7894179995082405
0.6943559495587053
0.8451420317073621
0.58242632624237
0.9554033911103325
0.3840107814585362
0.7850154443394914
0.4925592453117847
0.41475450049625295
0.7915619555790139
0.7010912027405287
0.7533883727395982
0.9152933604237891
0.6394726825848909
0.8843173079797135
0.8646217502944136
0.7882506320822396
0.6545192636513397
0.7609085117405884
0.5665511256105197
0.8755458366483487
0.8595592495186579
1.0
0.780318575933681
0.6958837219366353
0.0
0.34168733671703067
0.8649268739107835
0.8200302051989108
0.7722256108066902
0.7340976401321478
0.873825596997967
0.740454456929876
0.8980446990459106
0.1431917090175196
0.6773675991367418
0.5203978940499738
0.8377080113085331
0.7260592193523118
0.7771770181464936
0.9652843887230693
0.660839798122932
0.7765644191172254
0.9098052417731647
0.8108426748980074
0.526009436205925
0.8603818510788205
0.8456589317129855
0.5786688869488217
0.920509378515174
0.9237462006417033
0.42318083203999624
0.8419382899327779
0.47670991791365447
0.6061131841789289
0.9235615370182878
0.7176110681175533
0.7402849184067103
1.0
0.0
0.0
0.8241422693474322
0.6304680708959293
0.7461409448744267
0.7502528798050708
0.8797239719004825
0.8455639575484307
0.2159422919839499
0.6033510474183738
0.858263450400112
0.598285206976706
0.822909843624979
1.0
0.6604688000748495
0.7606027637907677
0.6936281346193973
0.6148823603755526
0.6032621818064825
0.9444298974966682
0.6922068754676248
1.0
0.8195483550595722
0.0
0.734700835278249
0.9093908811240524
0.5014276427799382
0.8054320013836799
0.930970001419104
0.3065735936544597
0.905211632258121
0.8396274730679713
0.9647562395091478
0.912428069995825
0.7451469774246745
0.790967154911555
1.0
0.7278896172109951
0.9092366076339582
0.8636883493824766
0.8901575591211902
1.0
0.9790580982446235
0.8396353173323158
0.9634117294473099
0.8380432822187092
0.8426674616796368
0.5115609632979381
0.8945815232972676
0.8072851074214069
0.5249114834890807
0.8720721089771833
0.8771938763709503
0.9526058161290605
0.8136071637103187
0.8024498473028685
0.7956983129885034
0.26774930864781804
1.0
1.0
0.8910969552935335
0.9072636056055815
0.9002004048257339
0.8892794638086209
0.9050353555001703
0.8674373001453443
1.0
1.0
0.900371995781994
0.7251107215702635
0.4492772742014176
0.8690222397347891
0.9668728871644777
1.0
1.0
0.7953727432240333
0.9507247041235256
0.9098146564427336
0.7510916732966976
0.958024144614792
0.9264290236549291
0.8586586223368518
0.9398033291069399
0.7065443135587053
0.5233033228208149
0.827297026259951
1.0
0.8664963232149039
0.9558295913571432
1.0
0.9009722068561825
0.7327798687834599
0.7469865337929508
0.24630239095333292
0.377350384876554
0.949396296022529
0.8965936121346418
0.9350964324133489
0.8978166856103647
0.9628734854508275
0.9930912996183023
0.944586928442894
0.9105580055886127
0.8717547474762876
0.8435325065102817
0.8643993275552267
0.9308755050603711
0.956707465793203
0.9337457743289556
0.9305687774461386
0.7396365699236713
0.6766106350756778
0.6172686228348367
0.8856644966005088
0.950219072593914
0.9576322325775525
0.9008636639078379
0.8194270358740882
0.7537805965860539
0.7219706580155496
1.0
0.44761043775054493
0.8487625987415179
0.8987583839868348
0.9601962311606285
0.2407276779192503
0.7627039256557463
0.6201883668390525
0.7883501355513433
0.6801564378638947
0.9393854282022575
1.0
0.8894462943246866
1.0
0.8589070454640803
0.8520652456164268
0.7225242052863422
0.9153945803246895
0.8575448685810331
0.9585881162847211
0.8689218854600668
0.9231536640901509
0.9487803583493855
0.856170070233973
0.1744142443698359
0.9190259135124703
0.7173691295859278
0.7183984810455972
0.5772366259816828
0.7539292087650921
0.667905167144254
0.9743493909110547
0.9228648476704254
0.8363721789005674
0.9953954262598289
0.8682464256914761
0.7500800469725389
0.8543352095480002
0.8539076869636024
1.0
0.8091482842997203
0.952513876493453
0.8918542274606964
0.9044555367808409
1.0
0.5652618529511179
0.9873648236116815
0.790904561008379
0.8935888516710592
0.8899541184044202
0.9734924419517131
0.9445698860711595
0.9512282638034728
0.8982848927390416
0.664457117891787
0.987573296053778
0.9660477723417825
0.8868861197867156
0.4319922949739443
0.9076664062019322
0.8329819782599528
0.9588925520587053
0.9288829759609455
0.650459277550835
0.5
0.7949347332027987
0.9260803765249122
0.8071762054799989
0.0
0.0
0.9486159457614861
0.8765170414369126
0.9220717743232143
0.9459544695204964
0.0
0.97065231960289
0.8553690048896997
0.8398650708603737
0.8840299276154509
0.4539870864323556
0.8802189363548526
0.6410457917011178
0.6771885904005369
0.8196104835463295
0.9969993296788147
0.9941124985612156
0.0
0.9447176332213253
0.9609247781184588
0.9236440629555291
1.0
0.849402134876074
0.4682246814005892
0.8808383045176869
0.712098733526597
0.8846495118286861
0.6897315728664296
0.957051558882579
0.6309297680854797
0.57065586710205
0.6410457917011178
0.8531818602276614
0.8987078714057563
0.9226669678470938
0.9196461677726556
0.5960617259393053
0.947181747662321
0.8292174683420411
0.9839831253846448
0.6034174911017051
0.8168383267197192
1.0
0.9612355289208114
0.8560086170365103
0.9109316773607232
0.5965929306436879
0.0
0.8655703099014271
0.930577197686367
0.8512954958617568
0.9697930295723333
0.9635929735096508
0.6876622276420976
0.8772480682705839
0.8496050349134252
0.8373573695413459
0.8929075966296723
0.6623524549435865
0.8396396999748125
0.7989508068110933
0.9683310320362459
0.8196104835463295
0.9608008655318232
0.9757880597253891
0.7991999150028702
0.0
0.884960434490893
0.8643566834077302
1.0
1.0
0.7217553851216095
0.3868528126910807
0.5825849962446208
0.89888989440825
0.9822803946883292
1.0
0.9397912014337004
0.2960819157603371
0.8276904516206404
0.9685734965986239
0.8971761880176925
0.7837183832587266
0.6687055084907154
0.8429095845918658
0.9368349282746646
0.8326526598395538
0.8903034554063992
0.7008696663519578
0.9363792130813923
0.8275788477624332
0.6218256507807692
0.6514566925780739
0.8809580211079528
0.0
0.936907311374904
1.0
0.5299554910296219
0.9699472074230117
0.7476617931057169
0.6953826261826201
0.9385494195829746
1.0
0.5
0.7285128001605625
0.6615818027997067
0.9348490839059174
0.41774585553469495
0.912059276541083
1.0
0.9701569877563031
0.7955211965544172
0.859185557998351
0.5460011379769978
0.9289425898167767
0.9262759874142246
0.8366455351219763
0.30084714327208545
0.723432824104655
0.9494586112248184
0.0
0.6979399168567005
0.9059927486181498
0.3889808542505765
0.7252257532395066
0.7713099152983909
0.7117760966633132
0.873239159457968
0.43810818104869287
0.8689107641144512
0.8826955832333077
0.8874102673770186
0.9856959912139821
0.8273608110848366
0.8096587707662675
0.8354296120148635
0.9356771701475943
0.7125019924780785
0.6058230523786813
0.4728384534664261
0.36389502570092835
0.8075044858922505
0.9654191537902042
0.8275960602262704
0.7559309970401085
0.7037409035286538
0.7163779813909253
0.9167445940466046
0.9747429474912293
0.7741090879562371
0.5819279747076798
0.9127917575291823
0.9469024268896686
0.5582604434423958
0.9266360767498649
0.8439511327306868
0.7192166705135925
1.0
0.9337457743289556
0.9534314033998902
0.9393854282022575
0.9478557360700419
0.9148568849663433
1.0
0.8611375548922774
0.7536411803306805
0.5915440467613872
0.8432666587422651
0.8045784816719815
0.8899541184044202
0.9228172238117565
1.0
0.7820018909795626
0.0
0.854841875966881
0.816755265901615
0.5951854224444821
0.9787950445010101
0.8364586160299896
0.9392148331907111
0.0
0.7885698323842245
0.8780977881772781
0.6289629381546953
0.8015005096045857
0.3151625523743469
0.8408299246053228
0.8268133633217674
0.5672720457981177
0.5379937547114516
0.5232512960823494
0.888419659022902
0.7168243626578852
0.9920083570152066
0.958284969924574
0.8578087711388952
0.6389554774236638
0.830348904154322
0.6366469177332311
0.9570134570810711
0.5963391601846723
1.0
0.24602282744615386
0.28906482458114624
0.8916034472720058
1.0
0.905211632258121
0.9235889873896763
0.8337189612104365
0.5963916913125819
0.8889065219572218
0.5
0.9692201657915868
0.7889821887955762
0.6961049873231648
0.8291981632916744
0.7721117426948761
0.7743621577088335
0.7981033731754742
0.9334235993274956
0.0
0.7452609263084063
0.9269271879770858
0.7882669292166454
0.8013900226218856
0.4689822624123771
0.5552448564773093
0.8819189032491472
0.6941125752185598
0.7157153948115978
0.7302075214537288
0.8049494700925903
0.7940012058251521
0.951246167629165
0.2200917631911596
0.0
0.8272636247591717
0.9321572758875472
0.38685280084609985
0.9344733623723088
0.8827144936701922
0.9071605299552629
0.7174012183020453
0.6901935046348122
0.9065818354778608
0.7351756076307425
0.8975828753312706
0.9334235993274956
0.0
0.8895501880198021
0.9168575879988984
0.7837183832587266
0.8417420508716741
0.8259451153137298
0.7416703490024162
0.5949691226219753
0.0
0.7332165987222748
0.46512232623656113
0.5838637350940444
0.28906482458114624
0.4233117952848928
0.6021313144533295
0.8093875351607808
0.7903625067145753
0.4409828473102221
0.8894886975969557
0.5252098606058624
0.7566081251081201
0.8711788640610822
0.5967865013550789
0.7908387800468241
1.0
0.4692787228264419
0.6488904816356208
0.20010929902443428
0.9305687774461386
0.6378891809538789
0.6392209670926589
0.83700665196762
0.0
0.5779050366184648
0.7048142194320322
0.6931915396447856
0.7946878936286702
0.0
0.8272219939221848
0.934774164621514
0.7428669955005611
0.22265892240570911
0.7635430565776591
0.3859909098284093
0.7978313843226438
0.7873747254799189
0.573297648420833
0.7702043903589452
0.8079119532506133
0.8196104835463295
0.8260928754543453
0.56672004459422
0.6188130064852609
0.9007668310425828
0.8570999303457846
0.7108243897783282
0.6838720527265572
0.39290170104405464
0.6473634167049894
