0.3311012650858285
0.42251752675949317
0.151380996840855
0.7072371782905889
0.9459578781157598
0.8290850670392444
0.5394104246269765
0.6255011838409665
0.7967476924333929
0.9699479783139324
0.6097547024680791
0.6454339051978885
0.8801054365940456
0.7619490177600651
0.7250643345705483
0.27865410215236025
0.0
0.6266959032224546
0.5537913334087294
0.880045678149643
0.916924854221685
0.8390030606636111
0.6137032280982279
0.37970745337214806
0.0
0.4597208418044906
0.28488215976503023
0.26302510467115015
0.3494671602236672
0.7771019314723078
0.8336003407742019
0.8177747028565892
0.6797991356338328
0.905211632258121
0.703787188067624
0.7389743056948477
0.6817812451720038
1.0
0.6969387945744062
0.37217917370270065
0.7804680534511815
0.8123439495351145
0.6615823176698273
0.5012709330557441
0.8433792058210248
0.6795011925941328
0.3734225443219983
0.4986898782679096
0.6834340233607847
0.173099098356867
0.9139181459539694
0.7583003522021108
0.6479396245294361
0.4309117121616786
0.7478663094795654
0.9284281908286034
0.6610922765705411
0.6360021603094294
0.22116405676798492
0.6290955692715379
0.8905202731361731
0.5673406617033842
0.8532721578725603
0.8551595239706158
0.7390965590080425
0.7796417547399189
0.8013151309455558
0.7747424919402995
0.718936378488408
0.39363636553202896
0.6690009307582804
0.5299657531575293
0.7375067705902238
0.8250509996081321
1.0
0.6438986527305733
0.4066972543970532
0.5615682579210844
0.5415725853360253
0.8925495504743984
0.7360576474326791
0.5657826265302828
0.8849853764214298
0.9088792632623622
0.7366012348797346
0.4810706727332855
0.21022462703355763
0.7023182190660363
0.5351972547777789
0.6536633802133779
0.9167913616810017
0.4244012058126854
0.0
0.1351486399867348
0.6802547546648113
0.6803689779263469
0.6119588258112723
1.0
0.0
0.61608735026185
0.7418468856421874
0.5570555646734896
0.5235272053236859
0.5803605816630488
0.5783190620359808
0.7350116638641688
0.9022178532532574
0.48638291560953373
1.0
0.1372692379408514
0.6186168576908536
0.5876482659726899
0.6544649258980636
1.0
0.8366539132546393
0.8094587164878944
0.3516417069915007
0.9524208907337293
0.3951567776503685
0.6621110855890061
0.0
0.6228487850822068
0.5406381898948659
0.650025752482907
0.5132653533725055
0.5079862564761234
0.5258340802310596
0.6786249166827384
0.6715705665097927
0.500650674847189
0.7567972178230066
0.5375576865160046
0.6662457320831688
0.6804621039071607
0.8243386932161691
0.8604134147425045
0.6217089228522265
0.3913045934792531
0.43725643587211926
0.8100194662253852
0.4708076775969899
0.3414042016427487
0.3484586931713107
0.6984004895051554
0.5658706128556003
0.6552473189094832
0.8114725710984789
0.5669317763632856
0.6260197252041191
0.6532441182254097
0.39889745847252184
0.24526142202166434
0.709192305090894
0.9035959525921309
0.6300674347615991
0.6946948678811045
0.7934623364232082
0.5823537750321455
0.7986713663840216
0.5967833619177069
0.593614226995309
0.3133996420376426
0.7834228179840803
0.28952298574502094
0.4111076774165218
1.0
0.7214765408937188
0.5434981049367967
0.8184672501181293
0.07839826893635371
0.16812277248162924
0.7536083464882257
0.5816519449239619
0.8152568080573175
0.7438743691057866
0.5426012805516294
0.687375799307205
0.7126732793376688
0.6000154973111301
0.39184813667080437
0.6428654534232213
0.4509113511421028
0.5409766626759577
0.6838003664754851
0.7240775861250002
0.9477344873757642
0.7191007769153437
0.4133064538068045
0.7320825026731933
0.6034446350363525
0.9266360767498649
0.6133810819776273
0.571271286043329
0.4098917159562498
0.7347862642517162
0.8238921595687831
0.579237110095616
0.9455636955289394
0.25329540602567074
0.8000870220179352
0.8314393150669492
0.6512310561742218
0.5530742683381326
0.6763574918607604
0.6167651765311601
0.7315631700841189
0.4964955228479371
0.3790541035335631
0.9522865242448448
0.5980337414537892
0.5153845203453823
0.8899541184044202
0.5168426773070307
0.7695261840332153
0.7692286876174113
0.6521869459267176
0.27668428993864297
0.6467171791693782
0.8650278688305286
0.24488678417365506
0.5105209256466259
0.4247895065843679
0.9322111861294002
0.8318608284623742
0.3542731409823173
0.7837249887895846
0.4608497876657386
0.7516061630366325
0.07368169894573945
0.5981950040612998
0.5768785518383691
0.7020186659264448
0.6671480155058066
0.43377334830459296
0.3681445401500338
0.49386172557165475
0.7364093537857593
0.48719177820724346
0.8585157544280948
0.7444907020670031
0.20904937147504088
0.71360299113847
0.7885556319917163
0.6878994281354449
0.6083214497611992
0.5587069736626386
0.7836966168123842
0.7117545662625555
0.3736598439337633
0.45912563766801096
0.7032006834121803
0.9121378012846838
0.6137151137209583
0.751129949202994
0.7409895787485138
0.810531643212191
0.34653931867927296
0.5563428754211871
0.8416043121889094
0.8383354505210084
0.5666445171872079
0.5150780619811428
1.0
0.39202344191942573
0.6467180321710219
0.8032285585008265
0.6038628077912636
0.6152583631597051
0.7617079997692421
0.5730361177591896
0.4973584524255161
0.7548665524771184
0.44477282829595055
0.6252407346436675
0.495078572821396
0.5149072599731773
0.6901935046348122
0.44562218243830426
0.5135682796103235
0.6030917510773044
0.5448777058941254
0.8164248912310352
0.5901499349005197
0.7676251827434558
0.6653874169581345
0.5597229261993057
0.32585529612857594
0.5978252121290116
0.630201479146914
0.3811155602960277
0.0
0.3406992922185344
0.37829504062102587
0.9363792130813923
0.8279651590977671
0.8590365995996905
0.37417848572957657
0.6967705149400322
0.856279637249126
0.8340611155311317
0.937937334541571
0.3720709374112076
0.7209038882003722
0.39609550457263437
0.8278407544241994
0.3068164413571241
0.7864725947050741
0.5614220322354404
0.8380437447488875
0.811651067678664
0.49441404435609837
0.6418064149488357
0.7792686882766847
0.6624955849207793
0.8011949029042599
0.5944689816715326
0.9563587155475204
0.9155659189397893
0.43508011370729677
0.6996229472280371
0.9232518845326619
0.6534984281248506
0.24130714773440712
0.4313892735595167
0.5420423018216567
0.6303975809596866
0.6784827335329919
0.7994542438323783
0.0725396240171647
0.5382916287013303
0.6943559495587053
0.48316776378389054
0.40877887980952493
0.8696086824371769
0.93804866679629
0.7586743707227913
0.8576156334109527
0.5416899043347417
0.6957366609171288
0.7891865055595372
0.7136540111377959
0.43772671239083427
0.6485395990649316
0.7078819033649454
0.8738938874470493
0.9562061380381943
0.7764525191881408
0.8574914448478589
0.6904783828674501
0.7463625538182614
0.4752955986754585
0.933341750774048
1.0
0.5529071700981073
0.8953304196306674
0.5395158355840518
0.7201424340406055
0.28388475676464153
0.629346510503473
0.6641319840453586
0.41829468632411754
0.8734719151630354
0.9222346288600507
0.8456623601510724
0.8101528489640133
0.957761841216021
0.6309297680854797
0.8130353704153073
0.860572131846911
0.6452161549020704
0.7345213476394887
0.5636440520874788
0.7279058593645609
0.9184378857376831
0.8393234290710296
0.618865643395917
0.5902905887963067
0.2520163771615044
0.4490476996707515
0.0
0.8485116185260154
0.5192899795835826
0.8082807844957332
0.6179449369483817
0.8065735936544597
0.7753017176870353
0.6468267122624144
0.94788674652217
0.8652203235827081
0.6959598495291757
0.8984717964521677
0.7119162053241799
1.0
0.471167387553909
0.6256501801416854
0.9131505871269466
0.3010300099849701
0.8475195065659993
0.6848843309598199
0.643121137034744
0.7573948300821887
0.6771077387871062
0.13743816478364115
0.5387134952534911
0.3757471912790718
0.8470222145346871
0.627280217633148
0.8609480663210615
0.5393978327348924
0.8521705085097849
0.6090232249348684
0.9803771514536379
0.1100458815955798
0.4901496123121283
0.41770514417846466
0.23719770674136365
0.5985365273405266
0.8259896837397696
0.40242939342440287
0.47177549020001774
0.7695261840332153
0.7653866659211941
0.09478836774187899
0.8571388270851095
0.6472269624089358
0.6947651217751838
0.5960376074284245
0.7900799127113076
0.5977244074075844
0.45852866703674844
0.0
0.4668864911291338
0.7139995931100829
0.7598463154230616
0.6410457917011178
0.6552531458858354
0.521653719643496
0.8644693589020956
0.7715446234533228
0.8300155348859375
0.0
0.7904664825878446
0.0
0.7814194575748982
0.707018370427111
0.746079861912805
0.5762183845228415
0.8289058244771143
0.7013052350312453
0.8699460120375055
0.6442482378784598
0.46783336358286615
0.6034341897069281
0.5861453753283961
0.9145023651009705
0.46460697331628487
0.5305455314794434
0.6730795950602912
0.8447813080680514
0.7666888161461255
0.9491079653313104
0.930501083179693
0.4288424397273501
0.47965506449107603
0.8733101340101513
0.4817747032861667
0.6492874020994316
0.0
0.8937435972922261
0.7586433292237555
0.4861788165615669
0.9053206294300257
0.8638074350035316
0.6880837456094367
0.8540218231564775
0.9386363959703957
0.7370031788181667
0.8526427373814881
0.5367505866398026
0.7655848007456575
0.6576140898256092
0.578146690343302
0.11355593295864136
0.8211030210418226
0.8496114142566784
0.8666880009410749
0.8014479037453847
0.48795714448228616
0.6397729524721255
0.3863474154981398
0.6402265391223804
0.6753597853386589
0.7968087654908139
0.6830688807147723
0.7965100811834558
0.0
0.5449305174597596
0.7642828703747875
0.6831789918958534
0.22543762233744163
0.5074746230589574
0.7284550124241406
0.7663491871503983
0.7170022853158641
0.8864335692604886
0.6913631550287742
0.3874353482451571
0.0
0.7025236275917189
0.904803236130669
0.2024832320263304
0.7596312742862853
0.4785317252051539
0.3357400636832029
0.723872722180276
0.6527317868792164
0.5821032077952398
0.8064570775299333
0.8395103459556621
0.8134704218722356
0.8062360784171583
0.9369746453064893
0.0
0.7079780946610641
0.7759944398586207
0.8645073761068085
0.7890242634867871
0.6444156129156489
0.651103658474446
0.5967710257642097
0.542487161686633
0.694106309997221
0.6605661101417337
0.9114050108374495
0.6862959199535019
0.723146160119736
0.5052865323551832
0.9076078156447006
0.7041759029339333
0.397192196819612
0.0
0.6748664642637916
0.5492560272171019
0.7459197706816262
0.9040702743856077
0.32391388712507774
0.9148568849663433
0.6813552424820304
0.5739189209719654
0.7970062468280271
0.5099690797464819
0.7199864707074018
0.1824992392320011
0.42208010430420384
0.9674679937542567
0.9616160952318942
0.9558245280874581
0.48223002179464475
0.5763228163975666
0.8191351471419193
0.7128657383868947
0.5386238556585118
0.7189711232368845
0.6483519337806105
0.7624592898931042
0.6950464376647366
0.9408408335298959
0.6876636500142957
0.5407143857208172
0.7171160381366107
0.7940586126634085
0.3626714504566372
0.8149681876785833
0.9692571104728183
0.6218028491839336
0.15642624560401258
0.26064801926125813
0.5475949516807452
0.8082077451173891
0.9363792130813923
0.6241948127393829
1.0
0.23267823849912564
0.6385504849037035
0.8638270266529269
0.4451010912584244
0.6324459603152737
0.5978642316410147
0.46423706890796507
0.6461459670932972
0.9278216742600855
0.8302825430393551
0.4884838695892039
0.8703187129056446
0.9791381582977197
0.7460668781079822
0.823508372584282
0.3646681500133947
0.31546488404273987
0.8780602404450805
0.6393938675403844
0.33615038460284286
0.7532960323028175
0.7239285469446252
0.7420724951091429
0.6897170487273806
0.8624263617296355
0.7227265703297249
1.0
0.810446881049229
0.5830980015533641
0.7077091092982533
0.7704986487391786
0.9514299752019152
0.8351142050336127
0.6059681124608471
0.42865102543172434
0.9512312021912981
0.7666093948974725
0.7446040742557773
0.5075394036025542
0.1369076515003362
0.9842543731287346
0.7653976085880593
0.42177341065922397
0.6159951135825437
1.0
0.9558245280874581
0.7695885042711466
0.9050779681169169
0.3333333432674408
0.8994591760632955
0.5788007798923614
0.9018504232173479
0.47039020815591187
0.8630152898312572
0.40313328036672846
0.8687999541783534
0.6049306945199316
0.8101238655606947
0.535606486719895
1.0
0.31328481743536707
0.9131690953413957
0.20909053271461972
0.514246926546303
0.9215442224882949
0.8514537639879785
0.8443407154845562
0.7468716164532704
0.6752575672982551
0.0
0.6127812989979792
0.972204622205334
0.5878590600396192
0.9148568849663433
0.6817083468201521
0.9369746453064893
0.5500558977052648
0.7839200700148978
0.5527460659202224
0.4700600842598074
0.5497260021624808
0.9431524160418002
0.8402561567321004
0.8666252403590994
0.6039071726778296
0.6568731705369172
0.7549872824120125
0.45677769842622307
0.5957441731751028
0.9668342102288284
0.0
0.21538297910509652
0.7620807580231628
0.6410457917011178
0.6398462224932062
0.8065735936544597
0.6232105369338015
0.5609283887621321
0.8066363624815444
0.8473834519925488
0.6413454304491103
0.7915805944092263
0.45272959600192575
0.9068926419462062
0.8003437516358786
0.7075011977847857
0.04041613736974788
0.8786591789392841
0.36792125468137465
0.8165400589194609
0.5646986745018132
0.35719731662164045
0.7789956598341795
0.7424693283007794
0.6752280411950802
0.8764821819910401
0.6996229472280371
0.7887616892135958
0.5250437127263349
0.8344993594639898
0.8867739429565218
0.5913442791582573
0.8246227724819581
0.7589436730948051
0.6539899263056881
0.6749873352879203
0.7228954358265514
0.7568371614676281
0.8948455682251298
0.6895853114291214
0.5506128165002727
0.7006711570331297
0.58242632624237
0.9814061518303712
0.32261320940994864
0.7762649243520346
0.4418101812998981
0.41718774485156973
0.7898481406491408
0.7326740293729375
0.5453979847568965
0.8875406942858518
0.47001826012566716
0.8440484531512876
0.8977273026670639
0.7068520071179982
0.47899087536940865
0.6234787187997689
0.5363000542800789
0.8340611155311317
0.8127456660248773
1.0
0.6847160921600817
0.5954633138365318
0.0
0.3902712206187825
0.846685338380796
0.6983136052360724
0.7121192043483521
0.657525054592715
0.8253228646826651
0.6253573679518895
0.8956156134058592
0.14639449450407863
0.6773675991367418
0.5203978940499738
0.7836106817447108
0.6299359926779822
0.7808844642039273
0.9537125182974258
0.660839798122932
0.8227188754161722
0.8471779747793526
0.7393003864712752
0.5753535294414391
0.8603818510788205
0.7488659339590864
0.5509268132751531
0.9668576471709998
0.8753882789341642
0.370143637070695
0.760379107577884
0.47670991791365447
0.4748175789052385
0.9045116356967452
0.5583560713083457
0.7402849184067103
1.0
0.0
0.0
0.7476112840234357
0.5990613868650672
0.684665000683856
0.5740190572382624
0.7880690453529836
0.7940852767312411
0.17082149642323172
0.4915257379750617
0.8793571579619752
0.4584492954831403
0.7790860558625661
1.0
0.47107209780076004
0.8267644359293543
0.5813116680629057
0.5091419603440286
0.6032621818064825
0.9217912796534808
0.6375653066442675
1.0
0.7520928034019031
0.0
0.5945369257428457
0.8668029407184599
0.5014276427799382
0.7159239034091633
0.8905065728651346
0.3065735936544597
0.905211632258121
0.8418668609925792
0.9588606715693235
0.8498510381212177
0.6175783334887716
0.692717900753966
1.0
0.6815063444416014
0.9013925080955069
0.8507056933688665
0.7925337861488367
1.0
0.9768596382946035
0.7853161588686767
0.9162663562710506
0.7437677572742314
0.7648216424147246
0.39477973807349287
0.857626074353101
0.6818210437666014
0.3113020797699162
0.8720721089771833
0.8527347825320999
0.9368077548387473
0.717429238530775
0.749425195382328
0.7970470545633962
0.17830172654971785
1.0
1.0
0.9149707919223118
0.779862500399381
0.9327980370130904
0.8683794859036454
0.9229839279684453
0.7990355005804475
1.0
1.0
0.7522550499583545
0.6727529121288084
0.4492772742014176
0.8628729033132306
0.9558305162193037
1.0
1.0
0.7502332824095583
0.9416441226139667
0.862770147132627
0.7510916732966976
0.8830109899097993
0.8939700419577232
0.7614129183918309
0.9490752447905537
0.7065443135587053
0.4933905001048267
0.7317479169672872
1.0
0.7475663799169665
0.9558295913571432
1.0
0.7965128086533277
0.6165667091691547
0.710484547124215
0.24630239095333292
0.35971250280549033
0.8820219385322396
0.8515925040072656
0.87264853534887
0.8383354505210084
0.9493248986830813
0.9905701061340656
0.966855786157882
0.8280997242278961
0.7827068933837892
0.7754398989035014
0.7928793734715529
0.8963431470850203
0.9123139762380205
0.9337457743289556
0.9305687774461386
0.6802886591556704
0.6466977843841043
0.5901304765503756
0.8439400172828975
0.9306664660440352
0.9688593041241224
0.7731227379282574
0.8194270358740882
0.6856560094416887
0.6488664521669392
1.0
0.3124207621432727
0.7693393243630814
0.865011178649113
0.9442209343695409
0.19803032222079306
0.6461459670932972
0.6201883668390525
0.6573906681715529
0.5298241232762868
0.9108954726276203
1.0
0.8431128285154427
1.0
0.7829455803532706
0.828279447231528
0.592105515028042
0.8590963078448548
0.8301028310667057
0.956124064674696
0.8502238821770507
0.895110114554172
0.9223512371424962
0.7445886981861164
0.1744142443698359
0.9181292778859875
0.6543081867532596
0.7183984810455972
0.5889674877842406
0.7332690638559017
0.6229724432105548
0.9584272390041125
0.928735237861729
0.6798085494589402
0.9946225040502624
0.9046037043103912
0.7127222426507943
0.8038346841514907
0.7593963843340433
1.0
0.7639754510131482
0.9342597244441477
0.7514136318775195
0.9193155060860981
1.0
0.5652618529511179
0.9878300693110376
0.6926258865733247
0.8419695919370322
0.8899541184044202
0.9633422234046289
0.9714463330121876
0.929520042962547
0.8149376525125485
0.5420073833086605
0.9895556939773467
0.9519494731408106
0.875314249361072
0.4319922949739443
0.9335771214204315
0.7720320564372273
0.9271582854593938
0.8542354846900531
0.5848323733006349
0.5
0.6505765936828731
0.937362281261485
0.7405079930882615
0.0
0.0
0.9295186913737309
0.8389858969549299
0.9456578838797248
0.9239369447087605
0.0
0.9591591741260002
0.7964480081831401
0.6739598073122756
0.7813918993418689
0.24729745777948106
0.8365072075907697
0.6410457917011178
0.6420914324829795
0.6943559495587053
0.9959548038691058
0.9906554386530322
0.0
0.9081523562006883
0.9609247781184588
0.8957794747806976
1.0
0.7535334439667009
0.352884542033435
0.8482263327388556
0.6510706275957217
0.8265982861469703
0.5951753473575878
0.9657164732924489
0.6309297680854797
0.5423684177307221
0.6410457917011178
0.7883659692959689
0.8422161895914522
0.9121300491134033
0.9196461677726556
0.5253892448999963
0.8648375523739921
0.7600688180248107
0.9867783894405147
0.5685094709593318
0.7742773898395663
1.0
0.9719648555910871
0.7697645741732252
0.876692902237086
0.508999411160527
0.0
0.8945475673260218
0.901941604028299
0.7731227379282574
0.902085197459078
0.9609598811974149
0.5866816831764389
0.7980406340997885
0.7620596433002769
0.9370077143704859
0.8867881902309356
0.5525291897516091
0.7557847556954388
0.672198648881322
0.9683310320362459
0.6943559495587053
0.9477344873757642
0.9757880597253891
0.7361841939235432
0.0
0.7472932080317848
0.7276820119645832
1.0
1.0
0.7217553851216095
0.3868528126910807
0.4608547956859962
0.7977402568634671
0.9734282540059422
1.0
0.9397912014337004
0.2960819157603371
0.8276904516206404
0.9838464495441699
0.8524286092983804
0.7099529685045713
0.47671936305367973
0.7409947403096079
0.9236060450596798
0.7512390419527255
0.8685142676621199
0.600565922117608
0.9363792130813923
0.7675594772969973
0.450114717436954
0.5385116885241159
0.8560885932782417
0.0
0.9469723145699618
1.0
0.5508593624069523
0.9741956171093872
0.7476617931057169
0.6886499415966004
0.949063615546847
1.0
0.5
0.6935910112511843
0.6285875929597633
0.9219080605788385
0.41774585553469495
0.8931118376437596
1.0
0.9658515677665903
0.8403472485777179
0.8323146403534758
0.4189041687711827
0.9571039696076301
0.9722542249122511
0.7541457730445436
0.29969394826483786
0.635799833684066
0.9273847520977135
0.0
0.5877090671463326
0.9367729682378602
0.3889808542505765
0.6174859895073663
0.6525969423902017
0.7720000189838814
0.832605827041761
0.43810818104869287
0.8191867404441856
0.8798869602155809
0.8482180639541326
0.9832949250783495
0.7698144147797821
0.6687598107757513
0.7553259585468322
0.9576723512942734
0.5464723785903438
0.4592126087941586
0.4728384534664261
0.3455540454349984
0.834062634590117
0.9707455395449056
0.7520618308295625
0.7014539834137219
0.649429244509557
0.6073507736529193
0.906908021157701
0.9747429474912293
0.7035363116904364
0.4342082551583466
0.8897143644501956
0.9469024268896686
0.5582604434423958
0.9266360767498649
0.8227622010009127
0.9057092461450234
1.0
0.9337457743289556
0.9764776498635351
0.9108954726276203
0.9558245280874581
0.9148568849663433
1.0
0.8611375548922774
0.5655284124365435
0.5016795440510905
0.7830167576923327
0.7190747824151018
0.8899541184044202
0.9362871575655242
1.0
0.5800006154245861
0.0
0.9020330274767303
0.797418736799379
0.45579544018657014
0.9664515718838927
0.8364586160299896
0.8608908422090056
0.0
0.6794727487922079
0.7909565053898977
0.6289629381546953
0.7695846229170777
0.3151625523743469
0.7660170827042453
0.8268133633217674
0.4171403653441357
0.44715389543125117
0.5232512960823494
0.7954672922530048
0.6170770412077475
0.9933360226266192
0.9210109612360998
0.7117483264541241
0.45947843472066385
0.7506097912565237
0.5926531819840273
0.9484749761507183
0.5669330133472608
1.0
0.2805914243138237
0.28906482458114624
0.84993470261559
1.0
0.905211632258121
0.9525776845441425
0.7298575503477063
0.45136048891342306
0.9038881000706994
0.5
0.9345255025921602
0.7050465642122817
0.5638538507430225
0.7009906464786003
0.7042221970461969
0.655224854823641
0.8141857487648536
0.8871958794203381
0.0
0.6138166280321604
0.9748127548420643
0.6721210150053712
0.6715988518370565
0.4689822624123771
0.5552448564773093
0.7925962081951122
0.5921501002914131
0.7591603439155417
0.6264965305057407
0.7200660294477603
0.8574831294652966
0.9614332027068953
0.2200917631911596
0.0
0.7608619936035526
0.9095430345167295
0.38685280084609985
0.9303062577197698
0.8745194034006292
0.8963300084962158
0.8278174618797762
0.6901935046348122
0.8526336116945216
0.5308515628601598
0.8634438337750274
0.8871958794203381
0.0
0.9051639134289452
0.8829863297671734
0.7099529685045713
0.8138663460042859
0.7244761443430483
0.6589522621981275
0.6294638053404163
0.0
0.686534377266047
0.3826245695254364
0.56860693819844
0.28906482458114624
0.4233117952848928
0.6021313144533295
0.735465272079893
0.6821904355911055
0.34017293762613104
0.9377182891861342
0.5252098606058624
0.7012382985477967
0.8626612259719968
0.7982292820750777
0.7908387800468241
1.0
0.4692787228264419
0.522120432241163
0.12161211780972887
0.9305687774461386
0.6378891809538789
0.541533924338058
0.780269076490348
0.0
0.5779050366184648
0.4623275584061019
0.6094552141349918
0.7229346078702391
0.0
0.8014504137753843
0.9339447983851805
0.7057706873750097
0.23607843344619422
0.7310115571394531
0.28370684284514075
0.7390774809408165
0.7007536447760581
0.37140321679397553
0.7702043903589452
0.778670691177716
0.6943559495587053
0.6962725380455953
0.47394333043395315
0.6213883411201592
0.9032913508647419
0.8426836842612683
0.6101630854416698
0.5352861449719949
0.30345394970240686
0.6017805927464386
