0.3843987013374403
0.6635903092098269
0.0
0.8669426908547017
0.9544668332886849
0.8661778700052738
0.6848645003268858
0.8591366548857613
0.8428147212092553
0.9801000108448856
0.8274043292271023
0.7648173620456298
0.9201043059619813
0.8304198990614661
0.797508934060255
0.24261427875783534
0.0
0.7169271019135607
0.5743428398314381
0.8613632851648625
0.8757994940137488
0.8671599119192163
0.699534379988689
0.24261427875783534
0.0
0.5
0.46348291109034934
0.0
0.20423925185097375
0.8360408157268425
0.9510121814224447
0.7301581740713973
0.6994444442200264
0.8539316443613972
0.7401413784515818
0.8550077067808748
0.7940954131220999
1.0
0.660839798122932
0.3592503671504065
0.943175777906752
0.9184825252551719
0.7521263361315391
0.5060783048967572
0.8621383004683106
0.8363944637285025
0.3842665634273366
0.7301181369930598
0.8449563450652197
0.36217428616202946
0.7208553896199018
0.7895840455721155
0.8687949259683276
0.664952027035865
0.8986659778158769
0.9085200460650754
0.7769323415584843
0.7573857212421646
0.2371116291680379
0.7351826379543702
0.9269658221806987
0.7635277528459502
0.8304198990614661
0.8930068662429386
0.8281383514167172
0.9113582902734872
0.9269658221806987
0.9269658221806987
0.7244480520913108
0.30078517497020635
0.7729032110798986
0.6165102196593467
0.8083514003049219
0.9169631245861132
1.0
0.7808501736223465
0.584790050469267
0.7227265703297249
0.712828580084281
0.8525470358909519
0.7833471459539526
0.4699094399123753
0.8387627541132708
1.0
0.7639603864878275
0.7347678430762907
0.2988120409530826
0.5195538834365533
0.5454931000786495
0.7925629218869673
0.9161872340347363
0.5656025370158362
0.0
0.0
0.6164336315473431
0.6573072413935515
0.5266330075445754
1.0
0.0
0.576049747653665
0.807631589247017
0.6979334914431474
0.65837434613698
0.8072123872802633
0.6179772147871324
0.704688885875702
0.8035295245399152
0.604981992416106
1.0
0.13315463101312464
0.7156909465749001
0.5804751707106967
0.7047575719254717
1.0
0.8540594202682589
0.9343974629841638
0.5704760448474108
0.8747274925410514
0.5707087530086032
0.8550077067808748
0.0
0.7989170320479573
0.5656025370158362
0.5804751707106967
0.6727230857296126
0.5932959431213256
0.734557785491401
0.8613632851648625
0.7765732346955955
0.529943642535682
0.8304198990614661
0.5656025370158362
0.7554560544794117
0.7765732346955955
0.8947838478076211
0.8050235634354342
0.7573857212421646
0.2952424280745283
0.47036527590874033
0.8821903958209143
0.5396864163949143
0.3949699899067551
0.5
0.5668271863440126
0.5730341778193013
0.6666666666666666
0.915209949530733
0.7411680811766423
0.754370151407801
0.7034320805725833
0.6002617435209652
0.2532633522125847
0.9343974629841638
0.8718322844205958
0.8161692698902004
0.8082168157736715
0.8613632851648625
0.5730341778193013
0.8101997459736857
0.7853543765043016
0.6999640518460944
0.40437624148122586
0.8073137984531729
0.33916020187706797
0.4542239823923331
1.0
0.7929497686074991
0.5750744820582795
0.9269658221806987
0.0
0.10699313375706149
0.8274043292271023
0.5804751707106967
0.7773029903784295
0.7957607481490262
0.6539247388288321
0.7401598965481235
0.6356211450007738
0.8082168157736715
0.41520994953073304
0.7234267653044045
0.4586094032587747
0.7107048216254934
0.739389281955503
0.8421757717114317
1.0
0.6589924166657197
0.35614572114889825
0.7573857212421646
0.6763124839578788
1.0
0.5750744820582795
0.7319575858152588
0.6977488292098599
0.8539316443613972
0.8082102225317804
0.7351826379543702
1.0
0.27727342967027513
0.699534379988689
0.915209949530733
0.8421757717114317
0.525099617793434
0.7717478330267258
0.695604141646482
0.7486521228828396
0.6986655490447194
0.24706660201172048
1.0
0.7982729615596164
0.7251632142559171
0.8304198990614661
0.5266330075445754
0.8539316443613972
0.8421757717114317
0.8551223691680427
0.5519887819613489
0.7689960108201055
0.9054707059578337
0.16958010093853398
0.38673401788868816
0.3798950283188771
0.9482336162353284
0.7529333979882795
0.5
0.7467366477874152
0.5730341778193013
0.9343974629841638
0.0
0.6531355316285566
0.8082168157736715
0.8075865591441994
0.7467366477874152
0.5104472106378288
0.5074316408034651
0.4621809798320363
0.735976764291975
0.7037660621539015
0.8930068662429386
0.7648173620456298
0.0
0.7765732346955955
0.7234267653044045
0.6503925874851032
0.6226199274738006
0.8550077067808748
0.8740066031845912
0.7648173620456298
0.4562614555456913
0.5435563711359835
0.8274043292271023
0.9017647622699576
0.6069931337570614
0.8661778700052738
0.7503754443923562
0.7389353327369939
0.22342676530440453
0.7310570105520738
0.9260153601138391
0.8622240260456554
0.6695801009385339
0.6941305637641503
1.0
0.4810161926746381
0.7650039429139243
0.7467366477874152
0.532422743292336
0.734557785491401
0.8483503242331351
0.7364722471540498
0.4934732955748305
0.7979251387158003
0.6069931337570614
0.6910316062363876
0.5730341778193013
0.7035390568762941
0.7227265703297249
0.599117497734475
0.6992148250297936
0.5794007563036382
0.5730341778193013
0.8613632851648625
0.5908894212222807
0.892172102748971
0.716590238590879
0.6695801009385339
0.34217577171143165
0.6917831842263285
0.6496091415087124
0.2877085577022035
0.0
0.3937481521657307
0.44615333563412946
1.0
0.8387085247917431
0.9153468123080938
0.6201049716811229
0.7129795546665757
0.8331590462506033
0.8082168157736715
0.862564512939382
0.5730341778193013
0.8006449822314362
0.5388970983392658
0.8382571474947764
0.26481736204562983
0.7717759786422302
0.6813304176917288
0.935916142210298
0.8157703517805224
0.5878056203036307
0.7426142787578354
0.7816302528054463
0.7816302528054463
0.9065280358634525
0.6917831842263285
0.9092569770058291
0.943175777906752
0.47312410091906626
0.7573857212421646
0.8947838478076211
0.8082168157736715
0.09797563715511069
0.41020414794401666
0.6164336315473431
0.4603135836050856
0.7561648729353879
0.9275038533904374
0.05942379551875548
0.6487610106323046
0.7467366477874152
0.482038132669264
0.5765098338037853
0.9213326607250639
0.915944619013833
0.8827371228486126
0.8744927286738025
0.5339589559377601
0.6359425495626663
0.8527268516977936
0.660839798122932
0.4777969167122055
0.7131930893587516
0.7450513695453821
0.9113582902734872
1.0
0.7400124289541069
0.8168815467071415
0.7440549268157968
0.7770863433360471
0.5735409831732803
0.8747274925410514
1.0
0.47399866355842935
0.8948953114433443
0.637257189743078
0.6789122087521293
0.3496074125148968
0.7368530782723507
0.7396870821140559
0.44436116960836614
0.9201043059619813
0.9554108618168404
0.9464876607157994
0.8323744680694728
0.9750551845287588
0.6309297680854797
1.0
0.8419375871850545
0.772460198455657
0.8647976738960426
0.5498075430684429
0.6695801009385339
0.8665902364676493
0.9431419542598174
0.5147714424843294
0.46953320499368306
0.1312050740316724
0.43673949438910736
0.0
0.8310951874970542
0.6386367148351375
0.8947838478076211
0.6201049716811229
0.6131471873089194
0.8497671899943445
0.6620228798046892
0.9412023204956951
0.8274043292271023
0.8622240260456554
0.9464876607157994
0.8228611756153862
1.0
0.50457225265711
0.6803815724211322
0.9846467986895328
0.0
0.798538184021702
0.8075865591441994
0.786013732485877
0.772460198455657
0.7426142787578354
0.16958010093853398
0.532775061430031
0.5
0.8987945121098646
0.7351826379543702
0.8714131786575199
0.6438542788511018
1.0
0.6977488292098599
0.8687949259683276
0.16958010093853398
0.637662053550025
0.5221293345260122
0.23719770674136365
0.5995614929535963
0.8558112420248054
0.38360109462783126
0.4275038533904374
0.8539316443613972
0.7642937296563175
0.1460683556386027
0.9236224709041525
0.5839625339549337
0.5296347240912597
0.5878056203036307
0.7573857212421646
0.642697033353541
0.532422743292336
0.0
0.49392169510324285
0.7915309385902756
0.7989170320479573
0.44685353060880906
0.584790050469267
0.6045324324714223
0.775392686738597
0.715356118546201
0.8747287548532667
0.0
0.881464540373175
0.0
0.8662970416670028
0.5965459231192326
0.9155230516777322
0.7215664723068632
0.872435258094624
0.7573857212421646
0.8242400151245302
0.6227547059540507
0.6402743589738159
0.5242347993123425
0.7546956309329391
0.9446158158172804
0.4246122363304198
0.38356636845265696
0.7601153868556214
0.8301269646959059
0.8304198990614661
0.896467232470657
0.986352015633316
0.5221293345260122
0.5065267044251694
0.871116487384426
0.5397791615059901
0.7912000402658373
0.0
0.8991432843701569
0.7593723303046657
0.5117558726499656
1.0
0.9375552151060925
0.7648173620456298
0.935916142210298
1.0
0.8496074125148968
0.8877619515225095
0.6503925874851032
0.8075865591441994
0.689314018030839
0.5952372611070958
0.09797563715511069
0.7765732346955955
0.9275038533904374
0.8082168157736715
0.7716485759631075
0.5914799539349246
0.6917831842263285
0.27727342967027513
0.7403521645028833
0.8468379398558281
0.8535105345402066
0.6487610106323046
0.7648173620456298
0.0
0.7194512820523681
0.7011879590469173
0.7735969383540807
0.3916735729769763
0.5477279375957812
0.7351826379543702
0.6399453768472743
0.8733683238937077
0.9015629619585673
0.7351826379543702
0.5687076928093064
0.0
0.7635540528314161
1.0
0.21398626751412297
0.7765732346955955
0.30078517497020635
0.48359452812335496
0.7469880697169569
0.7714160222092591
0.6438542788511018
0.8560032503327071
0.8487420995063695
0.8199726884236371
0.6069931337570614
0.9338445089773443
0.0
0.8575402172858971
0.6548086584542047
1.0
0.7469385106043358
0.745629848592199
0.763701262426878
0.584790050469267
0.6885840414779556
0.7751633533176295
0.786684874384242
0.8987945121098646
0.754370151407801
0.6800273115763629
0.5538466643658706
0.9201043059619813
0.7681772902629966
0.4912596971843981
0.0
0.7465042481828866
0.5117558726499656
0.7967683906200643
0.872522823907863
0.4226415903341982
0.8687949259683276
0.745629848592199
0.49252697373306176
0.7894779395504506
0.5419154696974239
0.6578242282885683
0.0
0.5558347679838843
0.9674679937542567
0.9454627028813049
1.0
0.5210220314497588
0.7080637304609173
0.8364814944703649
0.8028078290326431
0.518983807325362
0.745629848592199
0.7467366477874152
0.7967683906200643
0.8617219307517566
0.9240051004210046
0.8171988000050177
0.4950111163620459
0.7484744665280435
0.9020243628448893
0.3824646436884276
0.8661778700052738
0.9107381579475367
0.6593940994641854
0.0
0.0
0.535389279202007
0.8919478208444896
1.0
0.7648173620456298
1.0
0.16957810734949733
0.6800273115763629
0.9269658221806987
0.3600546231527257
0.745629848592199
0.6589924166657197
0.5060783048967572
0.7467366477874152
0.9544668332886849
0.9155230516777322
0.43455361929993197
0.9522168456379709
0.9349658808786305
0.8304198990614661
0.7765732346955955
0.32586944551966224
0.0
0.8747287548532667
0.8274043292271023
0.535104192602537
0.7973022162440596
0.8687949259683276
0.7809849079307789
0.6023173221718975
0.6942203250338514
0.7227265703297249
1.0
0.9269658221806987
0.5656025370158362
0.6802562263690637
0.7648173620456298
0.9260153601138391
1.0
0.7096129700201599
0.2890293023202407
0.8304198990614661
0.7798963597571601
0.8304198990614661
0.33916020187706797
0.0
0.986352015633316
0.889289986889145
0.23719770674136365
0.615263178494034
1.0
1.0
0.6789122087521293
0.9494976251689962
0.0
0.8775416467901241
0.7681772902629966
0.8755129852828352
0.3500912558484123
1.0
0.48359452812335496
0.9343974629841638
0.4692787228264419
1.0
0.4808124865465692
1.0
0.16958010093853398
0.9208764577441215
0.0
0.380093764619075
0.8754336165911822
0.8421757717114317
0.8522726053886239
0.7735791145616053
0.6800273115763629
0.0
0.7140807323515146
1.0
0.3600546231527257
0.8687949259683276
0.7644913964377463
0.9338445089773443
0.6053125778076113
0.6917831842263285
0.5296347240912597
0.4777969167122055
0.586945259711378
0.8496074125148968
0.8613632851648625
0.9413472631903005
0.43674671658069864
0.8452239057017472
0.809948797167373
0.5508310945315069
0.7467366477874152
0.8687949259683276
0.0
0.0
0.8930068662429386
0.44685353060880906
0.539496732712641
0.6131471873089194
0.7979168929136412
0.584790050469267
0.8336329256885877
0.9446158158172804
0.535104192602537
0.8223779629560284
0.6065160405609648
0.8089683937636124
0.8699138145612296
0.7777470777233876
0.0
0.8617266664965069
0.33916020187706797
0.9338511372054451
0.584790050469267
0.3937481521657307
0.7944981579890306
0.6701618786367851
0.6157334365726634
0.7311340176865725
0.7573857212421646
0.786013732485877
0.5296347240912597
0.8262798171867943
0.9306639478559063
0.4226415903341982
0.8539316443613972
0.7454046927637565
0.7929344649413139
0.7426142787578354
0.802798921117948
0.8304198990614661
0.9510121814224447
0.7364722471540498
0.46833353793929294
0.7689485613992586
0.5531464693911909
0.945355057419593
0.5110303774437327
0.7923085632538562
0.44615333563412946
0.34478086458107277
0.6531355316285566
0.646367983522115
0.6522027576183761
0.889585582821316
0.535104192602537
0.8274043292271023
0.9343974629841638
0.6695801009385339
0.5804204148498955
0.7376954132267682
0.4965085174363662
0.8082168157736715
0.8930068662429386
1.0
0.6069931337570614
0.5656025370158362
0.0
0.4286573703894647
0.807631589247017
0.7664135454241782
0.7304903506317921
0.5898625824436984
0.8304198990614661
0.6720477989110257
0.8520307202276781
0.0
0.7227265703297249
0.4852285575156707
0.8613632851648625
0.7040090051054828
0.7094310098858555
1.0
0.660839798122932
0.8331590462506033
0.8733683238937077
0.7379010146337606
0.5537981307781776
1.0
0.7534763911302952
0.4269760583551985
1.0
0.7968124342307055
0.40582116005688207
0.6652642243854453
0.16958010093853398
0.6069931337570614
0.9750551845287588
0.5932959431213256
0.7227265703297249
1.0
0.0
0.0
0.7765732346955955
0.496275496753568
0.7648173620456298
0.6613282220719991
0.7718961617245688
0.9269658221806987
0.21836974719455368
0.41952482928930335
0.923195857198413
0.5656025370158362
0.7659544240290809
1.0
0.5981104220359033
0.7532633522125848
0.726823574512718
0.5222030832877945
0.6164336315473431
0.8274043292271023
0.5952372611070958
1.0
0.8270318175005474
0.0
0.6327792703123287
0.818513954011658
0.44685353060880906
0.7411680811766423
0.8611160224619046
0.3065735936544597
0.8539316443613972
0.8526542385852645
0.8390485918007549
0.9310999934580401
0.6668409537493967
0.6053125778076113
1.0
0.7129795546665757
0.9077574919882654
0.8667937498133673
0.8216500035137846
1.0
0.923195857198413
0.8142637990645287
0.9464876607157994
0.7816302528054463
0.794918313265675
0.330419899061466
0.8878656836998179
0.7303250721766886
0.4529077549577908
0.8304198990614661
0.935916142210298
0.9269658221806987
0.755073496498774
0.6702844428240253
0.7211093329405047
0.1449922932191252
1.0
1.0
0.7910838833300736
0.8943376056594432
0.9542647427168794
0.7947520280996537
0.8455027141320162
0.763701262426878
1.0
1.0
0.866478995359233
0.6589924166657197
0.38356636845265696
0.7779387147755394
1.0
1.0
1.0
0.8733683238937077
0.9713788325751254
0.939775556859949
0.6164336315473431
0.9037345084158547
0.8493071463399203
0.7454755288085073
0.8876963433692985
0.660839798122932
0.35762110615185744
0.8095546112114769
1.0
0.7271207094716183
0.9558295913571432
1.0
0.8023930473103869
0.5773725067006563
0.7735791145616053
0.24630239095333292
0.12421371516500533
0.9117280940471839
0.8082168157736715
0.8739915141062368
0.8622240260456554
1.0
1.0
0.8724997521120105
0.9110983815137923
0.7467366477874152
0.6917831842263285
0.8521294280175181
0.777349246793562
0.8591241689002188
1.0
1.0
0.6342844913907107
0.5551553263780074
0.36132534433304325
0.7351826379543702
0.9111636800519454
1.0
0.8550077067808748
0.6713860779939196
0.7184159799420953
0.4808124865465692
1.0
0.15308719219305383
0.7100154135617496
0.8930068662429386
0.8930068662429386
0.12663167610629236
0.7467366477874152
0.6164336315473431
0.6266768518497549
0.535104192602537
0.9218382104912253
1.0
0.7573857212421646
1.0
0.8847527898040599
0.8089683937636124
0.535104192602537
0.9275038533904374
0.8930068662429386
0.9106621588033719
0.6685622041261108
0.8496074125148968
0.8757862848349947
0.8007398678788243
0.0
1.0
0.577718747310268
0.6164336315473431
0.49918704386473256
0.6994778044709516
0.5814285922192695
0.9652851504022882
0.9439093252670825
0.7154002369053809
1.0
0.8402503688629375
0.8015532843502599
0.6929649111121461
0.7848681607518994
1.0
0.6323625960547532
1.0
0.824817184488848
0.948448702317141
1.0
0.27727342967027513
1.0
0.6132659821113118
0.9278885331303904
0.8304198990614661
0.9311542624835566
0.8909254057626098
0.827244762278212
0.8497671899943445
0.5730341778193013
0.9849339264464939
0.9013035727021285
1.0
0.31914715588518905
0.845332448056699
0.7648173620456298
0.8589761192828932
0.8714131786575199
0.40204514355620463
0.5
0.6503674643957434
0.8170400921301509
0.74142551213209
0.0
0.0
0.8795830433076428
0.9065280358634525
0.8671599119192163
0.8274043292271023
0.0
0.915209949530733
0.6578242282885683
0.8242677465648027
0.8020088591114839
0.31374543680754785
0.8274043292271023
0.44685353060880906
0.44436116960836614
0.7467366477874152
1.0
0.9544668332886849
0.0
0.7983776298556506
0.8539316443613972
1.0
1.0
0.7145648638903871
0.3403834465079468
0.8555887446074939
0.6985174125788963
0.8756769885881052
0.7283312271733696
0.9522946579983012
0.6309297680854797
0.3161248256298911
0.44685353060880906
0.796201207432026
0.7122159601176451
0.7971628517082323
0.786013732485877
0.3960224360773022
0.9017630172417352
0.84423558835528
0.9801000108448856
0.44275650173618347
0.7530391524483786
1.0
0.9529766321086706
0.763398316476024
0.8274043292271023
0.4699094399123753
0.0
0.9254878905901847
0.9011567501330383
0.7825115601713122
0.9591186925985743
0.9446158158172804
0.5060783048967572
0.8558112420248054
0.7283312271733696
0.8098785349499548
0.7129795546665757
0.624889569787815
0.800348120584202
0.6616540835981937
0.8539316443613972
0.7467366477874152
1.0
0.8687949259683276
0.7180806088362336
0.0
0.8586100369157611
0.7143761760598569
1.0
1.0
0.47036527590874033
0.3868528126910807
0.5060783048967572
0.8486535966198848
0.977724249705212
1.0
0.8304198990614661
0.2960819157603371
0.5585075867873565
0.9194888337628071
0.7648173620456298
0.6201049716811229
0.46706541958409103
0.7798963597571601
0.7529333979882795
0.8356264224280449
0.8139731174267469
0.5600292096038499
1.0
0.915209949530733
0.44004893366061476
0.5283632430645504
0.8755129852828352
0.0
0.8760761034673957
1.0
0.3937481521657307
1.0
0.6399453768472743
0.5941318853810031
0.9546365275387136
1.0
0.5
0.8733683238937077
0.6615818027997067
0.9177548916728168
0.3156484565771367
0.8869177650942247
1.0
1.0
0.7019304650869378
1.0
0.5656025370158362
0.882694526380601
0.8215325479968734
0.8617266664965069
0.33321648400475934
0.6729085461541939
0.8757862848349947
0.0
0.7351826379543702
0.9293724351214584
0.27727342967027513
0.5100513617156551
0.8405582607057958
0.8908151264027232
0.8962319482121148
0.33916020187706797
0.8763688412077649
0.9089336665773697
1.0
0.9439093252670825
0.8930068662429386
0.7635277528459502
0.7554560544794117
1.0
0.618535459626825
0.482038132669264
0.47036527590874033
0.2308584061078697
0.8655670088432863
0.871116487384426
0.7467366477874152
0.6621484601350688
0.5235423583407982
0.7234267653044045
0.9544668332886849
0.8539316443613972
0.6950042989587084
0.494653114481521
0.893311855280728
0.9469024268896686
0.5531464693911909
1.0
0.9488136033842831
0.7192166705135925
1.0
1.0
0.9510121814224447
0.9218382104912253
1.0
0.8687949259683276
1.0
0.786013732485877
0.734606884914117
0.5316435810780761
0.6800273115763629
0.7635521460199262
0.8304198990614661
0.9041051112658902
1.0
0.5844635453757894
0.0
0.8379437882564064
0.8193445706705471
0.4120006495020903
0.9714088996429322
0.8687949259683276
0.9110983815137923
0.0
0.6652642243854453
0.9110983815137923
0.5531464693911909
0.7899845864382504
0.38356636845265696
0.7947520280996537
0.8539316443613972
0.4545593590823379
0.5113422666905327
0.47036527590874033
0.8109414119156674
0.7346964084650681
0.9902077112385932
0.9075755234432417
0.6952884725149636
0.49406038645404315
0.716590238590879
0.44685353060880906
0.8962182257539302
0.5099614799788159
1.0
0.20800815643228113
0.0
0.8496074125148968
1.0
0.8539316443613972
0.8989584464568207
0.694869088638571
0.5558833659742375
0.8821468648281587
0.5
0.9161872340347363
0.7823571675612248
0.5
0.8223273601038906
0.7554560544794117
0.6531920181223881
0.7847860403602626
0.9065280358634525
0.0
0.6652642243854453
1.0
0.6973857163973776
0.6639761005444872
0.3156484565771367
0.5147714424843294
0.9001386366271097
0.745629848592199
0.7642937296563175
0.7426142787578354
0.6917831842263285
0.714596826509514
1.0
0.33916020187706797
0.0
0.6578242282885683
1.0
0.38685280084609985
0.9486104398613062
0.891399325109463
0.9343974629841638
0.7511283026044165
0.7227265703297249
0.9034845237637841
0.7231933669795113
0.8421757717114317
0.9065280358634525
0.0
0.8165791902657309
0.8421757717114317
0.6201049716811229
0.7174884398286878
0.7010829679520427
0.6768325359707125
0.691040901509018
0.0
0.786013732485877
0.3798950283188771
0.5753889418047846
0.0
0.34519134154579534
0.4852285575156707
0.7283312271733696
0.6652642243854453
0.4553619209404844
0.9470977975657277
0.4912596971843981
0.6659120028851947
0.833001413451511
0.6866910712626028
0.8687949259683276
1.0
0.4692787228264419
0.5568723722653494
0.07719063609319995
1.0
0.660839798122932
0.4934732955748305
0.8613632851648625
0.0
0.47036527590874033
0.6325226835373803
0.754370151407801
0.7894779395504506
0.0
0.9439093252670825
0.9463521760758687
0.7174884398286878
0.0
0.6356211450007738
0.2628751236200242
0.7447867091733641
0.6069931337570614
0.4027475757908304
0.8687949259683276
0.7947520280996537
0.7467366477874152
0.8138913853321693
0.3960224360773022
0.5147714424843294
1.0
0.9079301228367022
0.5730341778193013
0.535104192602537
0.4746620825136481
0.5737425511126448
