0.30671821741120914
0.38190679762460605
0.0
0.7424187335451329
0.9364122672690315
0.8159824667626305
0.5294026057040282
0.666631521715875
0.7820509198803134
0.9856202661410465
0.7698724389694698
0.7429498497070177
0.9394657381720735
0.7738931987486214
0.6930783437161837
0.2182695528180682
0.0
0.510464452888023
0.552475327492826
0.8151510468864832
0.8265521783324108
0.7397374663221716
0.49342639630013424
0.16174285250522355
0.0
0.3333333333333333
0.1805242192481863
0.0
0.17989452591120664
0.8023389601173623
0.9628835887608463
0.5858654701048336
0.4918293356328728
0.8539316443613972
0.6713535321989412
0.688603934212289
0.669380994203103
1.0
0.6043130978100874
0.2011331621531056
0.9394902732719653
0.895558652545777
0.6362126526581022
0.37317398639728644
0.8057635954128243
0.6975316738125269
0.3486021855083161
0.5880206898556275
0.7448659102409102
0.13048940641854656
0.8310459203368109
0.6424749168495385
0.8687949259683276
0.4151206302746241
0.7990259042157075
0.9017654762149144
0.6200894789952729
0.6765142949895528
0.22068857863622235
0.6469101839391602
0.9026210962409316
0.5903694104272035
0.7738931987486214
0.857342488323918
0.7365911580885848
0.8405472178093015
0.9026210962409316
0.9026210962409316
0.6952186513460582
0.30078517497020635
0.6681501989566859
0.49419892100951524
0.5967972030335601
0.8858167854449455
1.0
0.6118793910852497
0.4463867339590227
0.7227265703297249
0.5230317182639599
0.8398495473499198
0.57553008630748
0.46972303846849317
0.8614337784648688
1.0
0.5851756460835562
0.49567675414171375
0.21050145428078584
0.6603026594493542
0.33449133646549556
0.6215484379745146
0.8357926199853084
0.4208033826877816
0.0
0.0
0.6164336315473431
0.6556300973152815
0.5477096209737233
1.0
0.0
0.5477863974972428
0.6983742979606475
0.5321302035929101
0.4879811390867296
0.6237077792730077
0.3868376126746849
0.583929624856019
0.8359989525185506
0.4737522682491055
1.0
0.04982146020499071
0.5380070733846678
0.4089221679914653
0.4737740646159734
1.0
0.8567131171531285
0.9125299506455518
0.35171323325948467
0.9278068821440497
0.34210954167595636
0.688603934212289
0.0
0.628371714101073
0.4208033826877816
0.4089221679914653
0.47783500706825593
0.3893543305835814
0.509259502143758
0.8151510468864832
0.702097646260794
0.37270830472821476
0.7738931987486214
0.4208033826877816
0.679936248986542
0.702097646260794
0.8196294533844933
0.8523587182754241
0.6765142949895528
0.1077398335463829
0.41383857559589565
0.8845927215262578
0.43062490851752766
0.15183531618124196
0.3333333333333333
0.4590382827928401
0.4307122370924018
0.42857142857142855
0.8869465993743106
0.5397240298587684
0.6724935352104012
0.5972924693478288
0.434358370878951
0.2020831070863588
0.9125299506455518
0.8678183485280787
0.6127316038317275
0.7442890876982287
0.8151510468864832
0.4307122370924018
0.7087562974680877
0.6100302269208954
0.5891678773470548
0.1689607103740424
0.7071679613573456
0.33916020187706797
0.3884732506693244
1.0
0.8347911226902452
0.38800138863373146
0.9026210962409316
0.0
0.07132875583804099
0.7698724389694698
0.4089221679914653
0.7378320188455745
0.7714160222092591
0.4726736812072175
0.6592681871153977
0.5854902825057394
0.7442890876982287
0.2768066330204887
0.6877623873853841
0.3494746268497406
0.5130056140889628
0.6394649169719204
0.7895676956152422
1.0
0.6469527206242929
0.2626161153590331
0.7330409953023975
0.4372310516638921
1.0
0.38800138863373146
0.5251884412531949
0.3872163919670006
0.8539316443613972
0.8960595178458126
0.6469101839391602
1.0
0.27727342967027513
0.656090479848777
0.8869465993743106
0.7895676956152422
0.4494919363084974
0.5954962250313995
0.6721707962801116
0.6374351039119139
0.5568164399751786
0.22201469201983498
1.0
0.6086005461641422
0.5261790079252316
0.8304198990614661
0.5477096209737233
0.8539316443613972
0.7895676956152422
0.7448589043149346
0.31817007087993754
0.6720506053360048
0.8700136703174959
0.11305340062568932
0.2640010408492879
0.3031246606295382
0.9342462899798241
0.7160402723428625
0.3333333333333333
0.5958337858272824
0.4307122370924018
0.9125299506455518
0.0
0.5987986896551758
0.7442890876982287
0.7294064860460387
0.4243328032061543
0.4603163481427945
0.3869772124151777
0.3877022475009393
0.6451824787606607
0.4222763090997989
0.857342488323918
0.7429498497070177
0.0
0.702097646260794
0.6312356870725394
0.5903834836263155
0.6108618728632339
0.688603934212289
0.8595377528849529
0.7429498497070177
0.3214184395591885
0.26492202697252815
0.7698724389694698
0.8906659683457004
0.4759908450094153
0.8159824667626305
0.7013842416035465
0.8261862753676149
0.14895117686960302
0.5467012442171202
0.8920061342360738
0.7968124342307055
0.559440134584712
0.5237335240210951
1.0
0.3361154157387423
0.6061928062478125
0.5958337858272824
0.42872376620821284
0.509259502143758
0.7653616930663951
0.5613162178632985
0.3937506787409237
0.6902575551747324
0.4759908450094153
0.5903694104272035
0.4307122370924018
0.6534081943812597
0.7227265703297249
0.39505717441428073
0.642688124716949
0.47368946085155905
0.4307122370924018
0.8151510468864832
0.6046789327678618
0.8517268880185299
0.6130649565956129
0.559440134584712
0.22811718114095444
0.5890442456351046
0.521616681921163
0.21215165392290058
0.0
0.41607037514398104
0.41048895771510896
1.0
0.8963531167417823
0.8946938631937279
0.4947922322841031
0.6886348287268086
0.8735902591561313
0.7442890876982287
0.9517637932060423
0.4307122370924018
0.6919908042898791
0.3140338577791144
0.7711779959734836
0.1765449080304199
0.7503706292741893
0.4775551421216405
0.9118788990187191
0.8520599048165293
0.5069341940510189
0.6568190383437804
0.6779553350512283
0.6779553350512283
0.7875383741737135
0.5890442456351046
0.8761099287253948
0.9394902732719653
0.29680380641426496
0.6765142949895528
0.8196294533844933
0.7442890876982287
0.07817641598004023
0.3599201505024415
0.6164336315473431
0.36729198439611355
0.6824593811926378
0.9221509835530722
0.032046331764185566
0.5176573698472422
0.5958337858272824
0.4089221679914653
0.36292569094116117
0.8901399110633793
0.9704987930984277
0.7432506645907022
0.7775786065444028
0.4273013931298811
0.5138232566038926
0.7977556619077519
0.660839798122932
0.4315846784338263
0.6575375784161561
0.7235591284729296
0.8405472178093015
1.0
0.7718507843067606
0.8123559364823044
0.6865061809401612
0.6707520472134103
0.4761196841961059
0.9278068821440497
1.0
0.4145993183769937
0.9225336154535817
0.5583648685470951
0.6169573555634559
0.2895983086561092
0.44472359642978604
0.661128633329845
0.30333977840910004
0.9394657381720735
0.9716814170806931
0.8850729817824603
0.7536889299779626
0.9538828773488386
0.6309297680854797
1.0
0.9009019939530045
0.7059414020174464
0.7854509749310232
0.4054192219127141
0.559440134584712
0.8602684866893623
0.8577710809680934
0.5147714424843294
0.5416781677923471
0.1312050740316724
0.40255583118596466
0.0
0.7693968244703733
0.51818228644685
0.8196294533844933
0.4947922322841031
0.6131471873089194
0.7056613531463942
0.5411444835423754
0.97875639589033
0.7698724389694698
0.7335650772687441
0.8850729817824603
0.7869027438323941
1.0
0.47266776638032937
0.5312001078076904
0.9775892460391731
0.0
0.8358268626508468
0.7294064860460387
0.786013732485877
0.6670168937939824
0.6568190383437804
0.16958010093853398
0.3363351398561786
0.3333333333333333
0.8838201968168767
0.6469101839391602
0.8619187634418561
0.4747677692819337
1.0
0.5791054575649491
0.8687949259683276
0.16958010093853398
0.5088013244975679
0.4166158163040628
0.23719770674136365
0.5147714424843294
0.7698987084867115
0.27023204294347164
0.22953464473742968
0.8539316443613972
0.8119259851271061
0.1460683556386027
0.8587958335002831
0.4983555110763189
0.5296347240912597
0.5634608943638636
0.6765142949895528
0.36900746468764933
0.42872376620821284
0.0
0.4658036811283277
0.7216951772532264
0.628371714101073
0.44685353060880906
0.4463867339590227
0.4623979998921364
0.8207820304767803
0.6331677038924401
0.8216838715872212
0.0
0.8727122836510094
0.0
0.7630543793413388
0.5107506827051778
0.9377080596835119
0.5975607215362728
0.7730394049961219
0.6765142949895528
0.7368425920507033
0.575328901596526
0.3547435429513829
0.40175967669460194
0.5411143592509401
0.9211639248321116
0.2938829595370698
0.38356636845265696
0.6196530898053183
0.8105947743985048
0.7738931987486214
0.9013694349697361
0.9758290294342824
0.4166158163040628
0.6062493212590764
0.9023493269329198
0.4543989131686977
0.7543604894731794
0.0
0.9352119757927163
0.6874019711863573
0.3976972820794884
1.0
0.9329445037622256
0.6864231493941731
0.9118788990187191
1.0
0.7994765500198624
0.8432579250619396
0.5338567833134709
0.7294064860460387
0.6779511269452445
0.5168430484556391
0.07817641598004023
0.702097646260794
0.9221509835530722
0.7442890876982287
0.7509893019213785
0.4445426931929069
0.5890442456351046
0.27727342967027513
0.6455067531957681
0.6922165158760335
0.793607744736477
0.5176573698472422
0.6864231493941731
0.0
0.5000544318302566
0.6326497547629405
0.7331433586107234
0.19184336210249334
0.40241916859686666
0.6469101839391602
0.6399453768472743
0.7121664016030771
0.8613098749520063
0.6469101839391602
0.3251836860345565
0.0
0.7119011339577037
1.0
0.21398626751412297
0.702097646260794
0.30078517497020635
0.2897668648486459
0.6952145189844235
0.7435934782780967
0.4747677692819337
0.7906355931508329
0.8256776654332003
0.7599635845648496
0.4759908450094153
0.9286467384041299
0.0
0.7504219629345599
0.6548086584542047
1.0
0.7112741326853153
0.660839798122932
0.6670734703648306
0.5029134342718673
0.5394118518536211
0.6976444410929781
0.6343169275158432
0.8838201968168767
0.6724935352104012
0.5733697487684838
0.4616555861340054
0.9394657381720735
0.7274638868614859
0.4912596971843981
0.0
0.6816699531079439
0.3976972820794884
0.7433877907669663
0.8898237955328099
0.330450512102333
0.8687949259683276
0.660839798122932
0.37720786842457815
0.7033908021813906
0.43405288452549007
0.5437656377180912
0.0
0.33984870676325685
0.9674679937542567
0.9586789367947721
1.0
0.44491100729996336
0.521214486362296
0.8288359921509807
0.7301468875936751
0.3277691685225153
0.660839798122932
0.5958337858272824
0.8501402863935875
0.7188699782492836
0.9725430395447476
0.7320014382096405
0.528170517576686
0.6169053483967889
0.9218235840199598
0.21535503427774927
0.8159824667626305
0.9424610079984421
0.4144284754613468
0.0
0.0
0.4144265831372988
0.7883023541860192
1.0
0.6864231493941731
1.0
0.17919176598805742
0.5733697487684838
0.9026210962409316
0.3600546231527257
0.660839798122932
0.6469527206242929
0.37317398639728644
0.5958337858272824
0.9364122672690315
0.9377080596835119
0.4733280659825335
0.8763910920150079
0.977174750963573
0.7738931987486214
0.702097646260794
0.309639424992306
0.0
0.8216838715872212
0.7698724389694698
0.3652848140464026
0.8274432375130328
0.8687949259683276
0.7033472849236775
0.5309524730186245
0.8624263617296355
0.7227265703297249
1.0
0.9026210962409316
0.4208033826877816
0.7220598926070392
0.6864231493941731
0.8920061342360738
1.0
0.5357920728658255
0.2364212262240513
0.8304198990614661
0.7497927280600821
0.7738931987486214
0.33916020187706797
0.0
0.9807710522773779
0.79362232575791
0.23719770674136365
0.6147074851088652
1.0
1.0
0.547612293039459
0.9631413581477802
0.0
0.832809470009426
0.7274638868614859
0.855147492383854
0.30831651073537275
1.0
0.2897668648486459
0.9125299506455518
0.4692787228264419
1.0
0.4208033826877816
1.0
0.16958010093853398
0.9213636253961618
0.0
0.27541155127527595
0.8272794444451079
0.7895676956152422
0.8350696743682143
0.7568609635302123
0.5733697487684838
0.0
0.5616158385498937
1.0
0.3600546231527257
0.8687949259683276
0.6755719985433046
0.9286467384041299
0.4611392561856105
0.5890442456351046
0.5296347240912597
0.3750579781209817
0.46833353793929294
0.7994765500198624
0.8151510468864832
0.8621033252626347
0.43674671658069864
0.6648911382431861
0.6836929774371872
0.4724368818800501
0.5958337858272824
0.8687949259683276
0.0
0.0
0.857342488323918
0.44685353060880906
0.582606539128936
0.6131471873089194
0.6647467513405295
0.4463867339590227
0.856240983820444
0.8423278496642234
0.3652848140464026
0.738048744653349
0.4099232660188406
0.7948632672040816
0.7956348137555145
0.7345204939142174
0.0
0.8399376648174013
0.33916020187706797
0.8554128452535069
0.5029134342718673
0.3467253126199842
0.7701944878903512
0.7424693283007794
0.5800690586536429
0.7854672907822959
0.6765142949895528
0.786013732485877
0.5296347240912597
0.8126307966710118
0.9621115840947827
0.3869772124151777
0.8539316443613972
0.6691427287773887
0.6383545948890323
0.6568190383437804
0.7431793260822384
0.7738931987486214
0.9628835887608463
0.5613162178632985
0.25898641787218446
0.5604829438894438
0.5531464693911909
0.9798622392893115
0.40775977095438853
0.7935217203536543
0.41048895771510896
0.362138937532323
0.5987986896551758
0.6788639373962879
0.43560607565508175
0.8657779077479315
0.3652848140464026
0.7698724389694698
0.9125299506455518
0.559440134584712
0.4188662331378986
0.5972338229726566
0.428409319661043
0.7442890876982287
0.857342488323918
1.0
0.4759908450094153
0.4208033826877816
0.0
0.46953320499368306
0.6983742979606475
0.6272499601861681
0.6272789886423908
0.5062380532350296
0.7738931987486214
0.5412521485346606
0.8380092013541107
0.0
0.7227265703297249
0.4852285575156707
0.8151510468864832
0.5958879895760294
0.7210145681759181
1.0
0.660839798122932
0.8735902591561313
0.7979168929136412
0.6134648640203729
0.5759807052024956
1.0
0.6466313864558246
0.4393228416234183
1.0
0.7027196965506294
0.33549417738132964
0.528383345316837
0.16958010093853398
0.4759908450094153
0.9538828773488386
0.3893543305835814
0.7227265703297249
1.0
0.0
0.0
0.702097646260794
0.4637635903428507
0.6864231493941731
0.5104027976771133
0.6509391099024202
0.9026210962409316
0.16102233247438585
0.29553891600426735
0.9171614327359247
0.4208033826877816
0.6886232965585055
1.0
0.4032314590076753
0.8130559973282048
0.5895592615975345
0.4194641446965707
0.6164336315473431
0.7698724389694698
0.5168430484556391
1.0
0.7465529529571937
0.0
0.46066402241460264
0.7522198574507897
0.44685353060880906
0.6712314498991203
0.7538726841380137
0.3065735936544597
0.8539316443613972
0.852047767494462
0.8281827076557909
0.8523526191284766
0.5556876069761763
0.4611392561856105
1.0
0.6886348287268086
0.8841694388426583
0.8570421142436307
0.703205086313807
1.0
0.9171614327359247
0.7741287529967512
0.8850729817824603
0.6779553350512283
0.7193106341263004
0.220279932707644
0.8315260885855865
0.6228388629554875
0.24424613149069
0.8304198990614661
0.9118788990187191
0.9026210962409316
0.6549176196884834
0.5951870310257975
0.7320588587248937
0.07784901644692772
1.0
1.0
0.8368826876880242
0.7691921532786965
0.9594744609317365
0.7197780608506346
0.8872417357400768
0.6670734703648306
1.0
1.0
0.7076531802947231
0.5664415543871
0.38356636845265696
0.7834628861722829
1.0
1.0
1.0
0.7979168929136412
0.9582222672483816
0.8501650411212067
0.6164336315473431
0.8047797306503393
0.8282317182733616
0.6653126090368292
0.9149113223613592
0.660839798122932
0.3640293081024429
0.6965434809085496
1.0
0.5732187566313027
0.9558295913571432
1.0
0.6695472091803051
0.4002849620839148
0.7568609635302123
0.24630239095333292
0.08750372843227683
0.8270706085509871
0.7442890876982287
0.8072239653355326
0.7968124342307055
1.0
1.0
0.9294929151911255
0.8090683744347215
0.5958337858272824
0.5890442456351046
0.7753551230112848
0.6863024180874526
0.7395535762169475
1.0
1.0
0.5300031025456903
0.526891976221585
0.30819230706849915
0.6469101839391602
0.8894901666802791
1.0
0.688603934212289
0.6713860779939196
0.6714490698797634
0.36427668237493693
1.0
0.08301963625313671
0.5718304095418975
0.857342488323918
0.857342488323918
0.1010415535431794
0.5958337858272824
0.6164336315473431
0.49352019161333
0.3652848140464026
0.8932868957449784
1.0
0.6765142949895528
1.0
0.7878591736939509
0.7948632672040816
0.3652848140464026
0.8443019671061446
0.857342488323918
0.92359231315721
0.6540093276770245
0.7994765500198624
0.8249925431354463
0.6746718329027146
0.0
1.0
0.5242754810771268
0.6164336315473431
0.4928142377943639
0.6856254042935067
0.5505226976541452
0.9505854869451875
0.9397677798887838
0.47663513862598134
1.0
0.8822580940322046
0.7313163321498628
0.6131017113544146
0.613017908679483
1.0
0.6066018512616919
1.0
0.6648258234087827
0.9440871581652496
1.0
0.27727342967027513
1.0
0.47199791830142424
0.8559427422050958
0.8304198990614661
0.9326153514343595
0.9380184051921583
0.7827344906583716
0.7056613531463942
0.4307122370924018
0.9887256826400956
0.8652512666095812
1.0
0.31914715588518905
0.8980283731547926
0.6864231493941731
0.7797481311003239
0.7840697469949284
0.3507341785155793
0.5
0.5218865712489114
0.8526482143223716
0.6356886719658613
0.0
0.0
0.8590916174859538
0.8508342816032615
0.9024015498708143
0.7698724389694698
0.0
0.8869465993743106
0.5437656377180912
0.6622568297272728
0.7372337270637948
0.15301188716423914
0.7698724389694698
0.44685353060880906
0.3652848140464026
0.5958337858272824
1.0
0.9364122672690315
0.0
0.7203853415115662
0.8539316443613972
1.0
1.0
0.5732160180847633
0.20079466157282966
0.8324743192815351
0.5491365315647396
0.8166524297896675
0.5993516499149099
0.9660471488074281
0.6309297680854797
0.33927379996918383
0.44685353060880906
0.7356467412252323
0.6184074719959702
0.8004315097659757
0.786013732485877
0.30774998206209225
0.8312082747996128
0.7574727093094213
0.9856202661410465
0.44031535351236323
0.7163012679935125
1.0
0.9696883110770304
0.6775356820426222
0.7698724389694698
0.40037797594449637
0.0
0.927188200753551
0.8714102766744216
0.688603934212289
0.8836158058182276
0.9211639248321116
0.37317398639728644
0.7698987084867115
0.5993516499149099
0.9332724138411262
0.6886348287268086
0.5085501498976807
0.7235151742135792
0.5172596480209666
0.8539316443613972
0.5958337858272824
1.0
0.8687949259683276
0.6511450642441835
0.0
0.7212195551145194
0.5359735501060711
1.0
1.0
0.47036527590874033
0.3868528126910807
0.37317398639728644
0.7420128781969471
0.9686152016010307
1.0
0.8304198990614661
0.2960819157603371
0.5585075867873565
0.9607351564724007
0.6864231493941731
0.4947922322841031
0.2550232995850623
0.6915938413747393
0.7160402723428625
0.7453000510362879
0.7982341448256414
0.3828158941215104
1.0
0.8869465993743106
0.2760124855100087
0.46734941822022513
0.855147492383854
0.0
0.9072646676638987
1.0
0.41607037514398104
1.0
0.6399453768472743
0.5773969126699298
0.9668919334938462
1.0
0.5
0.7979168929136412
0.6285875929597633
0.9107964699187632
0.3156484565771367
0.8764133054850756
1.0
1.0
0.7672735727999568
1.0
0.4208033826877816
0.933511307934765
0.9373626629851679
0.7701033461350864
0.3222417739595163
0.591293712330461
0.8249925431354463
0.0
0.6469101839391602
0.9479446428547382
0.27727342967027513
0.35170492951239796
0.687619064077449
0.9194888337628071
0.8471371781259329
0.33916020187706797
0.8138242442761013
0.9046184009035472
1.0
0.9397677798887838
0.857342488323918
0.5903694104272035
0.679936248986542
1.0
0.434671377533348
0.3395771054674685
0.47036527590874033
0.2025950559514474
0.8981446749668456
0.9023493269329198
0.5958337858272824
0.598220732059626
0.44240685478131436
0.6312356870725394
0.9364122672690315
0.8539316443613972
0.5878439718642657
0.37982601370458624
0.8776614741732416
0.9469024268896686
0.5531464693911909
1.0
0.8575983178032575
0.9057092461450234
1.0
1.0
0.9628835887608463
0.8932868957449784
1.0
0.8687949259683276
1.0
0.786013732485877
0.5473989593798717
0.44685353060880906
0.5733697487684838
0.6857289983712516
0.8304198990614661
0.9307063452305417
1.0
0.2752204836039699
0.0
0.8834876691175226
0.7822658340032771
0.1973060810195913
0.9578347667050913
0.8687949259683276
0.8090683744347215
0.0
0.528383345316837
0.8090683744347215
0.5531464693911909
0.7744777598659238
0.38356636845265696
0.7197780608506346
0.8539316443613972
0.3077050991938775
0.4110089513836276
0.47036527590874033
0.6304347087704565
0.6345914563920335
0.9927826891721219
0.8415580401884142
0.47624260988263806
0.2869478145412178
0.6130649565956129
0.39032683029596443
0.8874376749068782
0.438329317440524
1.0
0.2652189113365208
0.0
0.7994765500198624
1.0
0.8539316443613972
0.9441244585567549
0.5859614680360904
0.4269712033395807
0.910706670395285
0.5
0.8357926199853084
0.6761894845363743
0.3333333333333333
0.6858085089848645
0.679936248986542
0.506339570915668
0.8054853926246233
0.8508342816032615
0.0
0.528383345316837
1.0
0.5863991663446084
0.4834672014163708
0.3156484565771367
0.5147714424843294
0.7929256185767678
0.660839798122932
0.8119259851271061
0.6568190383437804
0.5890442456351046
0.7664186667449036
1.0
0.33916020187706797
0.0
0.5437656377180912
1.0
0.38685280084609985
0.9496583549457148
0.8936138660607303
0.9125299506455518
0.8494148196209378
0.7227265703297249
0.81072293339147
0.525474343393448
0.7895676956152422
0.8508342816032615
0.0
0.8610282637276919
0.7895676956152422
0.4947922322841031
0.696628743418996
0.5233139141894291
0.5837978824000037
0.7033908021813906
0.0
0.786013732485877
0.3031246606295382
0.5615924374212503
0.0
0.34519134154579534
0.4852285575156707
0.5993516499149099
0.528383345316837
0.35704346607831716
0.9618792539523712
0.4912596971843981
0.5167040507099291
0.8186460518446631
0.8480874266550019
0.8687949259683276
1.0
0.4692787228264419
0.4050972987502939
0.042180522741754704
1.0
0.660839798122932
0.3937506787409237
0.8151510468864832
0.0
0.47036527590874033
0.3836966661457986
0.6724935352104012
0.7033908021813906
0.0
0.9397677798887838
0.9504088679523518
0.696628743418996
0.0
0.5854902825057394
0.17944970713449493
0.7019511879165753
0.4759908450094153
0.21841119929760183
0.8687949259683276
0.7197780608506346
0.5958337858272824
0.6758660160250618
0.30774998206209225
0.5147714424843294
1.0
0.8592985024139591
0.4307122370924018
0.3652848140464026
0.3628198877310713
0.5527174902500426
