0.40541184806465225
0.9297916147949259
0.24816575459616097
0.12315119547666646
0.5049059648501175
0.0
0.6717589938982945
1.0
0.47918059344840896
0.1681522909920141
1.0
1.0
0.771994027156659
0.9305687774461386
0.20048258661793833
0.6469626758289886
0.41821985614196777
0.06362078691860773
0.0
0.12830162733590614
0.6309297680854797
0.43674671658069864
0.41052984682028487
1.0
1.0
0.456720802217969
0.0
0.16992444769397338
0.2980273035816663
0.8899541184044202
0.0
1.0
1.0
0.07768953991948874
0.38685280084609985
0.5706417269996291
0.7655934833369414
0.7287624124814981
0.0
0.5855700667779318
0.47684658754095555
1.0
0.46616021091186005
0.0
0.8669479905275309
0.35651925202386486
1.0
0.15101961361645377
0.047895977502940716
0.1992662403166608
0.9633180383749325
1.0
0.5681823076186643
0.1149128477366671
1.0
0.10156729377305601
0.7510916732966976
1.0
1.0
0.0
0.43067657947540283
0.3562071919441223
1.0
0.7788065852596499
0.9305687774461386
0.247642794083658
0.0
0.0
1.0
0.6332196801902024
0.26133987161615435
0.06362078691860773
0.43067657947540283
0.0
0.09803055613096012
1.0
0.21292930085191245
0.0
0.0
0.06801744406256958
0.36331756452804587
1.0
0.36729972905197406
1.0
0.169097389917729
0.5104391788847031
0.1100458815955798
0.2571352757593388
0.0
0.7682269220893782
0.12081130312983202
0.6141069631279548
0.13961814892117955
0.1993062351435135
0.43545583855020203
0.2934556864412947
0.09109240660979623
0.13526705046229923
0.0
0.28166312975761404
0.0
0.3212446396171094
0.44903379195469817
0.18421668823250748
0.0
1.0
0.18390136116445327
0.3010300099849701
0.0
0.0
0.3333333432674408
0.740397220270855
0.3870159481818755
0.7061747555073655
0.15457433758751796
0.3862298860352317
0.3461900421616606
0.0
0.04855631284810874
0.24267397830555995
0.5964984319631255
0.6505132560551431
0.0
0.37960256940083686
1.0
0.0
0.5726073953201232
0.29127873774540175
0.1364003110121403
0.4303053685176704
0.22449866899557538
0.0
0.9337457743289556
0.27588155322435026
0.5849183091534265
0.5428183917706917
0.0
0.0
1.0
0.1993062351435135
0.0
0.9447403782911181
0.6403089916337149
1.0
0.5136674549337246
1.0
1.0
1.0
1.0
0.3340514417369591
0.7104770142549791
1.0
0.27810475746971786
0.7381919262179314
0.5465987783738316
0.8318724577312647
0.0
0.3125645648856752
0.30323331799601644
0.0
0.06625422567104446
0.6994739058612468
0.7935840672773958
0.5391778295473443
0.0
0.5868924691365354
0.4708061572728497
0.35725907335365636
0.4104988303061157
0.4592107078062007
0.2940946028853925
0.1299657475071673
0.8611375548922774
0.5749649239805389
0.29151720020370847
1.0
0.0
0.28906482458114624
0.14804095788016855
0.6749359907811113
0.4155411032360946
0.2784805940289022
1.0
0.0
0.10893649661066122
0.2113573592295384
0.08612362177099862
0.41442993322206817
0.8521705085097849
0.48537021050767115
0.14092800080938658
0.6219510697597088
0.6309297680854797
0.44192409437560753
0.4775044077311074
0.6177639918467265
0.8006937648564865
0.6287063222699739
0.359177265500735
0.46668169667415377
1.0
0.1513973407047011
0.20909053271461972
0.40538987975951574
0.5648901091855316
0.0
0.3858840547500284
0.6240505194324443
1.0
0.27621635553814006
0.2803898782602557
0.14876390195226435
0.0
0.06362078691860773
1.0
0.7935840672773958
0.4900309741492962
0.7577256901447604
0.0
0.0
0.43067657947540283
0.0
0.464754348085901
0.30372147330759247
0.29342288530436056
0.21840743783974695
1.0
0.38345549105241683
0.4858136339234479
0.39399143808949344
0.14876390195226435
0.6276304190397061
0.1971920781315793
0.608492901601289
1.0
0.21867623861761798
0.0
0.42615112980439634
0.26616162130554993
0.5328776450445177
0.4647456844344935
0.5543375523013988
0.23573242206183745
1.0
1.0
1.0
1.0
0.28906482458114624
0.37893288593682206
1.0
0.32730659563965614
1.0
0.0
1.0
0.0
0.22845227117578348
0.4317036970246583
0.09021422751400003
0.6429235266400976
0.3601191138946043
0.5199968017118057
0.2984900321275133
0.0
0.2161590657745087
0.31914715588518905
0.6274092445549487
0.12987501258965217
0.0
0.29922683219491614
1.0
0.286922470387382
0.6456675271552642
0.0
0.8899541184044202
0.5766693009690531
0.26166838418532407
0.0
0.6500332242191882
0.7329528900477981
1.0
1.0
0.7104770142549791
0.7015099678724867
0.12320196049948981
0.7840647927383955
0.5
0.5964984319631255
0.48647145411359977
0.5367713149493638
0.3171937599963794
0.23680742359684043
0.7799082368088404
1.0
0.11305340399494321
0.5868112401972937
0.17198437466693875
0.35523850712748956
1.0
0.7326262774034366
0.4800031982881943
0.0
0.31546488404273987
0.5518331214096004
0.13568544822490577
0.4035015680368745
0.27950807362792635
1.0
0.23202214552491518
0.11305340399494321
0.8669479905275309
1.0
0.17585414288875137
0.0
0.4610280548448704
0.23463936141322095
0.2641377146179005
0.6027191019345179
0.5184650145085595
0.07336392325013509
0.6901935046348122
0.31546488404273987
0.8415908453395132
0.07336392325013509
0.0
1.0
0.6626716374811857
0.0
1.0
0.6620158575667672
1.0
0.16335347975977355
0.38685280084609985
0.6740595382387804
0.11284513908875529
0.7778721747976005
0.45374257604076124
