0.32958335497434826
0.9520727789303961
0.1460683556386027
0.0
0.33916020187706797
0.0
0.6992148250297936
0.0
0.47036527590874033
0.1460683556386027
0.0
1.0
0.8687949259683276
1.0
0.0
0.5151571349255532
0.362937444383726
0.0
0.0
0.0
0.6309297680854797
0.43674671658069864
0.26625043085293415
0.0
0.0
0.38356636845265696
0.0
0.0
0.1460683556386027
0.8304198990614661
0.0
0.0
0.0
0.08703246132971454
0.38685280084609985
0.5706417269996291
0.8539316443613972
0.5300031025456903
0.0
0.5855700667779318
0.5147714424843294
0.0
0.4208033826877816
0.0
1.0
0.04868945187953424
0.0
0.15101961361645377
0.0
0.06934506252399683
1.0
0.0
0.4928142377943639
0.0
1.0
0.0
0.6164336315473431
1.0
0.0
0.0
0.43067657947540283
0.0
0.0
1.0
1.0
0.0
0.0
0.0
0.0
0.8687949259683276
0.20803518757199052
0.0
0.43067657947540283
0.0
0.1312050740316724
0.0
0.0
0.0
0.0
0.0
0.36331756452804587
0.0
0.1460683556386027
0.0
0.06229194031648807
0.41247582896544566
0.16958010093853398
0.20567666386802974
0.0
0.8539316443613972
0.0
0.6164336315473431
0.0
0.0
0.34519134154579534
0.33916020187706797
0.0
0.12001820771757524
0.0
0.19842071371067949
0.0
0.3600546231527257
0.3600546231527257
0.07817641598004023
0.0
0.0
0.0
0.0
0.0
0.0
0.0
0.6062493212590764
0.15101961361645377
0.572168335840599
0.1312050740316724
0.48319976393305286
0.13164048768570766
0.0
0.0
0.33380012998311975
0.4912596971843981
0.6843515434228633
0.0
0.1460683556386027
0.0
0.0
0.4161811497161106
0.16812754226873525
0.0597305886626858
0.5296347240912597
0.0
0.0
1.0
0.27727342967027513
0.3937506787409237
0.6164336315473431
0.0
0.0
0.0
0.0
0.0
0.7227265703297249
0.6548086584542047
0.0
0.5118710811357255
0.0
1.0
0.0
0.0
0.5147714424843294
0.660839798122932
0.0
0.20803518757199052
0.8304198990614661
0.5302769615315068
0.8318724577312647
0.0
0.2824250228817445
0.10987225670690651
0.0
0.0
0.8687949259683276
1.0
0.27023204294347164
0.0
0.6843515434228633
0.4226032628130146
0.2577212921913471
0.5477863974972428
0.30671821741120914
0.1460683556386027
0.0
0.786013732485877
0.3937506787409237
0.3689931775455271
0.0
0.0
0.0
0.0
0.6992148250297936
0.24207625308126696
0.21398626751412297
0.0
0.0
0.1460683556386027
0.1010415535431794
0.04373502467722413
0.41442993322206817
1.0
0.31557426276088346
0.0
0.5854902825057394
0.6309297680854797
0.3600546231527257
0.3156484565771367
0.8539316443613972
1.0
0.4307122370924018
0.38356636845265696
0.2846438814537991
0.0
0.1312050740316724
0.0
0.3333333333333333
0.5296347240912597
0.0
0.2020831070863588
0.6240505194324443
0.0
0.12785545615088564
0.1275002478879895
0.1312050740316724
0.0
0.0
0.0
1.0
0.23323427057035492
0.8033062309722786
0.0
0.0
0.43067657947540283
0.0
0.3813010766095784
0.2173971114766437
0.37167021382381543
0.0
0.0
0.17094233025386688
0.5147714424843294
0.15101961361645377
0.1312050740316724
0.5574297546951361
0.20804564210765875
0.5562983885968157
0.0
0.11305340062568932
0.0
0.3327298441136085
0.12103812654063348
0.4912596971843981
0.27727342967027513
0.44149241321264354
0.21398626751412297
0.0
0.0
0.0
0.0
0.0
0.18773177434451704
0.0
0.38356636845265696
0.0
0.0
1.0
0.0
0.1312050740316724
0.30078517497020635
0.0
0.660839798122932
0.30078517497020635
0.6992148250297936
0.33916020187706797
0.0
0.16958010093853398
0.31914715588518905
0.8687949259683276
0.0
0.0
0.1312050740316724
0.0
0.27727342967027513
0.46833353793929294
0.0
0.8304198990614661
0.660839798122932
0.0
0.0
0.660839798122932
0.740878243735708
0.0
0.0
0.660839798122932
0.660839798122932
0.0
0.886616748012802
0.5
0.4912596971843981
0.3156484565771367
0.5634608943638636
0.18154178830288964
0.1460683556386027
0.660839798122932
0.0
0.0
0.2871188801090224
0.1460683556386027
0.14895117686960302
0.0
0.702097646260794
0.30078517497020635
0.0
0.0
0.4161811497161106
0.0
0.5087403028156019
0.16958010093853398
0.0
0.21398626751412297
0.0
1.0
0.0
0.11338325198719798
0.0
0.51818228644685
0.23463936141322095
0.2285418014311689
0.5107506827051778
0.3600546231527257
0.0
0.7227265703297249
0.0
0.8539316443613972
0.0
0.0
0.0
0.3333333333333333
0.0
0.0
0.6992148250297936
0.0
0.0
0.38685280084609985
0.6469101839391602
0.0
0.8687949259683276
0.6992148250297936
