0.3434559883949667
0.9520727789303961
0.24816575459616097
0.12315119547666646
0.5049059648501175
0.0
0.6717589938982945
0.0
0.44328343026422623
0.1681522909920141
0.0
1.0
0.8057418817837246
0.9305687774461386
0.17157307390551624
0.6986598113673638
0.34824445998183984
0.06362078691860773
0.0
0.13235063314495515
0.6309297680854797
0.43674671658069864
0.39379585999378164
0.0
0.0
0.47056265203729547
0.0
0.18350267644181062
0.2980273035816663
0.8899541184044202
0.0
0.0
0.0
0.06581686709053214
0.38685280084609985
0.5706417269996291
0.7655934833369414
0.6260507556365585
0.0
0.5855700667779318
0.47684658754095555
0.0
0.3977111330108365
0.0
0.8669479905275309
0.31764072123355624
0.0
0.15101961361645377
0.0330852226196528
0.1909384895844394
0.9510907178332433
0.0
0.5841224145206577
0.12197188352897954
1.0
0.09060754323758617
0.7510916732966976
1.0
0.0
0.0
0.43067657947540283
0.3562071919441223
0.0
0.7788065852596499
0.9305687774461386
0.247642794083658
0.0
0.0
0.0
0.6332196801902024
0.2544141665197529
0.06362078691860773
0.43067657947540283
0.0
0.1006512303883822
0.0
0.24207626029570148
0.0
0.0
0.05595333482535249
0.36331756452804587
0.0
0.36729972905197406
0.0
0.13376476150932073
0.4037837311489285
0.1100458815955798
0.2160231966669134
0.0
0.7682269220893782
0.12081130312983202
0.6141069631279548
0.13961814892117955
0.1993062351435135
0.43545583855020203
0.2934556864412947
0.09109240660979623
0.09518664214331954
0.0
0.19842071371067949
0.0
0.3212446396171094
0.44903379195469817
0.1560643208573751
0.0
0.0
0.1512487224806259
0.3010300099849701
0.0
0.0
0.3333333432674408
0.7928585566067762
0.3870159481818755
0.6857775372804865
0.15457433758751796
0.4090980999272383
0.3060498462425889
0.0
0.03435940107050028
0.2262077883068625
0.5964984319631255
0.6505132560551431
0.0
0.37960256940083686
0.0
0.0
0.5726073953201232
0.29127873774540175
0.09960731571625298
0.4435206823087011
0.1650085713987019
0.0
0.9337457743289556
0.27588155322435026
0.49552990855996315
0.5428183917706917
0.0
0.0
0.0
0.1993062351435135
0.0
0.9447403782911181
0.6403089916337149
0.0
0.525572137700996
0.0
1.0
0.0
0.0
0.3340514417369591
0.7104770142549791
0.0
0.21080282550210522
0.7381919262179314
0.5806118679737958
0.8318724577312647
0.0
0.29319080723540397
0.25278218884162845
0.0
0.06625422567104446
0.6994739058612468
0.7935840672773958
0.4491488484306064
0.0
0.5868924691365354
0.45797623531964293
0.3509157981644887
0.3799305294984966
0.4434695019073108
0.2940946028853925
0.09552601101320891
0.8611375548922774
0.48709761986699734
0.32385312726703197
0.0
0.0
0.28906482458114624
0.14804095788016855
0.6749359907811113
0.3149484699634449
0.2784805940289022
0.0
0.0
0.10893649661066122
0.17905729954679248
0.060604695212804205
0.41442993322206817
0.8521705085097849
0.3992811296732157
0.12839470358635952
0.6110266733167715
0.6309297680854797
0.44192409437560753
0.4775044077311074
0.6177639918467265
0.8006937648564865
0.5783056840903518
0.359177265500735
0.33488773497838353
0.0
0.1513973407047011
0.20909053271461972
0.3281488093444063
0.5648901091855316
0.0
0.36962138465792843
0.6240505194324443
0.0
0.23473163442092296
0.23754012921315265
0.14876390195226435
0.0
0.06362078691860773
0.0
0.7935840672773958
0.42805592543006177
0.796809847454664
0.0
0.0
0.43067657947540283
0.0
0.3937296473813119
0.2552840337585572
0.3199076184337421
0.21840743783974695
0.0
0.3033330812203638
0.4858136339234479
0.39399143808949344
0.14876390195226435
0.6002604873237494
0.2111657226061132
0.6099004873016534
0.0
0.1689278999296991
0.0
0.3327298441136085
0.2017302133058673
0.5328776450445177
0.4647456844344935
0.5543375523013988
0.23573242206183745
0.0
0.0
0.0
0.0
0.28906482458114624
0.36687542761628417
0.0
0.32730659563965614
0.0
0.0
1.0
0.0
0.20098902702721172
0.4317036970246583
0.07198345611457523
0.6429235266400976
0.3601191138946043
0.5199968017118057
0.2984900321275133
0.0
0.20393174523281948
0.31914715588518905
0.6274092445549487
0.12987501258965217
0.0
0.29922683219491614
0.0
0.2979138041847911
0.5469953080361895
0.0
0.8899541184044202
0.5766693009690531
0.27346170779953316
0.0
0.6500332242191882
0.751154572352402
0.0
0.0
0.7104770142549791
0.7015099678724867
0.12709002851629395
0.8448777429140135
0.5
0.5964984319631255
0.48647145411359977
0.4537229923195715
0.3171937599963794
0.23680742359684043
0.7799082368088404
0.0
0.11305340399494321
0.49235524661969277
0.17198437466693875
0.25996941226961345
0.0
0.6650919530483003
0.4800031982881943
0.0
0.31546488404273987
0.5518331214096004
0.13568544822490577
0.4035015680368745
0.24510541817415898
0.0
0.23202214552491518
0.11305340399494321
0.8669479905275309
0.0
0.13329707314063569
0.0
0.4040111580202854
0.23463936141322095
0.22377165413283956
0.5397111665000783
0.5184650145085595
0.07336392325013509
0.6901935046348122
0.31546488404273987
0.8415908453395132
0.07336392325013509
0.0
0.0
0.5252479592312898
0.0
0.0
0.6620158575667672
0.0
0.13838947015604494
0.38685280084609985
0.5606004813292906
0.11284513908875529
0.7778721747976005
0.45374257604076124
