0.6263008497735467
0.357622048965638
0.2104323043847578
0.6648598520433932
0.3658605273994772
0.165209949530733
0.6747464710634156
0.5931885752889089
0.3676374039452468
0.7409849262627934
0.7261360312021095
0.35677410610117316
0.40906629490184804
0.5329843419720464
0.41874037401978453
0.29732162113060584
0.21703311628779504
0.2407252393558975
0.4296874510775366
0.2877085577022035
0.0
0.5531464693911909
0.44916890546849314
0.0
0.30821681577367155
0.5100513617156551
0.32659600906119407
0.2950252934373401
0.11853545962682505
0.3559591018462819
0.8215980909279844
0.34519134154579534
0.08221915808814412
0.4729444943080995
0.4808730077705152
0.30651771206561956
0.6261806472104923
0.15782422828856835
0.10907459423739019
0.18897028827540882
0.2989170320479572
0.47198336528950874
0.3861179893706945
0.34339739988927526
0.5586982511118407
0.5139639081345163
0.4683564189219239
0.4661432166865291
0.5668669154619387
0.29877631798338994
0.5497395632421185
0.0
0.6280833743956392
0.4982655336352711
0.41020414794401666
0.05609067473291756
1.0
0.4080882212272984
0.6954322654012373
0.5006543310060684
0.36801155824457615
0.06615549102265572
0.670330210705477
0.8497671899943445
0.0
0.64402736270816
0.0
0.8840428758218919
0.17163334425552956
0.4149737269255526
0.2252919824396484
0.5682228052503657
0.1746261343597426
0.5290351690410171
0.0724961466095626
0.31997268842363713
0.30937450320351356
0.6672375331350919
0.3034461748278325
0.14812190571250256
0.3303916015950649
0.36077999892002466
0.4562343622819089
0.18809347156531764
0.4121943796963693
0.3736991502264533
0.4165060541738786
0.47036527590874033
0.27468547510896485
0.1500255325500718
0.305208665464553
0.23518263795437017
0.3127751001549698
0.18659188624265124
0.36801155824457615
0.15782422828856835
0.7301181369930598
0.6940733255238138
0.1397741219280272
0.3643788549992262
0.1312050740316724
0.5650231203426244
0.21398626751412297
0.24734240121580806
0.5165798559848724
0.05721111475184319
0.26481736204562983
0.21836974719455368
0.4739804651198395
0.0656025370158362
0.16958010093853398
0.24966038359777662
0.08224510832718329
0.32368850882536976
0.5060958024806627
0.0724961466095626
0.4488846877288195
0.25960892314306894
0.19178318422632848
0.1178096041790857
0.6573537491385438
0.4269658221806986
0.0
0.5213496293766811
0.21398626751412297
0.1107683683654393
0.4999724963412808
0.3508837052752497
0.21078747866229572
0.39431367637749415
0.45124692575199316
0.48228451020293633
0.29877631798338994
0.40302668314725376
0.22246213487581862
0.3800104470980167
0.44916890546849314
0.7264208854383947
0.6843515434228633
0.41213488147068955
0.4004483476985369
0.38356636845265696
0.2925629218869673
0.3531845553542619
0.0656025370158362
0.5832435257538909
0.27657323469559547
0.09147995393492454
0.0
0.0
0.5164054718766451
0.546110845636366
0.48824412735003436
0.6563286124863182
0.6104454125204937
0.4249255179417205
0.2769323116918325
0.0
0.0
0.3196184275788678
0.4364077653046655
0.4275038533904374
0.36609387937590077
0.25169443119341606
0.36136328516486244
0.6598782770112175
0.37381935278950773
0.4121943796963693
0.24380300099449442
0.10729564784826241
0.34217577171143165
0.6863176383751379
0.4690566138966036
0.37381935278950773
0.7100154135617496
0.4566005462719583
0.0
0.6386061388560633
0.5789329111987102
0.44615333563412946
0.20108296795204275
0.537017040973009
0.3034461748278325
0.5303352156709095
0.3645874254245182
0.6261806472104923
0.629849187686929
0.25647124687301887
0.4754863389422399
0.3378515398649312
0.49239104415970736
0.18659188624265124
0.2413756534263614
0.0
0.659617267912426
0.2925629218869673
0.23518263795437017
0.7227265703297249
0.40850760510369105
0.40437624148122586
0.7968409771958099
0.5237246827765251
0.32597253773985774
0.0
0.5309249060763035
0.5625869671814725
0.44161065019782236
0.1998882894771741
0.4335950583234021
0.5171184740573584
0.6539247388288321
0.17297658714843206
0.4895527893621711
0.5538466643658706
0.4300821888391543
0.0
0.26988186300694017
0.5625869671814725
0.33916020187706797
0.4148741562260654
0.4660410440622399
0.44685353060880906
0.3842665634273366
0.1312050740316724
0.5986770819561851
0.5147714424843294
0.6412165185068521
0.0
0.5413905967412252
0.21636952372273952
0.07303417781930135
0.20524797190034624
0.12130713937891767
0.11450494890617528
0.4703658944364173
0.29522578257510784
0.4211497432294475
0.7735791145616053
0.4317799361229699
0.2988120409530826
0.205374133103715
0.45083096274929635
0.1255792865414112
0.0
0.7716485759631075
0.40777830872726784
0.19178318422632848
0.45102050151823037
0.1328400880807838
0.5933275309390499
0.43832796564188387
0.07020838520507416
0.16958010093853398
0.0
0.6096030140171182
0.24842743033001066
0.0
0.1556779249480163
0.5266247100764445
0.5129605344257708
0.7765732346955955
0.15039258748510317
0.12421371516500533
0.4374130328185275
0.6992148250297936
0.36394015239058164
0.7573857212421646
0.27727342967027513
0.0846531876919062
0.12576276673597828
0.5724961466095626
0.5098782413637533
0.2112036668160979
0.7306766142818083
0.12044888628010213
0.24938604075861703
0.4777969167122055
0.062444784893907486
0.0
0.6917831842263285
0.5454406409176621
0.5425062476472162
0.45809361701736817
0.4808124865465692
0.444341317198219
0.30078517497020635
0.559440134584712
0.31123238560803523
0.44684413228211206
0.1328400880807838
0.4822813774273707
0.10026172499006879
0.3156484565771367
0.0
0.19103160623638765
0.07519629374255159
0.4802741303133606
0.18002731157636284
0.0
0.10907459423739019
0.0
0.0
0.28702044533342436
0.1843821564637303
0.6072271611854683
0.27657323469559547
0.4194641446965707
0.7562688016837655
0.5368008306262052
0.42395025234633493
0.8496074125148968
0.3027805907417667
0.3765195762241893
0.22523435990995413
0.17640497356223986
0.699534379988689
0.47312410091906626
0.40476273889290415
0.4374130328185275
0.36248073304781303
0.19403786724228445
0.4586094032587747
0.19103160623638765
0.4553619209404844
0.5724961466095626
0.6887676143919648
0.5559093067771403
0.26362910899205
0.6159571241781081
0.2928303231100146
0.3160445996480357
0.053647823924131206
0.2899845864382504
0.0
0.40476273889290415
0.5
0.5131493830672244
0.1130822349057753
0.4223504243529927
0.3786848065797732
0.0
0.0
0.38557522543947337
0.24696084755162143
0.4240967788035461
0.17124252860931816
0.38057812052038675
0.3078494776576641
0.2925629218869673
0.1475706286678421
0.5005984744355775
0.09797563715511069
0.4034540768807674
0.37428085105210457
0.16958010093853398
0.7618101646404016
0.42395025234633493
0.44916890546849314
0.12858682134248017
0.2777998392083165
0.19178318422632848
0.3861179893706945
0.32740432922710233
0.21398626751412297
0.4464876607157993
0.45101218142244465
0.2708372452742261
0.637519266952187
0.8168061440069787
0.5352999790466519
0.0
0.23570627034368255
0.6917831842263285
0.4338579635514273
0.4603163481427945
0.3285508731885746
0.28163025280544635
0.2248366466823704
0.30896839376361235
0.5952372611070958
0.35758604222959167
0.34217577171143165
0.5002742478675133
0.24712228096930522
0.5516028861514015
0.4201043059619814
0.5098782413637533
0.33916020187706797
0.16958010093853398
0.5520674692304758
0.18471333411124943
0.2304124284047609
0.26352775284595026
0.09306635012777448
0.47096483095898295
0.17108788585571583
0.7164671251909395
0.0
0.24540469276375657
0.5
0.23236619102505157
0.07132875583804099
0.1843821564637303
0.6078854258115696
0.5383146468483533
0.2976186305535479
0.045735257283120605
0.3252526992253474
0.5713772305036143
0.31657919026573095
0.44615333563412946
0.32255027072806663
0.0
0.09715088992797466
0.5624447848939075
0.7697134266385707
0.0
0.08537162900374942
0.6271850757039005
0.6449922932191252
0.13443299115671373
0.688751818312888
0.5443217248117138
0.48769603325025035
0.5560906747329175
0.584087013832777
0.0
0.3903969859828818
0.6992148250297936
0.2877085577022035
0.4895527893621711
0.8919478208444896
0.5118454151792357
0.2799332247225953
0.23819820778873388
0.0
0.735976764291975
0.22825216697327425
0.3658605273994772
0.12421371516500533
0.3228912909134108
0.21636952372273952
0.29976260102459984
0.4374130328185275
0.18002731157636284
0.04374403946132689
0.2056710502486551
0.10699313375706149
0.17797955092314094
0.09715088992797466
0.5020409929304428
0.4852285575156707
0.21188269463562492
0.618535459626825
0.05050237483100388
0.4256704111907984
0.49406038645404315
0.2450201767671852
0.3100525684919982
0.16866376243851905
0.4374130328185275
0.2899845864382504
0.5454406409176621
0.6475706286678421
0.70122368201661
0.6131471873089194
0.0
0.23518263795437017
0.3952724161041861
0.0
0.4393341235725304
0.5197258696866395
0.3098450011671036
0.0
0.6164336315473431
0.6817616267714643
0.4317771947496343
0.06228319170440889
0.4333057080920948
0.31666973035190876
0.8739915141062368
0.21398626751412297
0.28175166219956244
0.5378190201679637
0.47036527590874033
0.3684592964389552
0.6077762917830584
0.0
0.2318227097370034
0.4832099083742406
0.6261806472104923
0.40631804560838025
0.6261806472104923
0.23644785398007384
0.23647224715404974
0.4021921660603315
0.27541554726575346
0.4802741303133606
0.2776445232478785
0.4249255179417205
0.5147714424843294
0.42395025234633493
0.2570501502929822
0.209002768839754
0.0
0.15979138807603727
0.27555194790868914
0.1951900222593106
0.597146809311631
0.15979138807603727
0.13831306781279834
0.4085331559079051
0.6917831842263285
0.4121943796963693
0.48099479807471573
0.404532827305685
0.5624447848939075
0.40777830872726784
0.40777830872726784
0.12488956978781497
0.38358243831530425
0.1281677155794042
0.6377336975146388
0.43225068686390716
0.15039258748510317
0.18148604598834192
0.50635411016099
0.7633095771284479
0.5191875134534308
0.0
0.12663167610629236
0.33860223490422975
0.7469385106043358
0.26481736204562983
0.5052542590313704
0.7053525251955467
0.15039258748510317
0.3321967716100934
0.6992148250297936
0.40324474028869867
0.44306313311567014
0.4797772989953547
0.413054740288622
0.3400259755610341
0.4909652101488336
0.0
0.5656025370158362
0.4997257521324867
0.25437015140780095
0.6302006455382642
0.3020041078807374
0.6159843357603678
0.22125778818836736
0.6131471873089194
0.2747962531309129
0.48824412735003436
0.0
0.5147714424843294
0.0698870609640136
0.3718104958026913
0.7817304471819317
0.0
0.27657323469559547
0.46824371364876355
0.4343974629841638
0.3809369701655963
0.29877631798338994
0.7968409771958099
0.4226415903341982
0.3156484565771367
0.23647224715404974
0.09715088992797466
0.465130863897488
0.6272927813351478
0.07385289357584718
0.30821681577367155
0.41087788743443904
0.24373119831623447
0.2738639687978906
0.0
0.49975791122648394
0.4124993376046847
0.5177186225726294
0.5234692124439265
0.17191175504073108
0.29294792653689594
0.19178318422632848
0.5313603523231352
0.3014953674966741
0.10277912027738763
0.26733470262691245
0.7201115801508596
0.3078494776576641
0.09147995393492454
0.3953925916924639
0.535389279202007
0.20108296795204275
0.21636952372273952
0.21001541356174958
0.7364722471540498
0.4238265318192693
0.23647224715404974
0.445301506412876
0.35363201647788495
0.3344624582251331
0.07020838520507416
0.30499570104129164
0.23518263795437017
0.3344624582251331
0.17100378350382184
0.5735398645885109
0.15039258748510317
0.0
0.0
0.04555266086155614
0.44916890546849314
0.33730226387985707
0.13777597395434457
0.3620634801395421
0.6187490064070271
0.21599512450093938
0.6261806472104923
0.40777830872726784
0.17498938954816867
0.41109838151379235
0.7204111954700408
0.40740112995912714
0.23518263795437017
0.5683139289241605
0.7618017922112661
0.295311114124298
0.4057762864863905
0.44223980914476896
0.08479005046926699
0.30078517497020635
0.14812190571250256
1.0
0.45825661063700307
0.5477082103781743
0.19005120283262697
0.5909837993393954
0.23307160834326454
0.13689914669196285
0.37381935278950773
0.0
0.5684153215661737
0.5531464693911909
0.5850262730744474
0.3736536258294357
0.20366130340075966
0.3741855367795572
0.7765732346955955
0.5074316408034651
0.5126681258761153
0.44916890546849314
0.4275038533904374
0.5136136934566427
0.32994051651253276
0.17497034802131295
0.03524434888057101
0.7648173620456298
0.1829599078698491
0.19687407608286536
0.5871285982055098
0.17259567077289767
0.0
0.6258144632204429
0.11442222950368638
0.3643788549992262
0.4237474300005159
0.7032502000644844
0.31005248584056144
0.0656025370158362
0.5070687187782317
0.660839798122932
0.41160216992961357
0.38146454037317495
0.30392770045487405
0.5914668440920949
0.7264208854383947
0.3482822966839562
0.4488846877288195
0.5764185626911366
0.3314243275548742
0.6099914020825833
0.4918452761545183
0.39523938186926316
0.5952372611070958
0.17943821561611775
0.1609514081992451
0.3213051487322551
0.5003500974873398
0.29925227437593915
0.31154672921232923
0.1842296482194776
0.16660824200237967
0.23508198823284035
0.5825475083252177
0.5164054718766451
0.24090885677657498
0.5482729615596164
0.2791684434614931
0.5152865557706967
0.9269658221806987
0.5226699169993737
0.062444784893907486
0.2765561384964868
0.8681297340391795
0.22642088543839464
0.04868945187953424
0.17124252860931816
0.3550077067808748
0.42734697415058454
0.8930068662429386
0.20293842246130966
0.6448998040495845
0.47354316640769983
0.5682228052503657
0.21398626751412297
0.4832099083742406
0.5114649149695604
0.0
0.0
0.3406679867942498
0.07519629374255159
0.3266323418254339
0.07303417781930135
0.26913294634772866
0.0
0.29846937907741067
0.283409761409121
0.6475706286678421
0.47895460414204755
0.41344417022941365
0.2777998392083165
0.0
0.0481888543129703
0.11853545962682505
0.5549717586269692
0.08961554885016511
0.6493192557745641
0.0
0.33916020187706797
0.584790050469267
0.7661060882946672
0.042395025234633496
0.6349409315034701
0.19766924486323595
0.43913663115379076
0.5689592967230985
0.5664049416765978
0.26705583187051296
0.9269658221806987
0.5569368668843299
0.20969444155627814
0.5538466643658706
0.5030155698343637
0.5400341304674886
0.08447694832226785
0.38955458747950633
0.5192397582137049
0.0
0.2054778771824477
0.49471830775525005
0.31997268842363713
0.30078517497020635
0.1746261343597426
0.6481448198499952
0.1460683556386027
0.3410075833342802
0.5356205519425685
0.07084208386587054
0.6724430478893367
0.5165798559848724
0.18342080973426908
0.6386367148351375
0.5932959431213256
0.5541508978845991
0.4940007685650248
0.34028401283828247
0.21748843982868782
0.2134829110903493
0.509221184536544
0.6144247745605267
0.1328400880807838
0.3213051487322551
0.6281895041973087
0.5413905967412252
0.433180477181758
0.2965752958198473
0.3739915141062367
0.15039258748510317
0.5145749813262346
0.3283789061310232
0.13863671483513756
0.4148741562260654
0.35972564102618404
0.1846774960753977
0.37381935278950773
0.3412950747582129
0.5817744806349033
0.7554560544794117
0.2588626916422028
0.19480739084641596
0.5129424937460377
0.3352017128824757
0.4209368318043136
0.5371068674075556
0.1746261343597426
0.18905858808433257
0.7635277528459502
0.6639761005444872
0.2356192083581714
0.27082514915096356
0.1556779249480163
0.754370151407801
0.4566005462719583
0.19975170820550475
0.5914799539349246
0.33187967215944036
0.3426462508614561
0.8496074125148968
0.6816778068457868
0.1460683556386027
0.44615333563412946
0.6697991692627037
0.10918487359727684
0.0656025370158362
0.5065267044251694
0.413054740288622
0.18322609171618134
0.5191875134534308
0.2596478354971167
0.5724961466095626
0.3296697892945229
0.33912913969659103
0.3034354066320876
0.41229134888955404
0.3496074125148968
0.8131504248867734
0.6575149427813637
0.0
0.24696084755162143
0.25545605447941166
0.5191875134534308
0.13494093150347009
0.0
0.6695801009385339
0.1460683556386027
0.445301506412876
0.3749529726563863
0.4729444943080995
0.2859429613070872
0.1130822349057753
0.3078608070117127
0.21167089265443892
0.4194641446965707
0.2799332247225953
0.23518263795437017
0.0
0.7087433092772377
0.3994946955825924
0.47733008300062624
0.2923950252346335
0.7201297197927469
0.7648173620456298
0.6475706286678421
0.220352862009455
0.346075261171168
0.04868945187953424
0.9110983815137923
0.346075261171168
0.4936458898390101
0.21459908668403294
0.11785313517184128
0.5250654497784136
0.4301574575216843
0.0
0.7268591497706847
0.15392473882883204
0.503234998707591
0.6069931337570614
0.6106886650461973
0.6937128253755396
0.3600546231527257
0.19124751703754828
0.4042761993541709
0.587041191387542
0.09147995393492454
0.27657323469559547
0.32651788016101274
0.4895527893621711
0.293938393920063
0.5608727372947558
0.5
0.11442222950368638
0.20423925185097375
0.0
0.28288494800895453
0.4777969167122055
0.19225157336910628
0.6503925874851032
0.6532819972288417
0.5552089544308872
0.23647224715404974
0.5722318102203325
0.7227265703297249
0.4510484336584629
0.4262574118213207
0.4182752241903967
0.6588294182333563
0.17589431572708103
0.7234267653044045
0.5634538798557499
0.2989170320479572
0.33761573916084237
0.18906468541275154
0.34028401283828247
0.6630368516819163
0.8347367060926464
0.7264208854383947
0.6515321945253945
0.44916890546849314
0.8694152006183433
0.2530614893956642
0.41554882022320355
0.14858638122922851
0.6164336315473431
0.41109838151379235
0.4934732955748305
0.3133431347086175
0.10353276752934305
0.5089324456097069
0.4488846877288195
0.5191875134534308
0.5153952051634867
0.5624447848939075
0.25717364268496035
0.5098782413637533
0.3524293713321579
0.2654716930516982
0.2952424280745283
0.5551553263780074
0.4989955715065918
0.433180477181758
0.19134696355561623
0.3620634801395421
0.3156484565771367
0.2573857212421647
0.9269658221806987
0.5305071654326842
0.3273629133331667
0.28944294843461527
0.5258730948234184
0.35648977733328785
0.4852437639658152
0.14094466013099055
0.37428085105210457
0.30494548694231527
0.45825930577143487
0.7573857212421646
0.2557324574847802
0.08447694832226785
0.44390932526708243
0.0
0.21308670404296523
0.0
0.47096483095898295
0.6381800768654604
0.05176638376467153
0.35123898936769543
0.5441129742615572
0.0
0.49168797774458745
0.0
0.5253379174863518
0.47523648182157696
0.6298964490813285
0.3196184275788678
0.5516028861514015
0.525099617793434
0.45363844526920843
0.6455709459479493
0.2074370781130327
0.5958009377227255
0.0
0.6665799563385328
0.0
0.20323160937993565
0.37101363311580193
0.27958880452995916
0.0
0.178214207332949
0.33479005046926696
0.3496074125148968
0.4412798278025548
0.21748843982868782
0.19687407608286536
0.5191875134534308
0.0
0.0
0.7359850426151319
0.6539247388288321
0.0
0.2571030931790194
0.44390932526708243
0.4101205921358334
0.2932492863294247
0.2532633522125847
0.5943455249169141
0.5867473632408541
0.2546659709522182
0.2946474748044533
0.6295898737974851
0.24049739903735787
0.2656801761615676
0.38356636845265696
0.25437015140780095
0.5117558726499656
0.35123898936769543
0.0
0.34217577171143165
0.0
0.0
0.32135761167146276
0.3494929421268312
0.0
0.1563235790175495
0.5544857073824019
0.41725008753817106
0.5936819543916197
0.4322558203321912
0.28374495551387136
0.5643320538847315
0.6843515434228633
0.15782422828856835
0.28702044533342436
0.4810161926746381
0.47813538091415714
0.23905058260276665
0.0
0.686552615267983
0.0
0.0664200440403919
0.3994946955825924
0.7020312719591122
0.40487232865356276
0.2601836609935472
0.42734697415058454
0.4332397755543218
0.33916020187706797
0.5093912618658782
0.4381974522303871
0.40476273889290415
0.11305340062568932
0.30771197362347286
0.38146454037317495
0.5519887819613489
0.3903969859828818
0.45134116116133277
0.0
0.5995516523014631
0.5089324456097069
0.2850281291337786
0.3273284684163796
0.17259567077289767
0.26733470262691245
0.3883513765729514
0.4249255179417205
0.4295620844501094
0.8199726884236371
0.2043327878081127
0.3524654289401047
0.35262298234926054
0.39549765841971984
0.4808124865465692
0.5829857426532515
0.33916020187706797
0.565836368734518
0.5549567803923457
0.5104352782364687
0.0
0.740939469817442
0.28792315131454926
0.26804241418474123
0.6356211450007738
0.10699313375706149
0.5060958024806627
0.5089324456097069
0.630401316308652
0.34185017097036435
0.2356192083581714
0.529131367667486
0.2440604555988316
0.24726231758447018
0.4597907223568957
0.12363115879223509
0.051389560138693814
0.23518263795437017
0.1748037062574484
0.5191689040117291
0.4565043339465485
0.4770599713294922
0.2532633522125847
0.3423780096165028
0.39624717773653606
0.14594057973174118
0.25113140675598156
0.6031751592619361
0.3614638865123025
0.21398626751412297
0.2200667752774047
0.6917831842263285
0.04373502467722413
0.5296347240912597
0.1312050740316724
0.12678149370834263
0.49975791122648394
0.36809467540095875
0.8304198990614661
0.44990982438104515
0.4085331559079051
0.1475706286678421
0.48964000486882264
0.5127610625947535
0.0
0.689314018030839
0.5750744820582795
0.2842854363942568
0.6157334365726634
0.0
0.3776884321276741
0.17797955092314094
