0.6445783832858971
0.5108683167605277
0.31120385344367885
0.484969478681976
0.3150331525560122
0.1949770592022101
0.743471104858009
0.667906986507324
0.5091315875718446
0.6295244121000524
0.6037710216365548
0.3107501071286882
0.3810763039655383
0.4558491332953432
0.4501097131587913
0.3856459555538515
0.24317708824126316
0.29310273299178613
0.3753192538925773
0.27107288167464894
0.0
0.6390131077014038
0.46063250759621244
0.0
0.3767388962667222
0.5091400994663176
0.2861902464428058
0.2878214202934649
0.12118140664253083
0.5679289036424665
0.7595896329698876
0.3570575696138483
0.20449936461872728
0.4707705242815276
0.45699790852118194
0.3178572225271144
0.5487554929993007
0.1185843284841132
0.07768953991948874
0.31226309700011234
0.44810078249188967
0.453601867437268
0.4740306019073179
0.3027827931038403
0.4242995034821565
0.5337543536528062
0.37177399161354524
0.5314151363399319
0.5362304241312031
0.28370612723041666
0.5651126152313759
0.0
0.4925244896345652
0.5020845595500425
0.510257091242616
0.1666405519026105
0.9301909255394102
0.45073165218437083
0.5995544799979954
0.503843575305765
0.4686741021829436
0.13274850005735864
0.7146622969241759
0.7459888530365443
0.32358670170114356
0.721399734720054
0.047264273863216376
0.7625836364539794
0.2091666183959098
0.5149713985616097
0.37194541941239695
0.5053166863721374
0.34647418274453035
0.46312394114292943
0.1008249318862075
0.3395413534570779
0.37071950022147115
0.6013745089636873
0.31490005656085046
0.13477387412079928
0.39553073213648626
0.3780791915597699
0.47001285806591925
0.2859452170096558
0.4156932904590426
0.34028139218425535
0.4148585240758208
0.4762855686985712
0.3819463019768236
0.1945960143463689
0.35309080488779226
0.2747623838516333
0.34761707368379596
0.1849930988388903
0.4557552123121956
0.17176729645317798
0.5304815106909129
0.6697024399462906
0.22903403978557635
0.3593658624907614
0.16354138397001033
0.41033046869941087
0.2539426756691439
0.3651764108711136
0.5394929521018025
0.0401823686989812
0.3004726786990978
0.3157877815496025
0.5419775971154084
0.12937084661993076
0.21223850739551034
0.1977698495950449
0.06515091609408258
0.2381522535194705
0.5299045318988955
0.209968192459648
0.4859208828058541
0.37907305718981876
0.18939166964647733
0.20158379411886004
0.6197961371337946
0.41842175209157867
0.0
0.39731627195148356
0.27323117395641006
0.20111962182178936
0.5340499021189863
0.5123526273891149
0.2926003289339306
0.5323851766868367
0.4606100947632813
0.4936007220688264
0.32041764815389057
0.4146541439770185
0.2953316684667718
0.38503764717429834
0.3930993521400244
0.6209298763424707
0.6127063480972378
0.3344452084023144
0.43707956492733213
0.42351386596660273
0.419870239728925
0.4250962994995357
0.1975342616397952
0.5395000627014892
0.17947710414944112
0.14029937159587383
0.07886907736712256
0.17954774523106265
0.4585718542465967
0.5235088167747468
0.4968547662643958
0.7586215464553537
0.6303972872612933
0.3258496142593194
0.23383377989127674
0.023722651372927978
0.06468247039778459
0.2782203972751987
0.6020819127314317
0.387543373361337
0.3647615565747884
0.32718671662328175
0.30299240003160244
0.6425530500503184
0.38340178288824645
0.5128292351876901
0.2334360232512895
0.07678279812936802
0.3911228087240985
0.6280771606491273
0.3802667422204313
0.2757102933356982
0.7091005967124612
0.3975441265874071
0.10517431670943896
0.6224989889858827
0.6102396057848478
0.5073589133996584
0.21094478662217073
0.5316473306203843
0.37857524895269606
0.6150735887688319
0.3932892266694422
0.5095563585311238
0.5185124707944933
0.18013321794620432
0.39449225436758034
0.22644586309584055
0.43426020586375663
0.34634569738719956
0.3060443645954992
0.0850831254206701
0.5900610642477502
0.2898094435300387
0.25385905512557333
0.6554778933578815
0.39587446441890645
0.376273918108461
0.736914363787941
0.5138722090237959
0.3494986886608111
0.056041212778664
0.6394599810244319
0.5380947538268539
0.48412732040561185
0.274401336808862
0.5874068535195838
0.48393693245435176
0.535699056779867
0.15696561755493724
0.478482405089459
0.5092044287633287
0.4473098959663317
0.0
0.2462300063029382
0.6129409063454175
0.2940065089362671
0.43894360481986777
0.44444780350703844
0.35171546130513553
0.4972231662980972
0.1574693623373557
0.648305016959783
0.551355915970759
0.4969221509576833
0.0
0.5615752763139636
0.2770654534430956
0.22002317971831384
0.2969016068261388
0.09127951592529174
0.18130005905252192
0.5098071504772206
0.4489542212679388
0.4118556721164123
0.6580492702015132
0.3817601399700845
0.3675451213675372
0.2662718992722633
0.44806679083704204
0.14199126324085418
0.10547505895037132
0.7327777950612264
0.3379841424332329
0.22676819624851122
0.4405205972144795
0.3557126609262506
0.5331661805139298
0.40350202872429053
0.09884606631587264
0.14185627505488366
0.1917203455013912
0.6701833761064155
0.2389984969237162
0.0
0.25255415430951
0.6253429667056876
0.39825835847299174
0.718676238617618
0.16121528523322595
0.18293903420841987
0.4558304921687362
0.7385567776997191
0.46582050694834426
0.6625421976772333
0.21913061724371247
0.13115366090984937
0.16296602270224406
0.5205617648264778
0.5552720516495645
0.251325769890855
0.6580400366138865
0.1065254504576927
0.2793182412114371
0.42820351253070554
0.10439797208087977
0.11467927529566611
0.6224878130035143
0.506111188646857
0.4814584616413729
0.525952127332295
0.44954993571775254
0.47034720868826513
0.3102692271906577
0.5874543770799646
0.37591423668205015
0.46563174907793803
0.10549462965081717
0.5199793404577395
0.29798354417317396
0.41573323315131644
0.049941401470850695
0.19231730940983405
0.1665859034588727
0.5061868789239362
0.22227876656402212
0.055204363047427055
0.19472593841997085
0.11441962975850503
0.0
0.43411708994736237
0.35273567303766556
0.4676009787410371
0.32990857614511876
0.35730843470807466
0.6858732400084084
0.5753742861943686
0.37925134475195243
0.7947140121328335
0.3648512639424214
0.3570494600731126
0.35655608786993487
0.206183160452544
0.8222015573703284
0.4239333202668621
0.4414806040973443
0.3953765090651563
0.3121603193490264
0.3167174648382209
0.4409418965291456
0.2950541030016994
0.4708106020138833
0.518294135276345
0.6507528095462999
0.4570318720529796
0.35460795011644425
0.5798691976201369
0.32887073244800763
0.4656824003530305
0.26919776374202564
0.2587032577125545
0.22815509796225347
0.4471747738232705
0.4133465675336694
0.4133158230215781
0.13758985993236264
0.49390395703559703
0.3825808728221867
0.1433048836175513
0.23424244591712554
0.4366897408904458
0.3274853282371377
0.48618793743148947
0.2886545804418122
0.47068498276524917
0.3327216173656025
0.3611255639986891
0.22360635081661215
0.5183404449172455
0.12192845361333414
0.4517176174179231
0.4113804877010338
0.24676163946890345
0.6436957520730304
0.4412938262969408
0.43520370442582806
0.18041939124790457
0.28015342103751695
0.18807495027025897
0.5273704856807886
0.32025890019176506
0.16842717722103237
0.40002705488374424
0.46257649837945664
0.2910491681317325
0.5270992631842967
0.6007658777249717
0.5565142654539446
0.06801744406256958
0.3004549231476939
0.5817001800939291
0.4904390123174647
0.38056554269584975
0.3305810280620645
0.35154246236739023
0.2857038462494979
0.403616595531633
0.6392720601616637
0.3754007555619617
0.4367820097994475
0.5334269513520195
0.30248081513234143
0.6158490321465371
0.49869805002432466
0.6116804111711797
0.3300229783802256
0.300293133278301
0.4955987780185957
0.3615136359264022
0.2967934022412425
0.27508614101428897
0.14593416644959178
0.482415262140557
0.30601693795303564
0.6881442248835529
0.026194910764867012
0.2329479173515551
0.6016194679198936
0.21713044337781448
0.16047858684287578
0.3577494074645019
0.6068105106515649
0.6356189014819523
0.3130842273006258
0.18843676371544102
0.4002521396239171
0.641779432427822
0.2899531502547752
0.4334512308219278
0.3305991227648436
0.14782949149021504
0.09287008717056579
0.5117712409776651
0.6252368569056502
0.0
0.3744528612608975
0.5738994044677128
0.6356355966327785
0.24576466325634616
0.6336866674879369
0.561578356603541
0.4420336543935805
0.6067096915307761
0.5600765077037236
0.07328439862705116
0.3713837614725534
0.627688291264354
0.41967220361113655
0.4267380425706463
0.8396200488606833
0.5394198464527244
0.2267132781671573
0.472515652081998
0.0
0.6729121822639869
0.30937530218129083
0.3109028746993032
0.1851017276654673
0.3756072577996979
0.3457735513085033
0.35026551291356633
0.3503771320295149
0.14995251926032305
0.05875869145979565
0.2056710502486551
0.28164739784393
0.19157036996481955
0.23221823455692014
0.5539220570428827
0.4169292519572209
0.21398461113960565
0.5469199761553503
0.06297510084263376
0.5041973925605288
0.4389808884681526
0.2881157885667817
0.3332410504591228
0.11578602478649626
0.415314638324341
0.2636276086488714
0.4354850368488214
0.6003140058847947
0.45504618676448516
0.6131471873089194
0.0
0.31141872001355086
0.49482250661392463
0.07839826893635371
0.48363780462984485
0.4377070104782327
0.4076858765928308
0.19293446485689858
0.6434001837441493
0.668247114700706
0.5384133694817804
0.1297669110365051
0.3043333414748527
0.34221255222318686
0.8240696887856975
0.17067283856702653
0.22739466175929196
0.47082988253440783
0.4472539340797777
0.4812249222851937
0.5578703602357787
0.0
0.21875026984193185
0.4814732531770339
0.48811798383760135
0.43348564880666046
0.5843997786779322
0.1975349216293254
0.22565430513275037
0.3481184340266334
0.2397437552479822
0.5325497689584066
0.2549715141288939
0.35308460389977364
0.4099325378302035
0.33368844232083666
0.2895611861907073
0.2623641807018404
0.0
0.17233131503140725
0.2394906873848655
0.1951900222593106
0.5982957087559849
0.22026003765035665
0.43856948659599687
0.476535608678385
0.5469845688169984
0.4330227637399922
0.6285900458527652
0.3623268470180069
0.5724339706405289
0.4018839727816229
0.4336943662409268
0.17140526223537889
0.3959481261547652
0.21462582228877636
0.6225589696247873
0.44139629514423173
0.23972982007890706
0.14074267022268938
0.5032630839384888
0.6671755274805993
0.4555448719955087
0.14432365495685698
0.13706568345233774
0.4638248266653587
0.6676349370481315
0.31622179840020653
0.530896785601061
0.6501404280495301
0.10437216653605813
0.4187419828825967
0.5202685807769958
0.3976930115110851
0.4545331901938558
0.49643403166527367
0.5851652784359453
0.3078328319523346
0.43671544347500707
0.0
0.5666695608412542
0.41318400385418635
0.33740963811641084
0.525967357093283
0.49030265384197447
0.6692568827796476
0.24555482324808747
0.6131471873089194
0.21838927199552383
0.49172161210123105
0.0
0.5883719693128314
0.10877678116062149
0.37433157924892113
0.865789218650147
0.0
0.211287497608745
0.3916156360212469
0.4925219056668308
0.3606205876670542
0.31127746229549985
0.731681422214862
0.3832736808200867
0.45072835995802213
0.351927438288898
0.18484370373406628
0.40282533014399446
0.5007848891799074
0.12975043279067322
0.3835842086291403
0.47814428524577884
0.3450912899753388
0.3370425183507844
0.0
0.4723987614370961
0.567515849357022
0.6211841036530655
0.528688626814171
0.2539667098561323
0.21529792687667032
0.22410728092340798
0.5509082949269392
0.3013869347625658
0.3158948606414352
0.3270464461591819
0.6096587028069834
0.27398065732444504
0.15951019961374846
0.4153896310906759
0.42895295998574656
0.35008069695498306
0.18865890336769134
0.37531107783445894
0.7161451983481477
0.37104580696328
0.3201663721125732
0.4907197909035842
0.38940774351898416
0.3584315215027091
0.19337898780428076
0.36097745965912625
0.29754171278499636
0.3013792045219511
0.18742138975449013
0.5839348905948615
0.2680281602902627
0.0
0.0
0.21967511691171862
0.43192063470147285
0.3008478562958477
0.2888516178625836
0.38336678085459164
0.68475146903326
0.2552462863928678
0.51403988172237
0.4507913899203489
0.3199881938931995
0.4392148331907111
0.6455489565535572
0.42815562999486667
0.36286726405433994
0.4761635257336098
0.5261676285417836
0.22473629992116448
0.4057368288680711
0.3702982800527403
0.2701443339054854
0.26435728019662225
0.2611557025642032
1.0
0.3419830076350423
0.4752390848948818
0.18268574531900175
0.5988233715234746
0.2982461040157037
0.39854990171324406
0.4261557661459686
0.09790764741000471
0.5568019711145469
0.4283854308527436
0.540422819097789
0.43883478935188786
0.3837028573924527
0.40481227424493754
0.7087703247656357
0.46972916317045205
0.5129638286903206
0.48495797471515756
0.51475131107254
0.5361304624939105
0.32410710949732835
0.24766221854628334
0.028494478186808968
0.6371327359456601
0.22329766557054384
0.19708847381065936
0.6688889411602363
0.35444085037865375
0.042472445900610056
0.5557555028808413
0.1676374677748209
0.37645187260849833
0.46262092551231787
0.7529139166943292
0.2509031012238003
0.0902183598264066
0.5318635461476184
0.5692805599601801
0.5274832646073472
0.31813439292799306
0.37003014494279424
0.5386209699985374
0.6816973457383988
0.37395130853132635
0.5502554051346827
0.4379442723293161
0.31260974570376987
0.6594353930104341
0.5519995380208402
0.4880894791130226
0.5582476168374656
0.3016088445330403
0.26254956271701263
0.3768210340937092
0.45390097854434663
0.4286013737117222
0.3358347873723147
0.26019733919576116
0.2533584664204126
0.264485138731192
0.46346433124154635
0.3635014008778515
0.35275805603064586
0.463158309263908
0.25337090153648323
0.4577501326318016
0.7835316690712315
0.6319736479025246
0.1418320371765515
0.42331416538648475
0.7721601538543718
0.4192940775507819
0.25347119133805546
0.23390207060952567
0.43297430570166756
0.36569182500279585
0.6778367483116747
0.2739315704972434
0.4878324229496796
0.44339502131640146
0.5718503484729107
0.2539426756691439
0.6044073857496868
0.5577070813950318
0.060129840609899024
0.060129840609899024
0.34513633244565967
0.1350523454875199
0.31799884218667146
0.04895134542941137
0.2501175138367402
0.15860863034862205
0.3711487660788153
0.3534660095622495
0.5597665196505017
0.4361916038965986
0.5297211054610266
0.22454646009185147
0.05968602448739383
0.12407311406258441
0.26783608987830215
0.6384048666031321
0.06969137288114338
0.6922232902542269
0.0
0.3622270849554485
0.49456895769421
0.6853999164268461
0.06907910779650499
0.616881650648794
0.2858839746273686
0.4851902227103305
0.5272919996427757
0.6368907568064975
0.3961454569189509
0.8480811303915401
0.4819196485871105
0.3459236281774019
0.39253569976049896
0.49999054812697297
0.5908685160384364
0.16715954776208106
0.49459892235282077
0.5129984069948343
0.076801900871673
0.2831350836867186
0.42051836369948137
0.30925984783009164
0.29609317778970745
0.3120068984340011
0.6351500722259541
0.09478836774187899
0.25291263851739026
0.5490227961292955
0.10253239713509749
0.6004838993700796
0.42613965055730824
0.2748311501621138
0.5269945854410786
0.5126045985036422
0.4661716284399045
0.5070205423382192
0.45160682282901604
0.19545145909175574
0.23471816339161083
0.5163866877608803
0.6060642423672764
0.16204806530088808
0.32027257567419265
0.6175137828609599
0.6657119170769666
0.5102971542684187
0.3291775293680681
0.4781630405198499
0.30297275509078636
0.5650714261182108
0.32674082234443935
0.12916487585594466
0.3433500929315107
0.3965814711832609
0.2829718809492226
0.4621880967991176
0.303522572815144
0.4778345772013542
0.6746642991250251
0.42112710322756386
0.45423739180400585
0.570410795708058
0.3783708772315006
0.41463178900727343
0.4668714319436869
0.24728758385514588
0.1905363410645033
0.747355541111236
0.7105626039615934
0.2903555011111839
0.3817284840440002
0.1836672161232102
0.6332584289340658
0.47500352805427093
0.24820379077279797
0.562548065539472
0.4342851989468121
0.45113180354629456
0.6523069113033546
0.7096612198569477
0.19931305347939943
0.39853119467378756
0.577371123018602
0.08097835889064542
0.09612711704411879
0.42503507601946117
0.3292503147661561
0.19280633147827844
0.4654807253436204
0.32712412272010577
0.6448121043169333
0.3497846742101129
0.3766173781436715
0.2520973829373473
0.3744802070292328
0.359845572003424
0.7491119435204177
0.6175796261165031
0.08148406428894601
0.39702070952993546
0.22337430294531976
0.5789773880171961
0.1630265835737804
0.0
0.5372415163958275
0.16131437247811353
0.47455605574551196
0.3545859305890818
0.5779313190391533
0.2899538775099715
0.08794072345891697
0.42938508238750456
0.31437893698165864
0.41559443670672275
0.2267132781671573
0.294752760876697
0.10030274854367528
0.6866609146609944
0.345783242597631
0.49259366600100163
0.21762978133911465
0.680949027498289
0.6322611677798964
0.5044691139098945
0.21297322727935092
0.3649132240869348
0.12444469604645635
0.7167629592086558
0.2991719070066695
0.5578539610749441
0.33545010504084866
0.20142165311987728
0.4113806021053979
0.4251656785198393
0.06362078691860773
0.5733177685896587
0.13390059127146672
0.57573001808458
0.5729860713434066
0.5752793186233429
0.5453010292304125
0.3745564804971349
0.2530918268057142
0.3667490260686028
0.5680282094378415
0.13904043071637312
0.3501397496486786
0.46606881918483667
0.42921164327765376
0.36319110165109464
0.5184691284263284
0.5058196392728258
0.19896808077294784
0.2484803488559252
0.06378618172860263
0.4235821105053104
0.4473212581774526
0.29260406551863594
0.6233328701412675
0.4775420821593697
0.42976395452042787
0.17763102680455203
0.572518766526278
0.6989671624458192
0.469015902632633
0.4042249325561218
0.3883315794587598
0.6510738406416603
0.23147992480344182
0.6469550325336946
0.6241096765053885
0.3651296997926023
0.3845810406986844
0.16705131456311248
0.3812383029612397
0.6686503823411172
0.7358905189426684
0.6516094976102612
0.6126934344919338
0.3895445033504791
0.7049896946142649
0.413668549705849
0.45270006106149696
0.3856191087510586
0.5404639964480373
0.4745279090897289
0.4099998028611073
0.28902556579635447
0.2850867886144967
0.5756521344667076
0.37414138113179307
0.4930977569436669
0.434479484943377
0.5453129032975339
0.27512165405804256
0.5734669479880045
0.3643729182161875
0.33865568789292094
0.37312753537221366
0.46439445978560906
0.4236258953308123
0.4642137719833087
0.2521080748961385
0.351592065658307
0.3028988684678071
0.34135948106658975
0.842397153733403
0.4721371384574878
0.41634723996395107
0.26349521899285666
0.4903830811976091
0.4433378221536929
0.39586834631549755
0.21010946161662458
0.44493517582144926
0.3290245758578413
0.37227685290409457
0.6708596130878072
0.24423811108672497
0.0626534098895337
0.4567639959993564
0.0
0.2534326627549059
0.0
0.5146240994653485
0.6022100571228719
0.06141070547891652
0.36873240718839906
0.5339001471843365
0.10141805247807037
0.4398274620360764
0.11392228672856268
0.5491836880477006
0.5411291176423357
0.5486376369954167
0.2538474486868227
0.6008510792281968
0.49822865680217154
0.4050591182190329
0.5496934529524353
0.19571229756574085
0.6066005142411298
0.09667736362437157
0.6634188628256716
0.08448923444225721
0.2018209813225726
0.27362238843583014
0.2573150987177954
0.0
0.18377584427716914
0.4472041267567606
0.37179556169296885
0.39823844352846777
0.2098215491516761
0.22344957333468216
0.45619395045619615
0.0
0.07391474574510752
0.687194908302456
0.6707494274295879
0.025767834994824653
0.34789932545604435
0.5572331600410889
0.45564282068106426
0.3199877971104469
0.23230604207954392
0.5842196898860038
0.5938311005934594
0.215375795871714
0.34985957195046996
0.5900599996676739
0.25646806688341167
0.33241096981645146
0.33260413370335984
0.20426795686154656
0.5461782604231087
0.42886224779829807
0.0
0.28195694357369605
0.06425604311212003
0.08372491383951637
0.3203486938851806
0.36407058027722716
0.0
0.35720921137801714
0.4151670839496175
0.47544372337128127
0.5709867683149754
0.4316532298639301
0.31292830728360205
0.5748386116182507
0.5527276803545771
0.20729723729694766
0.3632769077676017
0.41841674437426557
0.49358125647455786
0.42239843488448886
0.10572513920441139
0.6294545508389341
0.0
0.14008886023489306
0.4846803391796658
0.6402372173921034
0.3998372176733149
0.38848101819754727
0.5081884302412744
0.38323187054830143
0.2200917631911596
0.5157324218920342
0.4273456584309252
0.2917356919141906
0.21531570018567034
0.32576409904421455
0.3847314335679527
0.528359626800358
0.3268590256728369
0.42944115237725705
0.0
0.502561306159159
0.5029049934720181
0.2577879239313193
0.30005059157907726
0.3329265630799179
0.3561752715808189
0.42905285404812915
0.44723791269769675
0.5123471140573986
0.6729247686332673
0.3621364088087698
0.3125874342357292
0.29667091060794337
0.5172925134793247
0.3486963646791048
0.548785361446431
0.31815638232150795
0.49771329730778396
0.48417103430673214
0.5065502337581596
0.07739312917869716
0.7646023034912706
0.26726926888463853
0.2446632201568715
0.6654784374473108
0.17263918891516342
0.508962458675672
0.4432189689846242
0.6297414898726685
0.4084755883580411
0.27996080236586324
0.42889539580636593
0.3655302287258023
0.34431090980944973
0.5007976975037501
0.14300519250978438
0.11355371634601075
0.22849853520565253
0.23947348929479198
0.5383287045779671
0.5473944935797953
0.39146722113082855
0.31814136474676613
0.508504901292513
0.4506867532435718
0.22852615353489825
0.31289645472915845
0.6579989095580383
0.35437825938550405
0.24142078049710622
0.21882592511632917
0.6260426617930597
0.10977367660506622
0.44399944298885674
0.15850703828379173
0.14821529853624377
0.44475731101499444
0.40641295129822214
0.7131031853632007
0.4274544300698431
0.49344640788834354
0.2590316296857794
0.4929502659609958
0.5320467536352466
0.1079711484053181
0.6540584443987837
0.450847193284644
0.34587891998506165
0.5715482322160566
0.0
0.3694131948563083
0.30969001553800674
