0.6413927206264503
0.5146535280195463
0.3362155322483009
0.484969478681976
0.31828365416035864
0.2991238930330021
0.7474467160914727
0.667906986507324
0.5091315875718446
0.6295244121000524
0.6307409334283088
0.3132284683003006
0.38916986121200886
0.4509030164051835
0.4501097131587913
0.3856459555538515
0.24317708824126316
0.2887934529173221
0.3719856944776195
0.27107288167464894
0.0
0.6390131077014038
0.4592243456978554
0.0
0.3767388962667222
0.4946942770660118
0.2861902464428058
0.3267950475937894
0.11777999022146127
0.5163392806022854
0.758403448328289
0.3570575696138483
0.22565069533784607
0.4707705242815276
0.4597759840115389
0.31556883389403784
0.5487554929993007
0.1185843284841132
0.06978418968337607
0.21938197344370228
0.4531350507763319
0.453601867437268
0.5008093840647672
0.293975406775609
0.4242995034821565
0.5337543536528062
0.37177399161354524
0.5334034389292527
0.5758359834818206
0.27554757421582454
0.6369804442021721
0.0
0.4925244896345652
0.538703968761648
0.5119636345872038
0.1666405519026105
0.9321572758875472
0.45459265707815016
0.6007572533679117
0.44961488208886785
0.5748657227706173
0.12734160524703997
0.7146622969241759
0.7410625720474413
0.3152014139772995
0.722458733680993
0.047264273863216376
0.7912404640560778
0.21018440285536877
0.5170257324475377
0.37194541941239695
0.5086735924068119
0.34647418274453035
0.46312394114292943
0.1008249318862075
0.3395413534570779
0.36928890494678096
0.6013745089636873
0.26934058521075155
0.1338426572499612
0.4021565261293465
0.39869323287607755
0.49272893924442246
0.23108306194935987
0.4793140773776503
0.34028139218425535
0.45681383083164834
0.4762855686985712
0.3618883939043931
0.25277930823886285
0.3560404654060576
0.2747623838516333
0.3278596283693933
0.1849930988388903
0.4557552123121956
0.17176729645317798
0.5817189791273989
0.6697024399462906
0.2894479806409098
0.3970278628168232
0.16354138397001033
0.41033046869941087
0.2539426756691439
0.32164468493667425
0.5407949020774778
0.06826863906317894
0.29808767936895225
0.26703394917876755
0.5448615172311781
0.12937084661993076
0.21223850739551034
0.1977698495950449
0.08221130476359215
0.25693167028688557
0.5299045318988955
0.2054329333593825
0.4859208828058541
0.37907305718981876
0.18939166964647733
0.12471309764035189
0.6197961371337946
0.37788233712105734
0.0
0.39731627195148356
0.2857530691284478
0.15380194701227662
0.5351277923256827
0.5048729214708448
0.2926003289339306
0.5892362554734693
0.46274423779518403
0.4652990563087131
0.30500875104480135
0.4146541439770185
0.22459158244549757
0.38754587168494997
0.4244425403683036
0.6763916228044106
0.6260135833649106
0.3543495325121647
0.4711191543203101
0.4553242594259066
0.419870239728925
0.4290028415639528
0.11447561986630184
0.7338910124953565
0.17947710414944112
0.10751299978577132
0.08033153522854944
0.12223409002686586
0.4585718542465967
0.5262570402887167
0.49826083896491036
0.7586215464553537
0.590882396632488
0.32150508541229633
0.23383377989127674
0.026268313560169093
0.06468247039778459
0.28108243832727686
0.6020819127314317
0.3905009715820845
0.4491003857624898
0.28027249181756586
0.30550957287471175
0.6365982105903231
0.38340178288824645
0.5115125158114716
0.22740818468275903
0.07678279812936802
0.3911228087240985
0.6281757347621122
0.3802667422204313
0.30148042830956007
0.7377574243145595
0.36573373312810326
0.10807953452706576
0.6310099675327028
0.6102396057848478
0.5145721704201347
0.21555926151117288
0.5325932904115903
0.3794762652423372
0.6150735887688319
0.4412324535486761
0.5095563585311238
0.5185124707944933
0.16938390153352859
0.44843207795108836
0.22644586309584055
0.4361260754777762
0.3652351651173533
0.30405606200617835
0.04439937014166628
0.5583777489408681
0.2898094435300387
0.25910847519806546
0.6554778933578815
0.37236989300901374
0.3914032899674293
0.736914363787941
0.5195430845033143
0.3494986886608111
0.05381371558931289
0.6394599810244319
0.5380947538268539
0.48412732040561185
0.2869762958993127
0.5910480395765345
0.48393693245435176
0.535699056779867
0.15696561755493724
0.4794323169759039
0.564605221467847
0.4473098959663317
0.0
0.2599749461353077
0.6129409063454175
0.2940065089362671
0.37056852263842777
0.44444780350703844
0.390298497722827
0.512480680151798
0.14512989290621187
0.6544040953717042
0.551355915970759
0.46969634388162396
0.0
0.5615752763139636
0.2831416402108064
0.22002317971831384
0.2809769678890005
0.11140669373749039
0.18130005905252192
0.5098071504772206
0.45064344286574043
0.4118556721164123
0.6535140111012476
0.3817601399700845
0.41085402744335536
0.26467906794253987
0.4290136600181272
0.17387453665644334
0.10547505895037132
0.7327777950612264
0.34301848811945146
0.27041937211889977
0.4405205972144795
0.2994995861775032
0.5883010970878653
0.36567026958022236
0.09884606631587264
0.14185627505488366
0.14573431181793867
0.6701833761064155
0.2389984969237162
0.0
0.20628649278030597
0.6253429667056876
0.3744111977130712
0.718676238617618
0.1782570057417341
0.13963012813260167
0.4558304921687362
0.7385567776997191
0.46582050694834426
0.6297929367484396
0.20735142546019095
0.10807059605640384
0.16399541495242093
0.5279443870573562
0.5576803285493592
0.251325769890855
0.6580400366138865
0.10570991184967837
0.2568211354557846
0.496514470750992
0.10439797208087977
0.08822989708745661
0.5893607001679921
0.5605628027989756
0.5489497789083304
0.525952127332295
0.490164594759471
0.47034720868826513
0.2552462863928678
0.5908574591191532
0.34569234166415475
0.47362058452531536
0.10549462965081717
0.5447944872492428
0.29798354417317396
0.3802032923075468
0.047264273863216376
0.19046540066757717
0.15107604687520101
0.44661995977521
0.22063313709272783
0.050584519316122796
0.25421968757146585
0.11990623538092497
0.0
0.44086193604466534
0.34115209012506625
0.4676009787410371
0.32990857614511876
0.35730843470807466
0.6858732400084084
0.5753742861943686
0.37925134475195243
0.7803057303767621
0.3576050298578765
0.34644698232361765
0.3303450587628757
0.206183160452544
0.8291495933889439
0.4239333202668621
0.4414806040973443
0.4161510438170402
0.31603502175697545
0.3178235157510711
0.4756575078060763
0.25959438674920265
0.4708106020138833
0.518294135276345
0.644712551060858
0.4524969948134155
0.3454877684515972
0.582241566903334
0.31938889878031584
0.4656824003530305
0.26919776374202564
0.26005552716768904
0.22815509796225347
0.4471747738232705
0.46733953408891915
0.46704322485912847
0.13758985993236264
0.49390395703559703
0.3809209002895427
0.1761329439975751
0.23424244591712554
0.4347233905423089
0.3321609778851031
0.48618793743148947
0.2886545804418122
0.48853699269088985
0.36137844496770094
0.3587531947154921
0.19093710920920845
0.5183404449172455
0.12192845361333414
0.4517176174179231
0.4113804877010338
0.24676163946890345
0.7089408502278189
0.4412938262969408
0.43712111296231243
0.17562167352526264
0.29236924252772023
0.12445416335165123
0.5273704856807886
0.31490249095857653
0.16842717722103237
0.3891016054945676
0.46257649837945664
0.2910491681317325
0.5270992631842967
0.585884204074754
0.5703802196779505
0.07187006597796396
0.3004549231476939
0.5429106606796933
0.4904390123174647
0.3796480081759288
0.3305810280620645
0.32695978626279376
0.3637641888775545
0.41242105572415566
0.6599477897162244
0.4350867800493555
0.4198565552002667
0.5271625304634077
0.3597944703365382
0.5927378726826786
0.4742375594190036
0.577975977049644
0.3300229783802256
0.22312706044291813
0.49409402796078106
0.36768151154993833
0.26112913163842394
0.2637879404105776
0.1573636241753648
0.4458269915878669
0.30601693795303564
0.7112371794938916
0.07162707312187343
0.30916255184079067
0.5379986810012859
0.2009563439174545
0.1534851433328009
0.3350333262859987
0.6098486040354203
0.6478565735817496
0.30928684728668127
0.18605649082382522
0.3987272731656424
0.6342765593753743
0.2932627205269753
0.4334512308219278
0.3305991227648436
0.14465249460739815
0.10388530902507757
0.48192822873396823
0.6252368569056502
0.04510158040616892
0.3370373061925148
0.573016280972404
0.6356355966327785
0.20876496707805858
0.6314539503430494
0.561578356603541
0.43983206983619966
0.6067096915307761
0.5600765077037236
0.07328439862705116
0.3713837614725534
0.6263715718881356
0.41967220361113655
0.4267380425706463
0.8396200488606833
0.5377527090905669
0.2267132781671573
0.4420219779989125
0.0
0.6729121822639869
0.3034843960834531
0.31008124858162944
0.18777885527310165
0.3756072577996979
0.3518497380762141
0.3606167353895022
0.3523434823776518
0.12445416335165123
0.06393525453745857
0.2056710502486551
0.2706115391365101
0.19157036996481955
0.2342292161028448
0.5539220570428827
0.4194678006797925
0.21398461113960565
0.5469199761553503
0.06297510084263376
0.49985334698973105
0.3585495877680279
0.29511894917877785
0.37554371189736035
0.11578602478649626
0.415314638324341
0.2636276086488714
0.5008767783115818
0.6576276610889915
0.4483013406671822
0.6131471873089194
0.0
0.31141872001355086
0.46747656393707016
0.07839826893635371
0.5049337648579281
0.49571357949532
0.417627837776881
0.19293446485689858
0.6434001837441493
0.6518051208179746
0.5126455344869557
0.13212026681767153
0.35827316505836065
0.3009844695905716
0.889314786940486
0.14185627505488366
0.2613609451867901
0.45847061700327296
0.4498873728322144
0.4812249222851937
0.5606021730554337
0.0
0.21875026984193185
0.4814732531770339
0.48811798383760135
0.41695280633264886
0.5843997786779322
0.19877410221513156
0.22684048977434887
0.3481184340266334
0.24062987002928451
0.5325497689584066
0.2549715141288939
0.35022256284769543
0.44174293128950737
0.33368844232083666
0.3072000754056082
0.25579831813003123
0.0
0.17233131503140725
0.2394906873848655
0.1951900222593106
0.6136039148698317
0.16811577372039857
0.490709679880932
0.4357176294845934
0.5138574559814761
0.5166827147021603
0.5770543758631159
0.38446059424581347
0.5759925245653245
0.3844818610783905
0.4639264543266113
0.17140526223537889
0.37521990751310097
0.19672784568975843
0.679850820328775
0.44139629514423173
0.24487316730986083
0.14074267022268938
0.5162429814318799
0.6671755274805993
0.4976726046565914
0.09363198043037409
0.13706568345233774
0.49248165426745705
0.6676349370481315
0.31622179840020653
0.530896785601061
0.6637157381742009
0.10437216653605813
0.41787366031042766
0.5186800823355874
0.3913528338960547
0.4545331901938558
0.4677289661069126
0.5851652784359453
0.3071973504831484
0.4387697773609351
0.0
0.5666695608412542
0.41318400385418635
0.33740963811641084
0.56013875332377
0.4871541725711319
0.6480163900317888
0.24555482324808747
0.6131471873089194
0.21838927199552383
0.48908817334879434
0.0573136552041968
0.5883719693128314
0.11774979323096074
0.41404686075977515
0.8628199455010412
0.0
0.211287497608745
0.4296653730447937
0.4925219056668308
0.3606205876670542
0.3105970091419187
0.731681422214862
0.406899217944417
0.45072835995802213
0.35833230649927433
0.25082285511163693
0.42500039791823807
0.5007848891799074
0.128476181739026
0.378828906372704
0.47814428524577884
0.3475696511469511
0.4033731727238459
0.0
0.4723987614370961
0.567515849357022
0.574184622326512
0.528688626814171
0.27003188197283695
0.2633329818965937
0.19098016808788576
0.5628082349199375
0.2701214168417957
0.3158948606414352
0.2592169093529908
0.6096587028069834
0.27398065732444504
0.15951019961374846
0.4153896310906759
0.4929228634868628
0.3544693157017697
0.18865890336769134
0.283641620205934
0.6026265585017307
0.37307740968249875
0.34882319971467163
0.43876409834200986
0.3638767701065113
0.41428370679105486
0.23371515250750954
0.372648809380857
0.33232464815960194
0.3013792045219511
0.19819976380388243
0.5771101240693949
0.2733845695234513
0.0
0.0
0.22049901144353254
0.42940346185836353
0.3008478562958477
0.2888516178625836
0.4598357932490044
0.6895740953873711
0.27163638519839306
0.48560191131171765
0.44773829434642715
0.3179868043400149
0.4678716607928095
0.6405146108673385
0.42613619019478155
0.41204537253252244
0.4761635257336098
0.5261676285417836
0.26804520599698267
0.40681602587270826
0.3702982800527403
0.22357802850785918
0.26619653336431043
0.26073088016827567
0.0
0.3977858148655211
0.48355192029840405
0.18268574531900175
0.6284318928170493
0.2992402553103641
0.3788576515274324
0.427045691803806
0.09984548956565263
0.5568019711145469
0.5044714049848497
0.5900531126807956
0.43883478935188786
0.4147320542777481
0.4178722286611251
0.6417771147983765
0.46972916317045205
0.5129638286903206
0.488629619985392
0.5133202905465009
0.512787763050449
0.40589717290092353
0.24766221854628334
0.03172241320882526
0.6400379537632869
0.19649274671070233
0.19708847381065936
0.6486064894262734
0.40922377525846626
0.042472445900610056
0.5534867815213822
0.17033103161903634
0.37645187260849833
0.46262092551231787
0.7410115978362691
0.2509031012238003
0.08612792562701682
0.5263548173507427
0.5692805599601801
0.5274832646073472
0.31813439292799306
0.3637877008123979
0.5334276734719312
0.6763916228044106
0.35333726721501874
0.5502554051346827
0.4379442723293161
0.34885979302958087
0.6630672464150549
0.5519995380208402
0.4820617758721021
0.5735051306911664
0.345287978687017
0.26254956271701263
0.34794757570500967
0.45390097854434663
0.4286013737117222
0.32285488987892375
0.25592905313195574
0.2533584664204126
0.264485138731192
0.46697225106447576
0.3635014008778515
0.3563304645391044
0.463158309263908
0.2584103708327355
0.44226837937090135
0.7835316690712315
0.6319736479025246
0.1418320371765515
0.42331416538648475
0.7271659423430668
0.4434544407008524
0.25347119133805546
0.23296560218654377
0.43297430570166756
0.36569182500279585
0.6660575565281532
0.27622729741506397
0.4878324229496796
0.4127931032157878
0.5718503484729107
0.26068752176644683
0.6005008436852697
0.5604485723038838
0.11640030704207811
0.06425604311212003
0.34513633244565967
0.1350523454875199
0.3092189925318766
0.04895134542941137
0.2501175138367402
0.15860863034862205
0.3711487660788153
0.3472981339387134
0.6035613601022931
0.443819506481699
0.5443331512781603
0.21596870210879143
0.05968602448739383
0.13071146894665647
0.26783608987830215
0.6384048666031321
0.1099820218345573
0.6959408320116455
0.0
0.39403747841475234
0.49456895769421
0.7476874193153801
0.06907910779650499
0.616881650648794
0.2655420969878667
0.5267474793806871
0.5272919996427757
0.642650631471105
0.29603520824143176
0.8509863482091669
0.4819196485871105
0.3459236281774019
0.42566281259602123
0.4681801546676691
0.589801914719459
0.16715954776208106
0.4484130131321432
0.5802048955845751
0.076801900871673
0.2831350836867186
0.4123362854540853
0.31216506564771845
0.32052548179787904
0.3089688050501457
0.6351500722259541
0.09478836774187899
0.25291263851739026
0.5490227961292955
0.1212688634802595
0.5973308404723359
0.4240765493061977
0.2789573526643348
0.5236221623924271
0.5101414580090906
0.4661716284399045
0.5248725522638599
0.4453838964395178
0.1930429310361032
0.23471816339161083
0.5163866877608803
0.5742538489079725
0.16204806530088808
0.41011508651743034
0.6506408956964822
0.6657119170769666
0.5102971542684187
0.3291775293680681
0.4781630405198499
0.26957386319007404
0.5588917933526434
0.3170681438941643
0.12664770301283537
0.43455498607308113
0.3353689102234763
0.2916609386432688
0.4621880967991176
0.303522572815144
0.4842345840754437
0.6746642991250251
0.42112710322756386
0.3359310997286474
0.5692944371356142
0.3944617428264918
0.4101380857181552
0.4668714319436869
0.24728758385514588
0.1622238079916221
0.803002522469348
0.7389745956792513
0.2903555011111839
0.3817284840440002
0.1625158854040914
0.5909140607302847
0.47500352805427093
0.24820379077279797
0.5768031576865352
0.4342851989468121
0.45113180354629456
0.617863079091614
0.6753470922936124
0.19799633410318107
0.45355413547157747
0.5535718858332641
0.08097835889064542
0.18219568082439352
0.4176855907979242
0.2888234204430533
0.19280633147827844
0.4742762297392787
0.32963897738415543
0.6448121043169333
0.3339867567725476
0.4475938903579406
0.2520973829373473
0.3370410223126774
0.359845572003424
0.7563756503296594
0.6402888280310317
0.0870756265906235
0.45679411292159094
0.22337430294531976
0.5926335768245583
0.1630265835737804
0.0
0.5372415163958275
0.1632807228262504
0.47455605574551196
0.3545859305890818
0.5779313190391533
0.2887105727700665
0.08794072345891697
0.42938508238750456
0.31001095307120485
0.4179931373115969
0.2267132781671573
0.294752760876697
0.10030274854367528
0.6728648292681125
0.345783242597631
0.4904756680791237
0.21585785472560096
0.680949027498289
0.6322611677798964
0.5044691139098945
0.21297322727935092
0.36348220356089567
0.12444469604645635
0.7167629592086558
0.2932717725707359
0.5613967882332421
0.33590613798071645
0.20272360309555262
0.4113806021053979
0.3949673440526392
0.06362078691860773
0.5733177685896587
0.13390059127146672
0.57573001808458
0.5729860713434066
0.5752793186233429
0.5844867625123696
0.47600515119834386
0.19650045225688761
0.3667490260686028
0.5680282094378415
0.13904043071637312
0.3476225768055693
0.5156991127678433
0.46102203673695763
0.36319110165109464
0.5184691284263284
0.5187995367662167
0.19896808077294784
0.29137508485953606
0.06378618172860263
0.4235821105053104
0.4209736701711514
0.29260406551863594
0.6274385414257853
0.4775420821593697
0.4306574265463336
0.17763102680455203
0.5485012390163163
0.7041669142838979
0.469015902632633
0.46349726849932976
0.410180358789195
0.6510738406416603
0.23271177445557553
0.6151446390743908
0.6241096765053885
0.36798255828028553
0.38530120963864656
0.16705131456311248
0.41044093189788117
0.6686503823411172
0.7358905189426684
0.6802663252123596
0.6126934344919338
0.392721500233296
0.7049896946142649
0.41750817798552514
0.45270006106149696
0.3856191087510586
0.537946823604928
0.4852401770329871
0.4099998028611073
0.28902556579635447
0.28752674242969056
0.5770831549927466
0.4303139218601886
0.4930977569436669
0.41656765130467893
0.607851786272611
0.27512165405804256
0.5694180402500204
0.3035164358536926
0.3421083191854665
0.37312753537221366
0.4511161228849753
0.4236258953308123
0.4642137719833087
0.2521080748961385
0.351592065658307
0.3028988684678071
0.33798705801793827
0.842397153733403
0.4920448435503069
0.41634723996395107
0.261361075960954
0.4903830811976091
0.4397504756914422
0.4583890782718998
0.2568838807109994
0.4384672614380228
0.32778539527203515
0.37227685290409457
0.6708596130878072
0.25150144187154205
0.05398557420265905
0.4330724982781362
0.0
0.2557335518430996
0.0
0.4441445909752847
0.6022100571228719
0.0491034968975403
0.3021560065158947
0.5339001471843365
0.06835659942413011
0.5243108305957226
0.11392228672856268
0.5491836880477006
0.5570034484902389
0.5486376369954167
0.2538474486868227
0.5988266253592047
0.5173870297294966
0.40475014422960587
0.5511780895269882
0.19571229756574085
0.6066005142411298
0.09667736362437157
0.6634188628256716
0.08829051483631742
0.15072932412775492
0.27089959066487845
0.2573150987177954
0.0
0.181202335352791
0.4693597996877779
0.3545215520578961
0.39823844352846777
0.2072043439840385
0.17334238672386956
0.4223100866128049
0.0
0.07139757290199822
0.6885058085345472
0.7374078486970547
0.025767834994824653
0.34892041572800847
0.566171387860878
0.45564282068106426
0.3199877971104469
0.29945754738240765
0.5842196898860038
0.5225525481369447
0.21423458409864693
0.4265203731169945
0.5900599996676739
0.3293443229483626
0.334078107178609
0.33260413370335984
0.20175078401843724
0.5461782604231087
0.42886224779829807
0.0
0.28195694357369605
0.06978418968337607
0.07834851759332907
0.3203486938851806
0.42998846684824477
0.0
0.3153246959004005
0.436833490875256
0.47544372337128127
0.596228373299054
0.4083260965087888
0.28926946987884566
0.49392887624298865
0.5591775538939602
0.2144407670702592
0.3632769077676017
0.41841674437426557
0.5013997561355635
0.42674296373151194
0.10704185858062974
0.6457054392008589
0.04510158040616892
0.1188374537651791
0.4846803391796658
0.648247481559901
0.3998372176733149
0.38848101819754727
0.5081884302412744
0.38323187054830143
0.2200917631911596
0.5157324218920342
0.4253066363560277
0.24008420531376287
0.21531570018567034
0.32576409904421455
0.3847314335679527
0.528359626800358
0.3268590256728369
0.42900806506264466
0.0
0.4739044785570606
0.44006062477919966
0.23311958237327762
0.3517104103906193
0.3329265630799179
0.33091491590135513
0.42905285404812915
0.45128613839137344
0.563882784047048
0.6745132670746758
0.3621364088087698
0.31241910199689704
0.30429966753479376
0.5228206600505808
0.2936734238813149
0.548785361446431
0.3252660799005986
0.5305831648313389
0.5088091758395401
0.5065502337581596
0.07739312917869716
0.7646023034912706
0.26359452627387003
0.24633035751902901
0.6574788142103828
0.1751563617582727
0.5132307447394774
0.44213752407608997
0.599543196615014
0.4084755883580411
0.22784171224694055
0.41397337425078246
0.30327047067802737
0.36873497850750114
0.5007976975037501
0.1699751043015384
0.11355371634601075
0.22362696703988885
0.23947348929479198
0.5154754271838353
0.5473944935797953
0.3856729590823698
0.3323138767611641
0.47702170526028786
0.4003289798555244
0.20297343668243586
0.3148281888634852
0.6579989095580383
0.3554387046423206
0.1719895579432449
0.2187818352165656
0.627359381169278
0.10977367660506622
0.44399944298885674
0.15850703828379173
0.18462673341502384
0.4467093296070903
0.47588506112159507
0.7131031853632007
0.4004845182780891
0.4425310926830467
0.2590316296857794
0.5107659647682781
0.5320467536352466
0.11538029531472063
0.6540584443987837
0.4597516760782866
0.3517976702859469
0.5735145825641934
0.0
0.3703541755722514
0.30346035084340695
