0.5164655450214786
0.31496346370152023
0.21897447031362616
0.3191943593373207
0.3158504433957397
0.1815988312211305
0.6935846714319465
0.7739450646398599
0.40602288324964353
0.5182613721032352
0.4603508803392426
0.2079053349544019
0.238264195006335
0.35959996393575533
0.4500872359317768
0.2695386835635513
0.09306765998879278
0.15386613433329607
0.17134117744767122
0.2144326378218808
0.0
0.5786613045270503
0.42957631011415875
0.0
0.2703453693344863
0.3586574046550042
0.11422546083264837
0.1429740416604473
0.06799551197237962
0.4553421512221814
0.7231836429617763
0.3570575696138483
0.116325533474056
0.4076704722063471
0.42404891572128295
0.149960644500967
0.4854883980991612
0.08344710704229599
0.05911962848758073
0.11198755992548054
0.3612379604618499
0.2938208163816588
0.3193026450576565
0.23048659157869505
0.22638351749600624
0.392801687679307
0.2941368094449377
0.35288758242912643
0.4588381388318825
0.23872670554876954
0.4740346467104037
0.0
0.44180434847818884
0.5154858593334327
0.485677950135257
0.09534080453266183
0.9095430345167295
0.3329890687890375
0.550597285285753
0.2968294353321399
0.39098100459419033
0.0755207455000703
0.5820003216329527
0.6456954171631669
0.3152014139772995
0.6424941574807516
0.03582622090438783
0.7192561234988996
0.19725089774990884
0.3812808320066352
0.17828598273399646
0.4690385676787886
0.33239699379462606
0.3763808316990285
0.0592921653832104
0.26050106568586034
0.16000340288665968
0.6175279704882976
0.12359472989039465
0.048853742521002934
0.2590507062281582
0.22608440946964461
0.32858904101362507
0.23887979129241044
0.40356436406861396
0.36313624026662183
0.33046256963607246
0.4424124127252733
0.2612364849744031
0.19842642227973706
0.15013211107723698
0.2450582196126795
0.18471505603880556
0.13191576049432482
0.30640544555076465
0.12325908914471274
0.49028574718122836
0.6838931084498203
0.19228867250146361
0.3359571700061833
0.16354138397001033
0.32493730706049007
0.24171535512745473
0.25134500121242864
0.30234023468369503
0.0363050593540648
0.21390577020750706
0.2112376337929796
0.3598736769322608
0.11690098523353827
0.15230096556904835
0.1185265844274999
0.04927052922833881
0.10286632372652041
0.3965558261812879
0.13644170236737957
0.3090588595695242
0.25860911016914656
0.12626111309765153
0.06632205466806064
0.5126695427820164
0.2615720881764829
0.0
0.309450007634908
0.262922284100324
0.08848541919239314
0.3154566052913319
0.3860873116397992
0.12076786800319152
0.44090302185263625
0.3328903505701226
0.30834650218775417
0.24831689610646165
0.405796006264585
0.0994711378202882
0.21675393588005012
0.3292491752814433
0.538208377608209
0.5962105866404925
0.4006294767621782
0.3207430157549574
0.4553242594259066
0.30388389463194665
0.2895553099049175
0.07812561595781704
0.8271873427189654
0.11965140276629409
0.06239977830070779
0.05560589991117492
0.10490150522866197
0.32936472191173766
0.2949886228906684
0.42883301410031205
0.6241654736053077
0.3705054993913923
0.2406634584925984
0.18411278448679766
0.009325482878849073
0.03478471999107796
0.20065193140449494
0.5481776011309945
0.22341906802601522
0.259774651065106
0.2060028403913717
0.20367304858314117
0.5254789954181338
0.2839822269367165
0.423351874462422
0.1550656532560629
0.05831933598344865
0.3040402100126164
0.5586812966223533
0.31348832240546604
0.26096411313155193
0.5864853326920034
0.3499356718377901
0.09650766410142221
0.5250010745158399
0.4260762803913393
0.48933969073071953
0.12444441809920893
0.32000678036391317
0.1682075290801737
0.44794545199507213
0.22728403109643833
0.4593556417870433
0.4245366402087422
0.09007785541332966
0.28412218467040307
0.18563114290164875
0.25801912055499415
0.2923776851972767
0.22156879528308276
0.032633942423163885
0.4199884613327416
0.19416963133289758
0.19719362454875533
0.643906022932238
0.21025392328354922
0.20869022801809406
0.6308932549741365
0.490213488458998
0.2300708567716596
0.03930005874503054
0.43674019413726345
0.4683170123133095
0.2534534403963217
0.1047488622652868
0.4070998748263334
0.4321924639988824
0.43982035803795433
0.06359979679776476
0.4492009163290476
0.4869680392992395
0.3489513408207467
0.0
0.17710028685482823
0.530208690163131
0.2326862998227047
0.2802096629533821
0.37523434353697244
0.3583794796946129
0.4549342838467435
0.11989700278876168
0.4780291765480358
0.5062344573927001
0.44900279509506047
0.0
0.4438147400965038
0.20836480029587107
0.1678890487850785
0.206520636735787
0.043386638451290496
0.1332571986845345
0.5266690738199754
0.3719094333111661
0.27397441344731294
0.6416236222937901
0.3251494520582673
0.34561339875199903
0.1767404115367023
0.2972581096519538
0.10311739518517757
0.049958575760364964
0.5549777951987039
0.28319278673630444
0.19029255028871242
0.2161285863799024
0.31504512694331843
0.4960411433564957
0.31809829680211815
0.07265276121296271
0.09457085003658912
0.11046630407669841
0.5449483522039829
0.2528128034676786
0.0
0.07250451175395288
0.4899016270420434
0.34827797867961
0.6249016514901573
0.14092274571817087
0.10583934558824822
0.3722592183720798
0.7385567776997191
0.3805991636471536
0.5923490400265177
0.19428504730413199
0.03839024334230994
0.0659951550258445
0.3832021805779083
0.34239249651254744
0.09854013983778336
0.5401568039029148
0.0513474402695178
0.23541319666737023
0.43343458291732484
0.05972967885743975
0.05931183360112295
0.49902031653104933
0.4668961277205581
0.4579155397168121
0.3764443351908038
0.4130463243555954
0.26147950090510574
0.22467798558524865
0.47638706420904386
0.2588425994539887
0.4496442982753612
0.05657192949576081
0.3412793791044768
0.2619531287721574
0.3442976160782955
0.03582622090438783
0.1089718218521942
0.06682191211733295
0.32977294283072306
0.17023249891310566
0.031447130024382625
0.21536932006583423
0.08688267308708604
0.0
0.3906612193005848
0.24820969168381052
0.48783682543951146
0.25914596577225335
0.26840758398279185
0.6132288194374015
0.4835294518494135
0.32619815089835485
0.7070743071690161
0.2165942185524115
0.15897513536617722
0.20044082889275433
0.2186504652405234
0.699178685094133
0.291602431967666
0.3775417462371493
0.34249702808777227
0.2375338464996667
0.1853376724583397
0.371618799860721
0.22414865422935068
0.35445910165020794
0.3532532580524413
0.5791190808424078
0.31408187630766987
0.17340188417938648
0.6204060707561427
0.22606580251168057
0.3338188933130613
0.22432123942636323
0.21784818316654703
0.24798259295569464
0.4207569341093052
0.26522684166499394
0.416998593684701
0.08361727484476097
0.3735249293710569
0.15420001389994425
0.22486484175103996
0.21480214524519442
0.3674731292028298
0.30317261167796056
0.3605537969720772
0.16739137594578637
0.38576401236553326
0.3019378203686636
0.26891672622239265
0.11149387428302783
0.2582024819417628
0.10329510040012266
0.33747528628349155
0.3309975234083985
0.24676163946890345
0.7090959069846169
0.4119104750858367
0.37438351754264243
0.10327792061678068
0.2466014588125214
0.08296944223443416
0.4029796955824988
0.21797711626204735
0.18129336212558866
0.27629729932395636
0.23949118981420123
0.21446558055522857
0.4016202235060138
0.49745453034183973
0.449235658621958
0.05912262539424317
0.14628032110755695
0.4398240447363294
0.3418241385681456
0.32217595698289464
0.3163218219560673
0.14961993917111371
0.31920529895726324
0.2719409590258121
0.6199609740186858
0.3416232451728396
0.3043590112168895
0.3352493115269117
0.26439223325369277
0.3943184926465917
0.26890788688801454
0.4195394480286301
0.3218981056995111
0.16011452006073948
0.3384171727799072
0.3001521995198177
0.15486428535954216
0.18245571929550206
0.07750717654258377
0.3280641580541592
0.1752406637690918
0.6955201022061253
0.04259807609892787
0.23360186953814954
0.40520517030791714
0.13638897677966783
0.12390558742860822
0.24015973491911946
0.4603270695459191
0.5860746759135238
0.12064879789958435
0.1463148666515295
0.2366837406455925
0.5686787598599148
0.1796224451764041
0.40682282789638863
0.1353469362667361
0.14465249460739815
0.036172164602620176
0.37578118910319647
0.6036283593877247
0.03418690377947255
0.2676082221612537
0.4027083383743289
0.4860260553253541
0.10236260809939784
0.5856510697151169
0.5067625891750537
0.4671091550887461
0.43653148132587066
0.4017316056018289
0.05946931697533683
0.2503888433942725
0.5533535417133535
0.37054916707094276
0.3799957847050391
0.7487039221190318
0.409710367283197
0.1297104821839907
0.41887823714762545
0.0
0.5841052903577332
0.20389992744338625
0.31492804613312114
0.14233598023015104
0.2493637871536077
0.26658151080646847
0.17501980765368588
0.28118313662100874
0.08296944223443416
0.02456881835582683
0.2152055897348502
0.20486233384105174
0.07939633725296173
0.18424275336091933
0.40442336069209045
0.3163890709901371
0.08921748691723372
0.43307501145481647
0.02610002969644646
0.3551821651157982
0.31220010176865326
0.15402127755458905
0.17810669637831908
0.08300339248505212
0.34437083622500414
0.22164892349825194
0.4156734793704436
0.5420614296288765
0.42996036040125224
0.6131471873089194
0.0
0.2234720378331507
0.3578461626111469
0.07839826893635371
0.2689662783396682
0.3794837111606256
0.252238156533448
0.15844375181139247
0.5708210600281066
0.586872797931931
0.3592156225368654
0.0819460304417287
0.2857929065432601
0.16103402766844763
0.8733463476629564
0.13125281056844904
0.17747988033929704
0.36928636557021954
0.4498873728322144
0.4615770397035869
0.4035192209566722
0.0
0.17304275181149736
0.33620241256006567
0.4335606763050925
0.3079600299883417
0.49870205099850684
0.13885540474304506
0.12978326432997533
0.1907956535392658
0.08943368110793556
0.33598590556154195
0.1349097830771703
0.27416793346033996
0.40584576810532463
0.3352337029867289
0.18230133261495512
0.19389459105663992
0.0
0.09916193052215058
0.2743228874623594
0.1951900222593106
0.4428061784074017
0.14242398070891119
0.46266209256216584
0.3265568431261142
0.42554107955541826
0.4834161167341426
0.4382938476659722
0.28602976043973277
0.49919286904073695
0.35307450265640156
0.44078271347532416
0.14922358762718424
0.1816290513269375
0.10035837576231299
0.5539179541211844
0.44912977648615954
0.18770341928995227
0.10344714760309918
0.391554647277617
0.4840941154241176
0.4393592260350713
0.11110159244333698
0.05797693023444633
0.4174302950367301
0.6096496342843376
0.23526917335018271
0.45594258869178284
0.5410758876781416
0.07123036161765073
0.1809043312579157
0.4603522863721187
0.27030660074877
0.29019257508775503
0.338781178328278
0.5466798120882597
0.1511047813627482
0.3095110051490893
0.0
0.43889125197105294
0.3171907969042625
0.2762408524793765
0.37670040921735803
0.4267110418104196
0.483876538619348
0.10220156082639355
0.6131471873089194
0.1452851877810646
0.4386875351691722
0.04918667697166427
0.5773295983676574
0.060571813625834046
0.37190668952651246
0.8057977396837972
0.0
0.14085833173916332
0.30400222237503677
0.374887320084947
0.24074030964192786
0.25331561661376256
0.6121609371828015
0.35423558753071216
0.4034429349397276
0.24412453292425046
0.12401836597722653
0.21454479228758805
0.3927107251302574
0.06378070493838597
0.2990919872221959
0.4245872115889265
0.23861946116608923
0.26412961818779923
0.0
0.28299492016241024
0.4369067009960963
0.3820623841293398
0.33935469515076433
0.2414165343878333
0.19689031230127851
0.1273201120585905
0.5966823000479811
0.18290543253682892
0.2519879220373306
0.094496971936171
0.7093344001235249
0.23004513155574952
0.11015095039095162
0.2858697557869703
0.3461637256357152
0.2566777230156424
0.13365548796228074
0.20037792962231027
0.4781118890408809
0.3142341211266276
0.236373169297744
0.44209019028989327
0.17882163764750786
0.25090344882152305
0.2029234668029247
0.24526599896321685
0.26677824818136986
0.1779464845865934
0.11193482286274029
0.3821424032042233
0.1892381985098429
0.0
0.0
0.1819107976120197
0.3923821576579636
0.27001993628064513
0.2697584549108143
0.4470039846158703
0.6511617927262404
0.24106808439077393
0.4433860103074392
0.4062377728471527
0.26748626054781743
0.3060230916719349
0.5931063858378102
0.3625219196285175
0.325162695256582
0.27398563348096117
0.4924204232040619
0.20317770648929095
0.2300863973905884
0.3604911372907244
0.19471358906148706
0.26683870555298206
0.11383959346746599
1.0
0.35114098687359957
0.3269473512162383
0.09796598308629663
0.43489157711747983
0.17316198417101814
0.34013296626535827
0.36556974761323535
0.07898293466285258
0.40171893091585525
0.49289953455920604
0.4405324334476445
0.31475694751347516
0.38071634667170806
0.27502881121233386
0.5719574537152567
0.36789263887888146
0.4570146857696171
0.4049880917532199
0.32966888968169744
0.42057194689093236
0.32712212496804977
0.14606964712560472
0.010430084484359304
0.577939494522445
0.14820617889671628
0.14939265164389928
0.4825982982564566
0.34548798945815523
0.029887614870553084
0.47068231002363836
0.1276028103553585
0.3305705237420599
0.27689564309473214
0.6767824336645114
0.10853370594575912
0.061804836438136994
0.3958384875572892
0.5089287567858266
0.3733649751698375
0.2267708703522017
0.1893423684810277
0.46811791903770567
0.5949276931261448
0.16506788897796784
0.3598107557596211
0.4056565598681708
0.26779003003560603
0.46641222606607535
0.3539322581468647
0.43107821551775743
0.48739093791889326
0.20943788686567025
0.1929763256910088
0.21971059988700206
0.31781847097358323
0.2922152332149731
0.21307607040233192
0.2270667454007782
0.19590085876548438
0.18695485467772707
0.3522498965761429
0.26750290915015656
0.2646288567283345
0.23904223512506018
0.22786800516445033
0.4109346226018904
0.7546672296248593
0.45336391104907914
0.15677275428349097
0.2988985372361636
0.8100507583875238
0.3494972608311475
0.15571811009426906
0.12686702729629384
0.2849975709336997
0.3657219175686446
0.6313419452512226
0.0940607032917977
0.4329656265351392
0.31772777314745787
0.5356034685973526
0.24846020122475765
0.4030502725909172
0.32353870300205956
0.09861177638360255
0.054436304471060626
0.18683335371618928
0.051351252810250145
0.15837573403820113
0.03299559297385481
0.196495601646073
0.16741796564172362
0.1832446806211502
0.25526729929873915
0.48911342672915953
0.23882136302152876
0.49105086342942933
0.18554719128311586
0.051222648350114516
0.06618675241596432
0.16963381942792685
0.5947695220746532
0.06683920568160696
0.6277520246197943
0.0
0.35814031523056955
0.4292093158386444
0.6596249220611772
0.020675545901391094
0.46837476639736303
0.18095177575130866
0.3344588371771953
0.4668899696103339
0.46959513793957824
0.294519892962469
0.8013151309455558
0.3372052200626634
0.2456851720961321
0.36583711121287416
0.40993236401019295
0.4386114773659019
0.13223182836399502
0.2314822235741265
0.42576604785222993
0.06317971123324073
0.18374296113677818
0.2140901124193446
0.20811004376514564
0.26417214286502955
0.23377492427395255
0.45010421905071896
0.09478836774187899
0.2000669483451605
0.36054244993803364
0.07267833906508703
0.8399757811998829
0.2470756646141154
0.14687498145761474
0.431264961571074
0.3642733932968865
0.35172967790074927
0.4369951147400032
0.28398142566723705
0.11144552571084222
0.07003938534123424
0.31686115389600156
0.4607195035551822
0.08668542494308785
0.2678486004117067
0.6049299837145955
0.5826635944471744
0.4785202150354692
0.20288893940975455
0.34615885568744703
0.20180065068373085
0.5062641592039009
0.17668050001803237
0.0844318020085569
0.36473805316537566
0.13674795230424447
0.20837117467105998
0.4237757941379868
0.23183930185188023
0.45900169395799345
0.5858616378594802
0.2282688333889038
0.2786323393249879
0.554602247368143
0.2513956776914673
0.3179023046367592
0.3457745827927067
0.23538475333536935
0.07615241955095359
0.6611432725375876
0.5878781040893479
0.19014364236612094
0.17253922510969463
0.057731007464766594
0.4989027507978694
0.41029618569040865
0.10752475373791479
0.4225141914070505
0.4314207429782689
0.31834296504044
0.5631562447413297
0.5105437461863955
0.1635936786494137
0.37573334471143816
0.587323271795217
0.06405806068144215
0.1584293643302202
0.5066760581273502
0.2403099175640881
0.1461467966967168
0.37796541908196934
0.27219058957723996
0.4801308891313713
0.2163604170647289
0.31336945275694056
0.13178496669156367
0.2620102372464325
0.2582228302696183
0.6456917972887011
0.5889775628428519
0.09041129171362315
0.40176385304736295
0.16952774523738304
0.4799885099506982
0.11321924126269832
0.0
0.44696672147852706
0.1404499377981266
0.4881481565994783
0.24251176033585606
0.4783306479284625
0.12171122535339744
0.05344408117812021
0.26255861841487294
0.2777188605220955
0.3095426994800956
0.1297104821839907
0.25526854300667273
0.08807542800198609
0.6164936310517682
0.1867316325269046
0.34772754863086824
0.14826294419660305
0.6987329614523392
0.5572799389745273
0.4030714173789028
0.10393783863970994
0.2646800149103245
0.09600937260901107
0.643145461688363
0.2132247652545902
0.45536162397564817
0.16737076157477682
0.10159028344606226
0.31233513577677585
0.24036985324328283
0.06362078691860773
0.4776601185394785
0.07660914437370371
0.3996953144889861
0.45273283701489037
0.46468809004272593
0.48287047099116437
0.47600515119834386
0.08178480332050475
0.18325617824689555
0.43568795287375994
0.08026936709404893
0.25295531350991546
0.4607283613302514
0.40684470186714283
0.15293085318472843
0.419789070346945
0.3694083960981231
0.14371848667819195
0.24614202681955555
0.04936814851531499
0.3519778958667888
0.3122452360280606
0.21836424917182826
0.5643879901829519
0.3447903096136337
0.30947654079004094
0.10309578110570072
0.4484868057056502
0.6893596547165662
0.295961161224435
0.2882037641553067
0.2671114345174237
0.5010821965116771
0.10712332681689567
0.5312101885900107
0.4570960472709888
0.23073933558283247
0.20607303376180866
0.08458771129151878
0.2958171017399335
0.4306559594323903
0.6278314803362086
0.5396064922566732
0.5611647834054665
0.3312455560427253
0.7646113550355986
0.3595228752217312
0.30313355586512714
0.3028327491765501
0.47843407804494426
0.35425700324212284
0.23386722833453463
0.11929242016513063
0.2188964940305619
0.4473859722700345
0.2807971338012119
0.42593031869672776
0.3774678919091212
0.4378383448749389
0.19955243704796122
0.3849748740098754
0.24826448422980507
0.15034719016276687
0.2898625546672545
0.395314931959906
0.2775820917418118
0.4745514398870473
0.13308296228638564
0.32268681815682376
0.2922954039813725
0.2718640883190187
0.8159956279566551
0.3425550475576463
0.17358937279034573
0.22446650040638466
0.3947768725712076
0.24167228372266555
0.38166133635217386
0.12432999480375344
0.2722183700671114
0.18633800068728149
0.2715772127126096
0.6068077208399906
0.10381846112857497
0.04270537506034742
0.29402831611727737
0.0
0.11650243027706066
0.0
0.34219976861474466
0.4508766349821628
0.017923206574068495
0.2559799136675525
0.46397317477525063
0.02872592950404157
0.24341816456284718
0.07623594322482924
0.40972250400880333
0.33677348177270894
0.4407590042123788
0.1955365603945519
0.40031032777901643
0.4644564526275664
0.21287738786065252
0.4191807009282008
0.11428224922232603
0.4177412936797192
0.0732812397728618
0.6665798095097247
0.04695263338363937
0.11923467360566475
0.18135867206561257
0.21783088084777114
0.0
0.10534101108857216
0.2570683867821223
0.29086149602860084
0.3164745379748893
0.11854874838416309
0.1265845342528326
0.3442976160782955
0.0
0.04759838193466547
0.5101740539413718
0.614444981926787
0.013047740407491655
0.17832476070310763
0.45578246120603183
0.23474661641034955
0.16423451059665822
0.24300582579069915
0.5298342137450149
0.4121926806472458
0.23201141027806368
0.2806087916165044
0.6040816416276082
0.24316331695794094
0.24221490338628432
0.24289381140475394
0.13450052267895818
0.47216203986768557
0.363322650549083
0.0
0.19517203971034883
0.05911962848758073
0.07834851759332907
0.3152451118312203
0.3116098815733263
0.0
0.3476497956316214
0.3006629782700498
0.4316190992614743
0.41177121685824164
0.3272976989903458
0.11720706604841463
0.3761381376689415
0.510268272820411
0.1538812927161527
0.304842280814918
0.3644068239973464
0.3616915507689765
0.35401770132042015
0.07136123905375316
0.616609927737866
0.03418690377947255
0.08239186612970764
0.3663868474515603
0.55699801750728
0.35131100052962144
0.19973450650459654
0.3697438904104988
0.26145264487534386
0.2200917631911596
0.32215974143651616
0.27473441557677497
0.20849027949497378
0.1436789849417815
0.1328432645171795
0.27276618439565253
0.39984070023754975
0.2227932213558851
0.24822711062083977
0.0
0.3742261120158793
0.30950178480223295
0.11478514554698324
0.20858408641312973
0.2342784995428427
0.13125317867771366
0.2777652145379545
0.33280862528454863
0.4056499062038026
0.5881024313232492
0.19711431308984578
0.1533376783787486
0.24915392672577005
0.44292214795445545
0.22416332093209548
0.5312168720010388
0.31466261541416396
0.4851332984071818
0.2845121228165099
0.4267573423198285
0.05014059787987149
0.6658706138200481
0.12911701372715506
0.1558062339104697
0.612736308167705
0.11677090783884847
0.42910571906398365
0.3131757052165579
0.6450911037114446
0.17968686790040242
0.15747060476360222
0.24348643454523816
0.22196355582433644
0.250895576218726
0.3126386436274788
0.10532845039334497
0.06089364791716088
0.18576660522511915
0.12504136454867343
0.46352389856003795
0.5175690131552013
0.32541237455721284
0.2791818654314455
0.39415184773458045
0.19375603390201435
0.08101161597927135
0.17248761081695763
0.5206478380521106
0.14370876596068113
0.1609471869980708
0.1251726302423081
0.5243527705319067
0.06333471766053206
0.3950901619153076
0.15850703828379173
0.10813953057131508
0.3504067692323984
0.3868221529623885
0.676237616239809
0.2874019222337878
0.3691557940821395
0.14820092523506498
0.3986474614109111
0.3507660452957534
0.1369076515003362
0.6327885100823979
0.3299524523592819
0.24228596452806941
0.5144736785287236
0.0
0.2559750086813704
0.13754717626632643
