0.6263008497735467
0.42544940944473225
0.2104323043847578
0.6648598520433932
0.3658605273994772
0.32569965016632524
0.7261360312021095
0.5931885752889089
0.3676374039452468
0.7409849262627934
0.7261360312021095
0.35677410610117316
0.4240967788035461
0.4455142926175982
0.41874037401978453
0.29732162113060584
0.21703311628779504
0.27233780568794497
0.4296874510775366
0.2877085577022035
0.0
0.5531464693911909
0.44916890546849314
0.0
0.30821681577367155
0.44390932526708243
0.32659600906119407
0.2950252934373401
0.11853545962682505
0.3559591018462819
0.8215980909279844
0.34519134154579534
0.08221915808814412
0.4729444943080995
0.4808730077705152
0.2672248761130597
0.6261806472104923
0.15782422828856835
0.09797563715511069
0.18897028827540882
0.41109838151379235
0.47198336528950874
0.3861179893706945
0.28645178779765373
0.5586982511118407
0.5139639081345163
0.4683564189219239
0.4661432166865291
0.5668669154619387
0.28702044533342436
0.5497395632421185
0.0
0.6280833743956392
0.6381800768654604
0.41020414794401666
0.05609067473291756
1.0
0.4080882212272984
0.6954322654012373
0.5006543310060684
0.5362559368067026
0.05942379551875548
0.670330210705477
0.8497671899943445
0.0
0.64402736270816
0.0
0.8840428758218919
0.17163334425552956
0.4149737269255526
0.2252919824396484
0.5682228052503657
0.1746261343597426
0.5290351690410171
0.0724961466095626
0.31997268842363713
0.30937450320351356
0.6672375331350919
0.3034461748278325
0.14812190571250256
0.4211185465176376
0.36077999892002466
0.4562343622819089
0.18809347156531764
0.4121943796963693
0.3736991502264533
0.4165060541738786
0.47036527590874033
0.31397831106152474
0.11047204601737919
0.2792548799112364
0.23518263795437017
0.3127751001549698
0.18659188624265124
0.36801155824457615
0.15782422828856835
0.6179367875272247
0.6940733255238138
0.2215367367308786
0.3718104958026913
0.1312050740316724
0.5650231203426244
0.21398626751412297
0.24734240121580806
0.5165798559848724
0.05721111475184319
0.26481736204562983
0.21836974719455368
0.4739804651198395
0.0656025370158362
0.16958010093853398
0.24966038359777662
0.10378177424606982
0.32368850882536976
0.5060958024806627
0.0724961466095626
0.4488846877288195
0.25960892314306894
0.19178318422632848
0.051389560138693814
0.6573537491385438
0.36136328516486244
0.0
0.5213496293766811
0.21398626751412297
0.1107683683654393
0.4999724963412808
0.34060590053581463
0.21078747866229572
0.39431367637749415
0.45124692575199316
0.440559865415288
0.27657323469559547
0.40302668314725376
0.22246213487581862
0.4228615006453394
0.38356636845265696
0.670330210705477
0.6992148250297936
0.41213488147068955
0.4004483476985369
0.38356636845265696
0.2925629218869673
0.35864352496542284
0.0
0.8300066257070962
0.27657323469559547
0.09147995393492454
0.0
0.0
0.5164054718766451
0.546110845636366
0.5538466643658706
0.6563286124863182
0.6104454125204937
0.4185714077807306
0.2769323116918325
0.0
0.0
0.3196184275788678
0.4364077653046655
0.4275038533904374
0.36609387937590077
0.25169443119341606
0.36136328516486244
0.6496004722717824
0.37381935278950773
0.4121943796963693
0.24380300099449442
0.10729564784826241
0.34217577171143165
0.6863176383751379
0.4690566138966036
0.3620634801395421
0.7100154135617496
0.4566005462719583
0.0
0.6435605660583735
0.5789329111987102
0.5773584096658019
0.2074370781130327
0.537017040973009
0.3034461748278325
0.5303352156709095
0.3645874254245182
0.6261806472104923
0.629849187686929
0.1992601321211757
0.4754863389422399
0.3378515398649312
0.49239104415970736
0.3524036758850314
0.2413756534263614
0.0
0.6159843357603678
0.2925629218869673
0.23518263795437017
0.7227265703297249
0.32992193319857127
0.35387386665022197
0.7968409771958099
0.5237246827765251
0.32597253773985774
0.0
0.5309249060763035
0.5625869671814725
0.44161065019782236
0.25349575181711337
0.4385494855257122
0.5171184740573584
0.6539247388288321
0.17297658714843206
0.5551553263780074
0.5316435810780761
0.4300821888391543
0.0
0.2899845864382504
0.5625869671814725
0.33916020187706797
0.4021659359040855
0.4660410440622399
0.44685353060880906
0.40777830872726784
0.0656025370158362
0.6356035287441086
0.5147714424843294
0.6412165185068521
0.0
0.5413905967412252
0.3285508731885746
0.07303417781930135
0.18471333411124943
0.12130713937891767
0.11450494890617528
0.4703658944364173
0.29522578257510784
0.4211497432294475
0.7735791145616053
0.4317799361229699
0.2988120409530826
0.205374133103715
0.45083096274929635
0.06615549102265572
0.0
0.7716485759631075
0.40777830872726784
0.2573857212421647
0.45102050151823037
0.05721111475184319
0.5933275309390499
0.41401885052997706
0.07020838520507416
0.16958010093853398
0.0
0.6096030140171182
0.24842743033001066
0.0
0.1556779249480163
0.5266247100764445
0.48224516570168746
0.7765732346955955
0.17259567077289767
0.12421371516500533
0.4374130328185275
0.6992148250297936
0.36394015239058164
0.7573857212421646
0.1460683556386027
0.0846531876919062
0.12576276673597828
0.6349409315034701
0.5536132660409774
0.2112036668160979
0.7306766142818083
0.12044888628010213
0.24938604075861703
0.4777969167122055
0.062444784893907486
0.0
0.6917831842263285
0.5454406409176621
0.5425062476472162
0.45809361701736817
0.5433994537280417
0.444341317198219
0.21599512450093938
0.559440134584712
0.31123238560803523
0.42225707126171325
0.1328400880807838
0.4822813774273707
0.10026172499006879
0.3156484565771367
0.0
0.13494093150347009
0.07519629374255159
0.3968248407380639
0.17259567077289767
0.0
0.10907459423739019
0.0
0.0
0.4182255193650967
0.3155872304954027
0.6072271611854683
0.27657323469559547
0.4194641446965707
0.7562688016837655
0.5368008306262052
0.42395025234633493
0.8274043292271023
0.29414522296148904
0.3622240260456554
0.22523435990995413
0.17640497356223986
0.7567454947405322
0.47312410091906626
0.40476273889290415
0.4808124865465692
0.4185714077807306
0.19867112457120262
0.4586094032587747
0.19103160623638765
0.4553619209404844
0.5724961466095626
0.6770117417419992
0.5498320279991636
0.25113140675598156
0.6159571241781081
0.2836213938214659
0.3160445996480357
0.053647823924131206
0.2899845864382504
0.0
0.40476273889290415
0.5
0.5131493830672244
0.1130822349057753
0.4223504243529927
0.3786848065797732
0.0
0.0
0.38557522543947337
0.24696084755162143
0.4240967788035461
0.17124252860931816
0.38057812052038675
0.3078494776576641
0.2925629218869673
0.1475706286678421
0.5005984744355775
0.09797563715511069
0.4034540768807674
0.37428085105210457
0.16958010093853398
0.8153225039246023
0.42395025234633493
0.4566005462719583
0.12858682134248017
0.29519256113318826
0.19178318422632848
0.3861179893706945
0.31997268842363713
0.21398626751412297
0.38404287582189184
0.45101218142244465
0.2708372452742261
0.637519266952187
0.7946030607191842
0.5516913530602511
0.0
0.23570627034368255
0.6800273115763629
0.4338579635514273
0.4603163481427945
0.3285508731885746
0.28163025280544635
0.37900532709845186
0.2799332247225953
0.576049747653665
0.35758604222959167
0.31997268842363713
0.5002742478675133
0.24712228096930522
0.5516028861514015
0.4201043059619814
0.4237474300005159
0.33916020187706797
0.16958010093853398
0.5520674692304758
0.19266673841495002
0.2304124284047609
0.1973857163973776
0.09306635012777448
0.41745249167478227
0.17108788585571583
0.7164671251909395
0.0
0.40852004606507547
0.5
0.23236619102505157
0.05652670031284466
0.1843821564637303
0.6639761005444872
0.553857704463648
0.2976186305535479
0.045735257283120605
0.3252526992253474
0.5586690101816345
0.31657919026573095
0.44615333563412946
0.32255027072806663
0.0
0.0846531876919062
0.5624447848939075
0.7697134266385707
0.0
0.09911338701971979
0.6271850757039005
0.6449922932191252
0.13443299115671373
0.688751818312888
0.5443217248117138
0.4833821502861983
0.5560906747329175
0.584087013832777
0.0
0.3903969859828818
0.6992148250297936
0.2877085577022035
0.4895527893621711
0.8919478208444896
0.5118454151792357
0.2799332247225953
0.23819820778873388
0.0
0.735976764291975
0.22825216697327425
0.4414895007284178
0.12421371516500533
0.3228912909134108
0.3285508731885746
0.3136051158996175
0.4374130328185275
0.19178318422632848
0.0507852545808394
0.2056710502486551
0.15039258748510317
0.17797955092314094
0.09715088992797466
0.5020409929304428
0.4852285575156707
0.21188269463562492
0.618535459626825
0.05050237483100388
0.5071209391328884
0.3336987094941817
0.21796278225980587
0.3100525684919982
0.16866376243851905
0.4374130328185275
0.2899845864382504
0.5454406409176621
0.6475706286678421
0.5700186079849376
0.6131471873089194
0.0
0.23518263795437017
0.39108928384803765
0.0
0.4393341235725304
0.6031751592619361
0.3098450011671036
0.0
0.6164336315473431
0.6597740262319368
0.4317771947496343
0.06228319170440889
0.4333057080920948
0.31666973035190876
0.9275038533904374
0.16958010093853398
0.3277254062130079
0.5205482846074083
0.47036527590874033
0.3684592964389552
0.6559651460960286
0.0
0.2318227097370034
0.4832099083742406
0.6261806472104923
0.4218880045394236
0.6261806472104923
0.23644785398007384
0.23647224715404974
0.4021921660603315
0.27541554726575346
0.4802741303133606
0.2776445232478785
0.4249255179417205
0.5147714424843294
0.42395025234633493
0.2817610602227988
0.20037500291164995
0.0
0.15979138807603727
0.27555194790868914
0.1951900222593106
0.6104454125204937
0.15979138807603727
0.4215531459745328
0.3596048128350147
0.6917831842263285
0.6578242282885683
0.48099479807471573
0.404532827305685
0.5624447848939075
0.42998139201506236
0.40777830872726784
0.12488956978781497
0.38358243831530425
0.1015705091616788
0.6377336975146388
0.43225068686390716
0.15039258748510317
0.18148604598834192
0.5253379174863518
0.7633095771284479
0.5191875134534308
0.0
0.12663167610629236
0.33860223490422975
0.7469385106043358
0.26481736204562983
0.5052542590313704
0.6898734938525865
0.15039258748510317
0.3321967716100934
0.6992148250297936
0.35185518015000483
0.44306313311567014
0.4797772989953547
0.413054740288622
0.3400259755610341
0.4909652101488336
0.0
0.5656025370158362
0.4997257521324867
0.25437015140780095
0.6302006455382642
0.3020041078807374
0.5850262730744474
0.22125778818836736
0.6131471873089194
0.2747962531309129
0.48824412735003436
0.0
0.5147714424843294
0.15558916805865902
0.42998139201506236
0.7817304471819317
0.0
0.27657323469559547
0.46824371364876355
0.4343974629841638
0.3809369701655963
0.29877631798338994
0.7968409771958099
0.4566005462719583
0.3156484565771367
0.23647224715404974
0.13237992859588882
0.465130863897488
0.6272927813351478
0.07385289357584718
0.30821681577367155
0.41087788743443904
0.24373119831623447
0.4067040568786744
0.0
0.49975791122648394
0.4124993376046847
0.5634538798557499
0.5234692124439265
0.17895297016024359
0.29294792653689594
0.19178318422632848
0.5129424937460377
0.2074370781130327
0.10277912027738763
0.2530391524483786
0.7201115801508596
0.3078494776576641
0.09147995393492454
0.3953925916924639
0.535389279202007
0.20108296795204275
0.21636952372273952
0.2200667752774047
0.6539247388288321
0.4238265318192693
0.23647224715404974
0.445301506412876
0.35363201647788495
0.3344624582251331
0.07020838520507416
0.3213051487322551
0.24261427875783534
0.3344624582251331
0.1585060812677534
0.49343598239236197
0.15782422828856835
0.0
0.0
0.04555266086155614
0.44916890546849314
0.33730226387985707
0.13777597395434457
0.37381935278950773
0.6261806472104923
0.3620634801395421
0.6917831842263285
0.40777830872726784
0.17498938954816867
0.41109838151379235
0.7204111954700408
0.40740112995912714
0.37381935278950773
0.5683139289241605
0.7618017922112661
0.295311114124298
0.4057762864863905
0.44223980914476896
0.07303417781930135
0.30078517497020635
0.14358470862741754
1.0
0.49622422528772697
0.556343578158452
0.19005120283262697
0.5958380877937715
0.23307160834326454
0.13689914669196285
0.3812509935929729
0.0
0.5684153215661737
0.5087403028156019
0.5850262730744474
0.3736536258294357
0.20366130340075966
0.4026517092817985
0.7109706976797593
0.5074316408034651
0.5126681258761153
0.44916890546849314
0.4275038533904374
0.48099479807471573
0.32994051651253276
0.17497034802131295
0.03923692833171611
0.7648173620456298
0.23905058260276665
0.19687407608286536
0.5871285982055098
0.24562984859219905
0.0
0.6258144632204429
0.11442222950368638
0.3643788549992262
0.4237474300005159
0.6868588260508851
0.31005248584056144
0.0
0.5070687187782317
0.660839798122932
0.41160216992961357
0.38146454037317495
0.2950252934373401
0.5860078744809339
0.670330210705477
0.3482822966839562
0.4488846877288195
0.5764185626911366
0.3314243275548742
0.6099914020825833
0.4918452761545183
0.3551874407711887
0.6187490064070271
0.17124252860931816
0.1609514081992451
0.3213051487322551
0.5003500974873398
0.29925227437593915
0.2925629218869673
0.1842296482194776
0.16660824200237967
0.23508198823284035
0.5889016184862077
0.5164054718766451
0.24090885677657498
0.5482729615596164
0.2791684434614931
0.49622422528772697
0.9269658221806987
0.5226699169993737
0.062444784893907486
0.2765561384964868
0.8681297340391795
0.2799332247225953
0.04868945187953424
0.17124252860931816
0.3550077067808748
0.42734697415058454
0.7618017922112661
0.241019066334632
0.6448998040495845
0.23647224715404974
0.5682228052503657
0.34519134154579534
0.47775093876307967
0.5114649149695604
0.0
0.0
0.3406679867942498
0.07519629374255159
0.2720950447067388
0.07303417781930135
0.26913294634772866
0.0
0.29846937907741067
0.2754563571054204
0.7074370781130327
0.5191875134534308
0.45897733694072884
0.12363115879223509
0.0
0.1018366782371015
0.11853545962682505
0.5549717586269692
0.08961554885016511
0.6493192557745641
0.0
0.33916020187706797
0.584790050469267
0.7661060882946672
0.042395025234633496
0.6349409315034701
0.19766924486323595
0.43913663115379076
0.5689592967230985
0.5742421901099083
0.26705583187051296
0.9269658221806987
0.5569368668843299
0.20969444155627814
0.5538466643658706
0.5030155698343637
0.5400341304674886
0.08447694832226785
0.38955458747950633
0.5875875457853753
0.0
0.2054778771824477
0.4441884120269065
0.31997268842363713
0.33916020187706797
0.11853545962682505
0.6481448198499952
0.1460683556386027
0.3410075833342802
0.5356205519425685
0.15308719219305383
0.6724430478893367
0.5165798559848724
0.18342080973426908
0.5730341778193013
0.5932959431213256
0.5541508978845991
0.4940007685650248
0.3344624582251331
0.21748843982868782
0.2134829110903493
0.509221184536544
0.6144247745605267
0.1328400880807838
0.4132526367591459
0.6281895041973087
0.5413905967412252
0.433180477181758
0.2965752958198473
0.3739915141062367
0.15039258748510317
0.5059396135459568
0.3283789061310232
0.13863671483513756
0.4148741562260654
0.32448129214561305
0.1973857163973776
0.37381935278950773
0.3412950747582129
0.5743428398314381
0.7554560544794117
0.2588626916422028
0.18332935506904155
0.5129424937460377
0.32700602587567607
0.4209368318043136
0.5371068674075556
0.1746261343597426
0.1515719367123559
0.7635277528459502
0.6639761005444872
0.2356192083581714
0.27082514915096356
0.1556779249480163
0.7426142787578354
0.4566005462719583
0.19975170820550475
0.6639761005444872
0.33187967215944036
0.3426462508614561
0.8496074125148968
0.5923096174106081
0.1460683556386027
0.5309433861033964
0.6697991692627037
0.10918487359727684
0.07303417781930135
0.5065267044251694
0.3623379464499749
0.18322609171618134
0.4808124865465692
0.2596478354971167
0.5724961466095626
0.2074370781130327
0.33912913969659103
0.3034354066320876
0.39598190119859056
0.3496074125148968
0.8131504248867734
0.7032502000644844
0.0
0.3275546207918305
0.25545605447941166
0.584790050469267
0.13494093150347009
0.0
0.6695801009385339
0.1460683556386027
0.445301506412876
0.3749529726563863
0.4729444943080995
0.2859429613070872
0.1130822349057753
0.3078608070117127
0.21167089265443892
0.4194641446965707
0.2799332247225953
0.23518263795437017
0.0
0.6921391929882873
0.3994946955825924
0.47733008300062624
0.2595937567267154
0.7201297197927469
0.7648173620456298
0.6475706286678421
0.220352862009455
0.346075261171168
0.04868945187953424
0.9110983815137923
0.2899845864382504
0.4936458898390101
0.21459908668403294
0.11785313517184128
0.5250654497784136
0.4301574575216843
0.0
0.7268591497706847
0.15392473882883204
0.503234998707591
0.6069931337570614
0.6106886650461973
0.7111055473004113
0.4852285575156707
0.19124751703754828
0.4042761993541709
0.587041191387542
0.09147995393492454
0.27657323469559547
0.32651788016101274
0.4895527893621711
0.293938393920063
0.5608727372947558
0.518983807325362
0.11442222950368638
0.20423925185097375
0.0
0.28288494800895453
0.48824412735003436
0.19225157336910628
0.6503925874851032
0.6532819972288417
0.5552089544308872
0.23647224715404974
0.5722318102203325
0.7227265703297249
0.4510484336584629
0.4262574118213207
0.40906629490184804
0.6588294182333563
0.17589431572708103
0.7234267653044045
0.5634538798557499
0.2989170320479572
0.33761573916084237
0.18906468541275154
0.34028401283828247
0.6630368516819163
0.8347367060926464
0.7264208854383947
0.6515321945253945
0.44916890546849314
0.8694152006183433
0.3842665634273366
0.41554882022320355
0.14858638122922851
0.6164336315473431
0.4300821888391543
0.4934732955748305
0.3133431347086175
0.14358470862741754
0.5089324456097069
0.4488846877288195
0.5191875134534308
0.3672732994509841
0.5624447848939075
0.25717364268496035
0.5098782413637533
0.3524293713321579
0.3771850757039005
0.2952424280745283
0.4895527893621711
0.4989955715065918
0.433180477181758
0.19134696355561623
0.3620634801395421
0.3156484565771367
0.19178318422632848
0.9269658221806987
0.5305071654326842
0.3273629133331667
0.28944294843461527
0.5258730948234184
0.350611841008305
0.5342710860813354
0.14094466013099055
0.36507192176355585
0.30494548694231527
0.45825930577143487
0.7573857212421646
0.2557324574847802
0.0
0.5
0.0
0.21916398282094193
0.0
0.41745249167478227
0.6381800768654604
0.0653219050065363
0.257767025231148
0.5441129742615572
0.0
0.49168797774458745
0.0
0.5253379174863518
0.5018336882393023
0.6298964490813285
0.3196184275788678
0.5516028861514015
0.6287161410364838
0.41434560931664854
0.6455709459479493
0.2074370781130327
0.5958009377227255
0.0
0.6665799563385328
0.0
0.20323160937993565
0.3340871863278783
0.27958880452995916
0.0
0.178214207332949
0.33479005046926696
0.32298825825800087
0.4412798278025548
0.21748843982868782
0.19687407608286536
0.4226415903341982
0.0
0.0
0.7359850426151319
0.7100154135617496
0.0
0.2571030931790194
0.5560906747329175
0.4101205921358334
0.2932492863294247
0.2532633522125847
0.5943455249169141
0.5781119954605763
0.2546659709522182
0.39739237045153003
0.6295898737974851
0.34233407727445936
0.2656801761615676
0.38356636845265696
0.25437015140780095
0.5117558726499656
0.35123898936769543
0.0
0.34217577171143165
0.09797563715511069
0.0
0.32135761167146276
0.3494929421268312
0.0
0.1563235790175495
0.5544857073824019
0.41725008753817106
0.5936819543916197
0.4322558203321912
0.28374495551387136
0.5643320538847315
0.6843515434228633
0.22342676530440453
0.28702044533342436
0.4810161926746381
0.6048508033975589
0.24540469276375657
0.0
0.686552615267983
0.0
0.1691991643177795
0.3994946955825924
0.7131328136030095
0.40487232865356276
0.2601836609935472
0.42734697415058454
0.4332397755543218
0.33916020187706797
0.5093912618658782
0.4381974522303871
0.27657323469559547
0.11305340062568932
0.30771197362347286
0.38146454037317495
0.5519887819613489
0.3903969859828818
0.45134116116133277
0.0
0.5995516523014631
0.5025783354487169
0.2850281291337786
0.3934839594390353
0.17259567077289767
0.26733470262691245
0.3883513765729514
0.4249255179417205
0.4295620844501094
0.8199726884236371
0.2043327878081127
0.3524654289401047
0.3643788549992262
0.4934732955748305
0.3960224360773022
0.5829857426532515
0.33916020187706797
0.5744108243322523
0.5549567803923457
0.5104352782364687
0.0
0.740939469817442
0.28792315131454926
0.26804241418474123
0.6281895041973087
0.10699313375706149
0.5060958024806627
0.5089324456097069
0.5307862301717662
0.34185017097036435
0.11442222950368638
0.529131367667486
0.2440604555988316
0.31706973630026136
0.4597907223568957
0.12363115879223509
0.051389560138693814
0.23518263795437017
0.1748037062574484
0.5191689040117291
0.4565043339465485
0.3228912909134108
0.3623379464499749
0.3423780096165028
0.39624717773653606
0.14594057973174118
0.25113140675598156
0.6031751592619361
0.39537756675184965
0.21398626751412297
0.22642088543839464
0.6917831842263285
0.04373502467722413
0.5296347240912597
0.1312050740316724
0.17275523772178805
0.49975791122648394
0.4678530624981503
0.8304198990614661
0.44990982438104515
0.381887563807152
0.1475706286678421
0.5836986801364773
0.5127610625947535
0.0
0.689314018030839
0.5814285922192695
0.2842854363942568
0.6157334365726634
0.0
0.3776884321276741
0.16985048717845114
