0.518885172014665
0.31144756492840414
0.19529417494914603
0.3191943593373207
0.3141218363032932
0.051993882453922696
0.6893562349556893
0.7739450646398599
0.40602288324964353
0.5182613721032352
0.44600836140507466
0.20609168858822852
0.233960065317347
0.36644831212518436
0.4500872359317768
0.2695386835635513
0.09306765998879278
0.1517760692802607
0.17254006893279988
0.2144326378218808
0.0
0.5786613045270503
0.4305373314722956
0.0
0.2703453693344863
0.36821974669767854
0.11422546083264837
0.12971519761670752
0.06995918212167244
0.4870812264490124
0.7238623000879263
0.3570575696138483
0.10129823163708182
0.4076704722063471
0.42293401609340003
0.1508400185655632
0.4854883980991612
0.08344710704229599
0.06581686709053214
0.2929704459701619
0.3565482426151388
0.2938208163816588
0.3052803194193987
0.24768022279024668
0.22638351749600624
0.392801687679307
0.2941368094449377
0.3514757341994393
0.4399521582714886
0.2442946332903615
0.4215698722622145
0.0
0.44180434847818884
0.4876720822719507
0.4838785289954821
0.09534080453266183
0.906921234052547
0.33005136954430153
0.5502022286030365
0.36487883078122374
0.3190541154983716
0.07872733871148437
0.5820003216329527
0.6496250895462359
0.32358670170114356
0.6406787306905705
0.03582622090438783
0.68646500551779
0.19670964299930357
0.37827413933423815
0.17828598273399646
0.4673351824169769
0.33239699379462606
0.3763808316990285
0.0592921653832104
0.26050106568586034
0.16086604273596458
0.6175279704882976
0.1478557508199408
0.04919364483745333
0.2518594311023362
0.21159377578083155
0.31833221462397104
0.2807740988968437
0.3399435771500062
0.36313624026662183
0.30927248571970867
0.4424124127252733
0.29050446280522096
0.11599685197662982
0.15261716004314105
0.2450582196126795
0.19197709437397817
0.13191576049432482
0.30640544555076465
0.12325908914471274
0.4463136640912157
0.6838931084498203
0.15557062154861787
0.3094546379025681
0.16354138397001033
0.32493730706049007
0.24171535512745473
0.27389062440333356
0.301777047321216
0.02136886424897625
0.21561723013681103
0.2498044310860843
0.35787715222996536
0.11690098523353827
0.15230096556904835
0.1185265844274999
0.03904596971058079
0.09735497316360991
0.3965558261812879
0.1403338694879862
0.3090588595695242
0.25860911016914656
0.12626111309765153
0.12213785769469876
0.5126695427820164
0.2896336787448062
0.0
0.309450007634908
0.25158533852480136
0.20351931832413575
0.3146281894544845
0.39075696713215313
0.12076786800319152
0.3570920755174767
0.3317554196485967
0.33341534524450994
0.26934896528039054
0.405796006264585
0.21842210137241913
0.21573764599640866
0.3083537164625905
0.4900812414709453
0.5824221790047149
0.394044373861638
0.3007253383203435
0.4129104014801681
0.30388389463194665
0.2855990949759024
0.1589884091730668
0.578127133366961
0.11965140276629409
0.08142875466925414
0.05459357909301244
0.15408818220032625
0.32936472191173766
0.292584476116734
0.4256473502675347
0.6241654736053077
0.3922916143969101
0.24314911321986202
0.18411278448679766
0.008421750361416092
0.03478471999107796
0.19819572287606202
0.5481776011309945
0.22172692412327996
0.15043318940073205
0.2404852239533932
0.20199493335440163
0.5416189788867688
0.2839822269367165
0.4251075002973798
0.15987403320936827
0.05831933598344865
0.3040402100126164
0.5580351990311174
0.31348832240546604
0.24886986110021092
0.5700897737014488
0.37114260081065936
0.09457085222300433
0.520269302604951
0.4260762803913393
0.4819554964134719
0.12178043772383766
0.31963142676983763
0.1678834848310249
0.44794545199507213
0.17078359748390723
0.4593556417870433
0.4245366402087422
0.09579430993378167
0.24109462786789926
0.18563114290164875
0.257111192505953
0.27407575129313894
0.22439249174245698
0.06253687399847369
0.48181676984869404
0.19416963133289758
0.19238311093500265
0.643906022932238
0.23038050010886676
0.19212615334532504
0.6308932549741365
0.48630952284145285
0.2300708567716596
0.04092679589627966
0.43674019413726345
0.4683170123133095
0.2534534403963217
0.10015889202530784
0.4036525108177374
0.4321924639988824
0.43982035803795433
0.06359979679776476
0.44595059456352415
0.4622614969447088
0.3489513408207467
0.0
0.16530435597027673
0.530208690163131
0.2326862998227047
0.3388892754852874
0.37523434353697244
0.3306925449667424
0.4396767699930427
0.1333606132361227
0.4815206500836438
0.5062344573927001
0.4645796179094709
0.0
0.4438147400965038
0.20315020641421952
0.1678890487850785
0.21822539174753774
0.03729309488320077
0.1332571986845345
0.5266690738199754
0.3702191151730781
0.27397441344731294
0.6455157894143968
0.3251494520582673
0.31278533837197525
0.1783534961988266
0.30347563056672033
0.0842088179557898
0.049958575760364964
0.5549777951987039
0.2781584410500858
0.1595754699464613
0.2161285863799024
0.3450502492772698
0.43662900655631853
0.34564563692592554
0.07265276121296271
0.09457085003658912
0.14532362159368598
0.5449483522039829
0.2528128034676786
0.0
0.09667345646470563
0.4899016270420434
0.38416683962343606
0.6249016514901573
0.12868378579501988
0.13866740596827198
0.3722592183720798
0.7385567776997191
0.3805991636471536
0.6128709804136223
0.20606423908765353
0.04659010999565561
0.06563334955086432
0.37475447520228006
0.34021771311876525
0.09854013983778336
0.5401568039029148
0.051629027216470974
0.25183647807311565
0.3652434309367158
0.05972967885743975
0.07270918431719753
0.5211050584213975
0.42016565927732674
0.34295256987659434
0.3764443351908038
0.38596988499444973
0.26147950090510574
0.26135994611710855
0.4728017370020024
0.30107527135626716
0.4447527470106258
0.05657192949576081
0.32917301857344644
0.2619531287721574
0.3697936693794683
0.037855478041351615
0.11003136268659464
0.07629492565119328
0.3710108484404379
0.1702705862663629
0.034319171282751346
0.16496752614763985
0.08290714203037243
0.0
0.38391637320328187
0.24750146363258457
0.48783682543951146
0.25914596577225335
0.26840758398279185
0.6132288194374015
0.4835294518494135
0.32619815089835485
0.7262853495104447
0.22339250895752302
0.16291858507052664
0.22525663257832884
0.2186504652405234
0.6843989054757594
0.291602431967666
0.3775417462371493
0.336004577391463
0.2353169956750583
0.1846500831247616
0.3484750590094339
0.24962593650132095
0.35445910165020794
0.3532532580524413
0.5871727588229971
0.31693026537582875
0.17975305578358342
0.6183700993776925
0.23454783112136682
0.3338188933130613
0.22432123942636323
0.2170585526895173
0.24798259295569464
0.4207569341093052
0.21781797799653577
0.3855213386212695
0.08361727484476097
0.3735249293710569
0.1547589413235206
0.21191920880980836
0.21480214524519442
0.37009492966701235
0.297624591448031
0.3605537969720772
0.16739137594578637
0.3747094361036544
0.28554226137810884
0.2709526976008429
0.13057041907719225
0.2582024819417628
0.10329510040012266
0.33747528628349155
0.3309975234083985
0.24676163946890345
0.5925711452745579
0.4119104750858367
0.3731052451849862
0.10609931674719311
0.24010512125040803
0.14659022915304187
0.4029796955824988
0.22168485015330905
0.18129336212558866
0.283561612341526
0.23949118981420123
0.21446558055522857
0.4016202235060138
0.5217440350755727
0.4386096646483916
0.05595333482535249
0.14628032110755695
0.49285430418740167
0.3418241385681456
0.3229886840171977
0.3163218219560673
0.15864710869252535
0.25393695313589054
0.26690362382350497
0.614478076502953
0.29040059682272507
0.31732076284508287
0.3419121123473416
0.21520555628202848
0.40435928652748393
0.27879166382473636
0.4463000342467747
0.3218981056995111
0.2431753242443511
0.3391190597227867
0.2956187546234266
0.17601520691747272
0.1936280056831209
0.0774229236848134
0.34899756898639656
0.1752406637690918
0.6865138380379413
0.011827596929965855
0.16906343878088692
0.46882595722652487
0.14098508979226693
0.12713327339342234
0.26067338769842746
0.4585888715853686
0.5721724430384877
0.12250621932774323
0.14978523203744987
0.2379530598959828
0.5822353739711962
0.1774827276322578
0.40682282789638863
0.1353469362667361
0.14782949149021504
0.03233673857563887
0.3928554052199013
0.6036283593877247
0.0
0.3660995622595897
0.4029666488922304
0.4860260553253541
0.11880923934613859
0.5874320982278788
0.5067625891750537
0.46785883694047287
0.43653148132587066
0.4017316056018289
0.05946931697533683
0.2503888433942725
0.5551091675483113
0.37054916707094276
0.3799957847050391
0.7487039221190318
0.4114835246718625
0.1297104821839907
0.4383295402855369
0.0
0.5841052903577332
0.2106058053186821
0.3262678857487721
0.14030672309318726
0.2493637871536077
0.2613669169248169
0.16680514864695564
0.2798722363889175
0.0999683461735487
0.022579586610638944
0.2152055897348502
0.21221957297933172
0.07939633725296173
0.1831924380250744
0.40442336069209045
0.31524285860761864
0.08921748691723372
0.43307501145481647
0.02610002969644646
0.3669370287137646
0.37208511720488036
0.1513228227835777
0.1555657436228578
0.08300339248505212
0.34437083622500414
0.22164892349825194
0.3595541749484171
0.4928747526572122
0.43670520649855515
0.6131471873089194
0.0
0.2234720378331507
0.36907465912221615
0.07839826893635371
0.25123005824413286
0.3009098625474974
0.23272397114108312
0.15844375181139247
0.5708210600281066
0.617318722367737
0.3853111033518487
0.08075439073566505
0.24276534974075634
0.1827699782016672
0.7568215859528974
0.1600693740805919
0.14362178707746556
0.3880609915692485
0.4472539340797777
0.4615770397035869
0.40075267231027834
0.0
0.17304275181149736
0.33620241256006567
0.4335606763050925
0.32120896407703053
0.49870205099850684
0.1382508559543206
0.12910460720382524
0.1907956535392658
0.08916753341438015
0.33598590556154195
0.1349097830771703
0.2766241419887729
0.3846388391324554
0.3352337029867289
0.1725282406468788
0.19887150117708835
0.0
0.09916193052215058
0.2743228874623594
0.1951900222593106
0.4301814184242347
0.1865994526214531
0.40008965404665814
0.37488519510679796
0.46971056333611455
0.3830131842129686
0.4774370688884471
0.27106150098433635
0.4944422691576864
0.35507038928784224
0.3974842472335807
0.14922358762718424
0.19534440804509956
0.11022623495026238
0.5127864817855577
0.44912977648615954
0.18190462194295287
0.10344714760309918
0.3767021536241561
0.4840941154241176
0.3836728399823447
0.1527342560270931
0.05797693023444633
0.40103473604617534
0.6096496342843376
0.23526917335018271
0.45594258869178284
0.5399364995484319
0.07123036161765073
0.18148907502752806
0.4614112853330577
0.27633376134967336
0.29019257508775503
0.3487670730435939
0.5466798120882597
0.1513333278584086
0.3080076588128907
0.0
0.43889125197105294
0.3171907969042625
0.2762408524793765
0.36226640257139786
0.438580846298936
0.5155683582458611
0.10220156082639355
0.6131471873089194
0.1452851877810646
0.4413209739216089
0.0
0.5773295983676574
0.055143191774513343
0.340192537692678
0.8079061526897142
0.0
0.14085833173916332
0.2861139584920509
0.374887320084947
0.24074030964192786
0.2535042448475162
0.6121609371828015
0.3237938703258774
0.4034429349397276
0.238627864066062
0.07300082273190596
0.2058965044572898
0.3927107251302574
0.06422857212109113
0.30631020314825647
0.4245872115889265
0.23680581479991586
0.21838921037132966
0.0
0.28299492016241024
0.4369067009960963
0.41581452046648104
0.33935469515076433
0.22174282500723966
0.16278171748424547
0.14940485394893865
0.5937935649732157
0.20821976001777306
0.2519879220373306
0.1192240850400838
0.7093344001235249
0.23004513155574952
0.11015095039095162
0.2858697557869703
0.30956433853552384
0.2516559628578833
0.13365548796228074
0.33152437377920935
0.5819589617252037
0.31274087457934135
0.2199776103071892
0.48407019812382507
0.1987525118174599
0.20715180627148722
0.17476926402161957
0.23344624449763773
0.22449389816878212
0.1779464845865934
0.10821329525894305
0.3933391877338127
0.18553046461858116
0.0
0.0
0.17973019394369327
0.39406027288670314
0.27001993628064513
0.2697584549108143
0.36467304959923696
0.6479467084901662
0.22467798558524865
0.4623446572478741
0.4084286542738504
0.2683157364211917
0.2732319736908254
0.5981407315240288
0.3637011307736184
0.2650552502208471
0.27398563348096117
0.4924204232040619
0.1703496461092672
0.22961956677037076
0.3604911372907244
0.2276946045383224
0.2655444337219237
0.11365475504749098
0.0
0.3401476880356712
0.31906889733358973
0.09796598308629663
0.4209626963600046
0.17222075201789339
0.346317388377974
0.3630722798373609
0.07745000151752687
0.40171893091585525
0.4283854308527436
0.4042133518545532
0.31475694751347516
0.34385328593369807
0.261210940487467
0.6378265226662988
0.36789263887888146
0.4570146857696171
0.4025132238651507
0.33130636203398606
0.4383015785893011
0.229401138075048
0.14606964712560472
0.009368764377089353
0.5760026826440271
0.1635421970528706
0.14939265164389928
0.5277067476782064
0.3040402121990316
0.029887614870553084
0.4737554476296739
0.12545416648505142
0.3305705237420599
0.27689564309473214
0.6942024913971895
0.10853370594575912
0.06474010528170643
0.4023164927770919
0.5089287567858266
0.3733649751698375
0.2267708703522017
0.1928534637770668
0.47272569193401587
0.5979632801268975
0.17231320582237436
0.3598107557596211
0.4056565598681708
0.2506058085750918
0.4627341925462957
0.3539322581468647
0.43667740317522263
0.47213342406519243
0.17602214822802534
0.1929763256910088
0.24895119303717775
0.31781847097358323
0.2922152332149731
0.22792856405579284
0.23387633092993348
0.19590085876548438
0.18695485467772707
0.3502428947129372
0.26750290915015656
0.2613313073060155
0.23904223512506018
0.22540944093760573
0.4321781338484391
0.7546672296248593
0.45336391104907914
0.15677275428349097
0.2988985372361636
0.834685680496142
0.3475805921403971
0.15571811009426906
0.127323894404508
0.2849975709336997
0.3657219175686446
0.643121137034744
0.09327896415711821
0.4329656265351392
0.3454851580990334
0.5356034685973526
0.24171535512745473
0.4070064875199323
0.3219349287066252
0.050940676591699534
0.050940676591699534
0.18683335371618928
0.051351252810250145
0.16217365290023825
0.03299559297385481
0.196495601646073
0.16741796564172362
0.1832446806211502
0.2598007441951302
0.43981908688172466
0.23522060257319427
0.4835219192554711
0.19619098575357147
0.051222648350114516
0.06282537062825988
0.16963381942792685
0.5947695220746532
0.04235343130210294
0.6235201830987231
0.0
0.3369333862577003
0.4292093158386444
0.6057603124074687
0.020675545901391094
0.46837476639736303
0.19398153107277455
0.31109628143636553
0.4668899696103339
0.46414186411554825
0.4230234261039775
0.7974415071887201
0.3372052200626634
0.2456851720961321
0.32166762743217786
0.4311392929830622
0.4396916408434389
0.13223182836399502
0.2585010160786786
0.35203168334751994
0.06317971123324073
0.18374296113677818
0.2207205901239091
0.2061732318867278
0.23768709853250836
0.23725132019505357
0.45010421905071896
0.09478836774187899
0.2000669483451605
0.36054244993803364
0.06144927980918871
0.8412288341715435
0.24796810485671178
0.14419766072982557
0.43576152563594267
0.36558328409124285
0.35172967790074927
0.4314678266090638
0.28842569034767424
0.11283599193465495
0.07003938534123424
0.31686115389600156
0.5031333615009207
0.08668542494308785
0.20672962630003994
0.5607604999338992
0.5826635944471744
0.4785202150354692
0.20288893940975455
0.34615885568744703
0.24633250655134725
0.5093932635370724
0.18390025010199418
0.08610991723729644
0.2946636372962735
0.1804728074452097
0.20091421048926916
0.4237757941379868
0.23183930185188023
0.4498091953693518
0.5858616378594802
0.2282688333889038
0.3990864746770395
0.5557895997099842
0.23569544252574046
0.3240532086524266
0.3457745827927067
0.23538475333536935
0.08719432200247686
0.614542375821048
0.5724413603249318
0.19014364236612094
0.17253922510969463
0.07275830930174078
0.5322181675516237
0.41029618569040865
0.10752475373791479
0.41435836175771923
0.4314207429782689
0.31834296504044
0.608203541439505
0.5440248457003217
0.1644714915668926
0.3023694236477183
0.5967667273171297
0.06405806068144215
0.06898019083740463
0.5129023801330026
0.2739463298302894
0.1461467966967168
0.3810505660913323
0.2703421484383824
0.4801308891313713
0.2274666131254833
0.17916323710324084
0.13178496669156367
0.2809678548867137
0.2582228302696183
0.6401747470090317
0.5807106102219146
0.08460552964005688
0.35448000642397437
0.16952774523738304
0.4670175557008137
0.11321924126269832
0.0
0.44696672147852706
0.13913903756603535
0.4881481565994783
0.24251176033585606
0.4783306479284625
0.12215233439603018
0.05344408117812021
0.26255861841487294
0.28225417175660544
0.30783943699845406
0.1297104821839907
0.25526854300667273
0.08807542800198609
0.6700612159782435
0.1867316325269046
0.3504506888161399
0.148755034653977
0.6987329614523392
0.5572799389745273
0.4030714173789028
0.10393783863970994
0.2654987510864688
0.09600937260901107
0.643145461688363
0.21741917174357364
0.45232116364589264
0.166263651111922
0.10102709608358323
0.31233513577677585
0.25432525339800593
0.06362078691860773
0.4776601185394785
0.07660914437370371
0.3996953144889861
0.45273283701489037
0.46468809004272593
0.4411927579986018
0.3745564804971349
0.11799043250133387
0.18325617824689555
0.43568795287375994
0.08026936709404893
0.25463342873865497
0.42440927973716014
0.3856377728942736
0.15293085318472843
0.419789070346945
0.3545559024446621
0.14371848667819195
0.21536104465308586
0.04936814851531499
0.3519778958667888
0.3569808745405098
0.21836424917182826
0.5605918770323345
0.3447903096136337
0.30913320045192394
0.10309578110570072
0.4712258689170056
0.6841023254120521
0.295961161224435
0.2373694958090984
0.255492318605779
0.5010821965116771
0.10661062274744915
0.5524171175628799
0.4570960472709888
0.22679624107540777
0.20496085142718903
0.08458771129151878
0.27969355429300374
0.4306559594323903
0.6278314803362086
0.5068153742755637
0.5611647834054665
0.32806855915990846
0.7646113550355986
0.356651652881264
0.30313355586512714
0.3028327491765501
0.48011219327368376
0.34199928766906634
0.23386722833453463
0.11929242016513063
0.2180113892095607
0.4457484999177459
0.23598854848594625
0.42593031869672776
0.4357158686805533
0.38267260201739967
0.19955243704796122
0.38766468298159296
0.3004916215312249
0.16435794031192985
0.2898625546672545
0.4113412659320115
0.2775820917418118
0.4745514398870473
0.13308296228638564
0.32268681815682376
0.2922954039813725
0.274112370351453
0.8159956279566551
0.33610235785706744
0.17358937279034573
0.22560143132791055
0.3947768725712076
0.24383543081698997
0.333476801809175
0.09839548996591913
0.27909760535902917
0.20015457424116034
0.2715772127126096
0.6068077208399906
0.09930181371570442
0.04956208038277064
0.3249920844746602
0.0
0.11616011876481075
0.0
0.38402091844441993
0.4508766349821628
0.02241544553241453
0.31238197395738354
0.46397317477525063
0.042619554665760964
0.2012891981064508
0.07623594322482924
0.40972250400880333
0.3283302384328447
0.4407590042123788
0.1955365603945519
0.40210353376016145
0.4436866584538853
0.2141971707360003
0.41847789659289514
0.11428224922232603
0.4177412936797192
0.0732812397728618
0.6665798095097247
0.04493112376778074
0.15965081097541264
0.18228514009918867
0.21783088084777114
0.0
0.10729568499045755
0.24300734477150052
0.3106784246392904
0.3164745379748893
0.12004614168645747
0.16317567044131376
0.4231428548437629
0.0
0.04927649716340501
0.5090504251710078
0.5545653793200425
0.013047740407491655
0.1774747914933076
0.44811165879594733
0.23474661641034955
0.16423451059665822
0.18851327036222454
0.5298342137450149
0.453253242151431
0.23246423918749953
0.22176724149202087
0.6040816416276082
0.18682208843899983
0.24132832469195156
0.24289381140475394
0.1361786379076977
0.47216203986768557
0.363322650549083
0.0
0.19517203971034883
0.054436304471060626
0.08372491383951637
0.3152451118312203
0.25976760475792254
0.0
0.3765868557770701
0.2912314123409433
0.4316190992614743
0.3862086572278456
0.3380638774575442
0.1267932243093932
0.47653577020811705
0.5029793416666581
0.14875514244588556
0.304842280814918
0.3644068239973464
0.34829315994559484
0.3515320465931565
0.07048342613627426
0.6115650082718009
0.0
0.09217275886225174
0.3663868474515603
0.5382542246248315
0.35131100052962144
0.19973450650459654
0.3697438904104988
0.26145264487534386
0.2200917631911596
0.32215974143651616
0.2757668900056026
0.24424370292943634
0.1436789849417815
0.1328432645171795
0.27276618439565253
0.39984070023754975
0.2227932213558851
0.24859832831907894
0.0
0.4070172299969888
0.3650170854807246
0.12505227439781139
0.17794690368343505
0.2342784995428427
0.14046178751306332
0.2777652145379545
0.3296737596299656
0.32736346375885267
0.5870434323623103
0.19711431308984578
0.15311421272825
0.24406808877453645
0.43823882393793534
0.2608452814639554
0.5312168720010388
0.3075529178350733
0.4755704865050755
0.2645462115632035
0.4267573423198285
0.05014059787987149
0.6658706138200481
0.1307066052148575
0.15491965521613693
0.6223434735226702
0.11509279261010893
0.42229613353482837
0.31379443713061006
0.6719100208009808
0.17968686790040242
0.18241930297852785
0.2472034602469755
0.3162244403458818
0.23375109680594974
0.3126386436274788
0.09098593145917704
0.06089364791716088
0.1890143173356283
0.12504136454867343
0.4816601024157122
0.5175690131552013
0.3345759141624151
0.26727532580513647
0.41242447017580236
0.22498240505939882
0.10140903269264633
0.17180139508209905
0.5206478380521106
0.1433757293075007
0.23037840955193215
0.12519785559392405
0.5234749576144277
0.06333471766053206
0.3950901619153076
0.15850703828379173
0.08902710291876327
0.34959432603036533
0.2969165092321892
0.676237616239809
0.31608696010212367
0.4292174127561233
0.14820092523506498
0.378354900669362
0.3507660452957534
0.12811612518104226
0.6327885100823979
0.32214782911864526
0.23486781679268715
0.5131627782966324
0.0
0.2556888126494404
0.14011716540288127
