0.48183833333532367
0.19525972072958056
0.13527790996163
0.4698833041394222
0.37142964835318704
0.24377650288804356
0.6821496809711383
0.6240969767834277
0.27662462406791655
0.6052792352892159
0.5194855974224956
0.21044542537744224
0.24877622958269657
0.3049717954173326
0.4567640832046755
0.19499303244826025
0.07897960260470405
0.1493599144920104
0.1780429336720688
0.21215165392290058
0.0
0.49661976907834626
0.4273013931298811
0.0
0.2054778771824477
0.31619205935221323
0.11622247352663043
0.11492941692320538
0.06364385817449529
0.19484483293449983
0.7844897374257986
0.34519134154579534
0.03835435267912436
0.3808988350184116
0.44469364109177495
0.1267817532687926
0.6018359212707252
0.1052161521923789
0.07817641598004023
0.09224872572180504
0.250842356625182
0.28404648598392856
0.21388854390767867
0.21714375850940643
0.2829439814240092
0.35185850335801405
0.38356636845265696
0.2754377677358353
0.4493823582029588
0.2626757193936572
0.4120297977538803
0.0
0.509171657759625
0.5863758677593971
0.3450774763988861
0.030116110055608086
1.0
0.2799581915221388
0.6185465320914103
0.39097230791357956
0.3248469446411664
0.032046331764185566
0.5204065875985371
0.7056613531463942
0.0
0.5720287703169764
0.0
0.8180174855446859
0.19615571109744567
0.26564656503301676
0.07865588646968853
0.49292180159766874
0.12387607828571147
0.4110149450740197
0.03892450822346386
0.2133151256157581
0.11937629881368302
0.6686854815479204
0.12637530394913948
0.04703614646974142
0.26268222140229724
0.18711747142762303
0.2932935186097986
0.20804564210765875
0.3313229534437575
0.4030146296280816
0.31408516101274553
0.47036527590874033
0.23180266666511268
0.05105923615251682
0.10322363811798374
0.2133151256157581
0.14701236838646048
0.11656431258510062
0.16358057299783876
0.1052161521923789
0.4976723596888032
0.7128167885888598
0.11825411275183248
0.31920241970650187
0.1312050740316724
0.41613237664804203
0.21398626751412297
0.13769982722312918
0.24995079596279846
0.02802224444249224
0.1765449080304199
0.16102233247438585
0.28215540925010135
0.04373502467722413
0.11305340062568932
0.13539156304446512
0.05628116254656088
0.12023295587447205
0.3599768287574468
0.03892450822346386
0.24788785098747781
0.1418622859044342
0.12785545615088564
0.02517082252714257
0.5171715291997788
0.24090885677657498
0.0
0.4020098003779063
0.21398626751412297
0.05912705637591624
0.282855489651026
0.14084790005253675
0.07615752502017473
0.19496140737348167
0.31526755262965167
0.2589913276328946
0.24090885677657498
0.4128614515268716
0.09138589046939188
0.2096065729672403
0.3270396681398123
0.5204065875985371
0.642688124716949
0.45013142686881163
0.26412531034802
0.38356636845265696
0.19600689661854248
0.21934429942890082
0.0
0.8942845027821891
0.1843821564637303
0.049117261892542806
0.0
0.0
0.35511656757567706
0.28928959200815135
0.51818228644685
0.5071461521842496
0.3516741705923424
0.3025876676198551
0.20499967685054749
0.0
0.0
0.2017250947326392
0.3458376684207971
0.22953464473742968
0.14017910489803886
0.1718172923442091
0.24090885677657498
0.4803673736708887
0.29294792653689594
0.3313229534437575
0.14458655702759285
0.07438669807147222
0.22811718114095444
0.5906050995752379
0.40512888582116074
0.33380012998311975
0.5329059013184336
0.4322558203321912
0.0
0.5244126963051499
0.3847398545084673
0.5416940317467813
0.11137676456581494
0.26614392288206407
0.11081799815250169
0.35284829529924944
0.14574368388796402
0.6018359212707252
0.4749726278483194
0.09759845012918564
0.27394705210983916
0.2739238117894884
0.2730804561918788
0.3013143360211476
0.1430571985641942
0.0
0.45747579902175195
0.19600689661854248
0.15678842530291345
0.7227265703297249
0.1459147074917519
0.17192716739870734
0.6244065391803528
0.4946276263320101
0.20854837085919745
0.0
0.2538852142272101
0.488111378746671
0.1961358628308664
0.08049763642029983
0.2330424161648962
0.4825598152840816
0.5115981894306814
0.06155545769948064
0.526891976221585
0.44685353060880906
0.31015237218680375
0.0
0.19462254111731933
0.488111378746671
0.2826335015642233
0.28497087128414356
0.3593834812543608
0.39032683029596443
0.37211393080824734
0.04373502467722413
0.45764519959578764
0.4582447421714847
0.5917116054076682
0.0
0.4322558203321912
0.2400488364160287
0.04868945187953424
0.12609315500698412
0.043653910563613646
0.07816593393738018
0.5457876653626822
0.21169116381604733
0.25623911672975863
0.7568609635302123
0.3481078470268191
0.21050145428078584
0.13124701695321142
0.23744372688845616
0.03567663079793503
0.0
0.5764035052155911
0.3155872304954027
0.17159048082810976
0.20609621083396093
0.02802224444249224
0.4931816938432226
0.3272422318512808
0.04792722106960394
0.11305340062568932
0.0
0.47419665229688623
0.2625111852968305
0.0
0.04841471806696002
0.3642294239910451
0.39777051000734426
0.702097646260794
0.11506378051526511
0.08750372843227683
0.362937444383726
0.6992148250297936
0.2780511400898981
0.7330409953023975
0.1460683556386027
0.026326534201568014
0.0391113184279428
0.45228817386905956
0.33166851374940914
0.06630305206652848
0.5727400117907796
0.0561881095795475
0.23325542603391528
0.4315846784338263
0.03352774811888721
0.0
0.5890442456351046
0.4198233432418755
0.3657963676655565
0.289441812231679
0.4625280274754299
0.24821849217963826
0.18773177434451704
0.4335658873232011
0.25122328174924763
0.4095002080814268
0.06506563341945709
0.27290867863454876
0.04296931071002948
0.259121756264292
0.0
0.07245225634235107
0.020052344998013758
0.2457298923293502
0.11506378051526511
0.0
0.08703246132971454
0.0
0.0
0.3938807934253296
0.21022599823041394
0.5748498565479828
0.1843821564637303
0.30204821487802913
0.6204431057300286
0.4447302364322129
0.3956869021899126
0.7698724389694698
0.16074697584891828
0.1519372235791169
0.11739591933835215
0.2099203377476262
0.6055153740701031
0.29680380641426496
0.3263685262414474
0.4208033826877816
0.3025876676198551
0.08525871539025569
0.3494746268497406
0.10256836639795916
0.35704346607831716
0.38523267763128516
0.6130840136665563
0.35599547761266287
0.09294274037762632
0.6756424695407638
0.19211201761863297
0.18282221756802072
0.024795566023824073
0.23354704934078319
0.0
0.3828952265542921
0.23738880053435904
0.42784448604665176
0.06179334725746223
0.3356831669996611
0.140336977368027
0.0
0.0
0.30078517497020635
0.18210494912184022
0.24877622958269657
0.07586811789803105
0.2864304516039102
0.24793503003429007
0.19600689661854248
0.07923337194815089
0.23665327280977996
0.07817641598004023
0.3176588364667125
0.24838996722800608
0.16958010093853398
0.831802653386248
0.3956869021899126
0.4322558203321912
0.06904061827907194
0.24526984713616315
0.12785545615088564
0.24007779404340768
0.2133151256157581
0.21398626751412297
0.2553169121801642
0.2188305949147822
0.1947353293833905
0.4550568848715059
0.706352916892474
0.4230646444835943
0.0
0.1099538612073289
0.5733697487684838
0.26647403091959604
0.40302393386275515
0.2400488364160287
0.1129736163376412
0.327373537143509
0.1503012727892788
0.5477863974972428
0.27122786396333987
0.2133151256157581
0.29822949604176296
0.16280058650917534
0.3299453309869156
0.20712166962039577
0.25092440678817407
0.33916020187706797
0.11305340062568932
0.3677059488808001
0.13152248606489098
0.12425785089611295
0.1395077525801255
0.025809702290020407
0.29659014097520414
0.045623436228190886
0.7125728147742325
0.0
0.2971909075152785
0.3333333333333333
0.16908111174165574
0.024225728705504854
0.10324665290424641
0.4834672014163708
0.46780518895448214
0.11467394975369676
0.020262769534131753
0.17803676746387964
0.5084658288561639
0.167902932398205
0.41048895771510896
0.1130956049476524
0.0
0.026326534201568014
0.41336366564559573
0.6715627765565976
0.0
0.04667191738991335
0.4487174813765165
0.46308169407821287
0.050927662516577196
0.6461827096717987
0.522253094051389
0.5041413812402588
0.3676158812955736
0.38033318604910876
0.0
0.2587285502434434
0.642688124716949
0.21215165392290058
0.4394219268671367
0.7883023541860192
0.392439170562966
0.1503012727892788
0.20253382986971338
0.0
0.6451824787606607
0.10112594374215012
0.41298360959738817
0.08750372843227683
0.22321914470086351
0.2400488364160287
0.1470564476814685
0.362937444383726
0.12785545615088564
0.01745857967057873
0.2152055897348502
0.10026172499006879
0.06494827764483328
0.03021322995786175
0.3291975241228375
0.3640999139881464
0.07808303571789266
0.4735958857568119
0.01842932092610988
0.3459884173571917
0.2822017168375827
0.07609705267979215
0.13889425739846953
0.112013185891593
0.362937444383726
0.23354704934078319
0.4198233432418755
0.504774913304123
0.5417552578285153
0.6131471873089194
0.0
0.15678842530291345
0.222869975850023
0.0
0.19646045663548692
0.47105305133225034
0.1450873019912118
0.0
0.5599069312344984
0.5528584181727392
0.2869478145412178
0.028786759259148684
0.31835243526939
0.12816736304927537
0.9221509835530722
0.16958010093853398
0.20904540224150653
0.39734875387417745
0.47036527590874033
0.270709367839799
0.4366098087705292
0.0
0.17094233025386688
0.30570457720634686
0.5453092209578805
0.2813533102257063
0.5453092209578805
0.1571355008143742
0.12696627833947052
0.20225118243897133
0.09448737637601003
0.29937586419918377
0.13544805754424732
0.30599930568313427
0.5147714424843294
0.3956869021899126
0.14162164804385702
0.141156391756789
0.0
0.09080139274188982
0.30478134865394185
0.1951900222593106
0.38659132993349987
0.1275002478879895
0.4258156327698848
0.2813533102257063
0.5890442456351046
0.6002923380309357
0.33346753140381036
0.2861125209034724
0.41336366564559573
0.40171804185864
0.37211393080824734
0.10058324435666163
0.1786849551964798
0.05237573901173619
0.5133621317133067
0.3873055400804116
0.10026172499006879
0.12389007127460513
0.36470855470468166
0.6277518408120797
0.4591784095946432
0.0
0.047972266399487144
0.21191784840171815
0.7112741326853153
0.1765449080304199
0.45362706063833075
0.5616109092736881
0.10026172499006879
0.1250104442263535
0.642688124716949
0.21339199095761838
0.2421850071567785
0.3356109880094179
0.32958335497434826
0.1534160866624377
0.3211288721799347
0.0
0.4208033826877816
0.3508852519791185
0.16958010093853398
0.4535423931114984
0.12610678788398977
0.41632836966250847
0.08074136710540136
0.6131471873089194
0.16622128018140095
0.4307122370924018
0.0
0.5147714424843294
0.0706169480408395
0.40171804185864
0.6258236237404545
0.0
0.1843821564637303
0.32289835095660346
0.2895983086561092
0.24982323537427964
0.23659694763926084
0.6244065391803528
0.4322558203321912
0.259121756264292
0.12696627833947052
0.041169208305123446
0.2168466870687754
0.47299956410426297
0.034451580294037755
0.2054778771824477
0.3953511587090346
0.10798384863535736
0.2642709897045364
0.0
0.2735574008799179
0.23158062589524445
0.3448347945863238
0.2984907644491842
0.08354940540653939
0.2005234393910539
0.12785545615088564
0.5395261672636763
0.1503012727892788
0.07551246758142771
0.08155566496292378
0.7852627147712781
0.24793503003429007
0.049117261892542806
0.25896340474071394
0.37550207491383497
0.10796512650253581
0.14970050624920445
0.11815788017161476
0.5115981894306814
0.33724918491100536
0.12696627833947052
0.40120131034482415
0.15071352190587003
0.1638211176600011
0.04792722106960394
0.1848293422361842
0.16174285250522355
0.1638211176600011
0.09522969478964352
0.21644536375215398
0.1052161521923789
0.0
0.0
0.013267296802194501
0.4273013931298811
0.31052306534611324
0.10159378288464728
0.3494746268497406
0.6018359212707252
0.33380012998311975
0.6455709459479493
0.37211393080824734
0.08228642921931119
0.250842356625182
0.6985436831314288
0.35285211700382524
0.29294792653689594
0.37003588551889827
0.7261374142922457
0.20803518757199052
0.2202519476598059
0.3847187681086114
0.04868945187953424
0.30078517497020635
0.045595358453751636
1.0
0.43601357251381273
0.3445213330595152
0.09308787786194933
0.38668355022286727
0.12411356085261822
0.037965668740918175
0.3028567809415162
0.0
0.40549492348932686
0.5087403028156019
0.41632836966250847
0.27278563741756745
0.13946559205936707
0.26946793308564737
0.6583626215835698
0.3869772124151777
0.46449570838942583
0.3707746928170364
0.22953464473742968
0.33346753140381036
0.21760729473065749
0.10314227736671883
0.011427828011308155
0.7429498497070177
0.1774678957332365
0.13869012504799366
0.36581271797427034
0.16375323239479936
0.0
0.5113250769593423
0.08406673332747672
0.3142479925041918
0.25092440678817407
0.6040560299437446
0.11745813453564119
0.0
0.2941058192129856
0.6043130978100874
0.19076147803930169
0.24373980300986212
0.11492941692320538
0.5234143855911587
0.5982556040454649
0.15672801429889266
0.24788785098747781
0.46605589058129937
0.23955612559737546
0.39411246510716336
0.2849002044178474
0.29361255904540123
0.5403547937555704
0.07586811789803105
0.10987225670690651
0.1848293422361842
0.34806588115072795
0.11733395528382841
0.19600689661854248
0.12276927265632821
0.06751016354591252
0.131318890316092
0.4329655840226048
0.35511656757567706
0.20014956772626583
0.3161882999990135
0.2509993309549923
0.43601357251381273
0.9026210962409316
0.323889225146845
0.03352774811888721
0.120821230939275
0.8960907796488331
0.1503012727892788
0.02086690794837182
0.07586811789803105
0.19061013651396583
0.42781019565190564
0.7261374142922457
0.07114194303509659
0.5858379567775476
0.1658907865629344
0.49292180159766874
0.34519134154579534
0.2718716396862863
0.2637414454373182
0.0
0.0
0.21520353716672486
0.020052344998013758
0.13334573156121024
0.04868945187953424
0.2134808567718743
0.0
0.10433437245305459
0.18803819064428667
0.5301371903159873
0.3094230659444927
0.4164165806948699
0.060555061152220785
0.0
0.04706804291719221
0.06364385817449529
0.511318860900127
0.04897006797204276
0.5459389873412189
0.0
0.33916020187706797
0.5029134342718673
0.6533703415408659
0.011305340062568931
0.45228817386905956
0.16253070806673328
0.2565428278201825
0.49714712525201915
0.3493504486656357
0.25591425613759716
0.9026210962409316
0.37890749642161076
0.13935605900958237
0.4616555861340054
0.45040749373817424
0.3294451582045837
0.06229194031648807
0.16488457901441014
0.39787779802298606
0.0
0.08806194736390616
0.19991535134164753
0.2133151256157581
0.2826335015642233
0.06364385817449529
0.44308475124584906
0.1460683556386027
0.2514534964910598
0.3399031637242395
0.08301963625313671
0.8850362070471686
0.27393692916254203
0.06948586813615404
0.4307122370924018
0.3893543305835814
0.41950381024879596
0.4243061518458016
0.1638211176600011
0.11677352467039159
0.05692877629075982
0.29594050988037734
0.5296347240912597
0.06506563341945709
0.248575357731233
0.5755814281011192
0.4322558203321912
0.41959743489341933
0.16873327873117253
0.2499201520755876
0.10026172499006879
0.4641350423385201
0.15947739891782028
0.09242447655675837
0.3341302936974448
0.12104037061572927
0.1395077525801255
0.3494746268497406
0.255966020755693
0.552475327492826
0.679936248986542
0.09037638297004846
0.08846252191277293
0.5395261672636763
0.18769929377194963
0.21946268807378505
0.3963476358499585
0.12387607828571147
0.06714428349546214
0.5903694104272035
0.4834672014163708
0.1405781010008848
0.09455281965243068
0.04841471806696002
0.6568190383437804
0.37572912001934655
0.07491951978068148
0.4834672014163708
0.3485821732454119
0.20888141869038207
0.7994765500198624
0.4227820658473909
0.1460683556386027
0.4670156580279536
0.6541522857570783
0.08051116623719293
0.04868945187953424
0.6062493212590764
0.28911556841607333
0.12907565118668263
0.36427668237493693
0.17724662340211594
0.38523267763128516
0.11137676456581494
0.14039153286736897
0.14550537199330238
0.2822017168375827
0.23307160834326454
0.6545588888902157
0.6258423707483407
0.0
0.24153349871157878
0.1862762939010923
0.4463867339590227
0.07245225634235107
0.0
0.559440134584712
0.1460683556386027
0.470546372868821
0.23442047428383234
0.3808988350184116
0.1115442420358162
0.06179334725746223
0.15079151709882044
0.18980338031582686
0.30204821487802913
0.1503012727892788
0.2133151256157581
0.0
0.5682856989634449
0.19955225497514417
0.32799582100080515
0.19358374248204901
0.714371832924195
0.6864231493941731
0.504774913304123
0.0988404624723881
0.2636631593963913
0.02086690794837182
0.8090683744347215
0.19462254111731933
0.3730126414001502
0.0795235609842478
0.044646664802357496
0.40300068581836834
0.2324437376082057
0.0
0.5577379410363614
0.08264501001143001
0.3471358657027911
0.4759908450094153
0.4884960771788159
0.5551032541116088
0.4852285575156707
0.06979002234253116
0.18342032394373448
0.4295984226646388
0.049117261892542806
0.1843821564637303
0.2824662160369121
0.4394219268671367
0.11014210211104573
0.4404667473945344
0.3277691685225153
0.08406673332747672
0.17989452591120664
0.0
0.257519335338283
0.3741855367795572
0.15421192671724154
0.5903834836263155
0.4374920588615842
0.36607234654025916
0.12696627833947052
0.4632737627296862
0.7227265703297249
0.23724038488674432
0.2201954361735365
0.24141423540011062
0.5120390603649159
0.06418733385232443
0.6312356870725394
0.3448347945863238
0.16049402645835775
0.16302779632471254
0.08738408283913125
0.16667253957535078
0.396976554668741
0.6762133764160503
0.5505226976541452
0.6045565632310288
0.3707746928170364
0.8600958895584639
0.3486021855083161
0.23180266666511268
0.04327605859344861
0.5599069312344984
0.31015237218680375
0.25642987080794927
0.11321088791855287
0.045595358453751636
0.3559001565368259
0.24788785098747781
0.4591784095946432
0.27296968918017483
0.37443915742213185
0.168197346613752
0.2941813497403599
0.2670747974596704
0.13449870704208025
0.1077398335463829
0.4394219268671367
0.32233731907982605
0.41959743489341933
0.11257530831156738
0.33380012998311975
0.3156484565771367
0.12785545615088564
0.9026210962409316
0.33060686666111105
0.12063981958727302
0.2538593503343168
0.42162254706691726
0.13459206637203755
0.42292657456611743
0.05891630188400433
0.20683600598380492
0.16815167809163262
0.3796669678510106
0.6765142949895528
0.08791381514577273
0.0
0.30738366118435745
0.0
0.08509176515628437
0.0
0.29659014097520414
0.44244207146365366
0.020742986506894746
0.20567666386802974
0.4812715716362303
0.0
0.20817390218197748
0.0
0.36470855470468166
0.2896161238984805
0.4999268486847746
0.24064960295610305
0.3299453309869156
0.5329536977831799
0.19938810739819668
0.4716283158165631
0.11137676456581494
0.404009128883465
0.0
0.690516611689507
0.0
0.1498597136064125
0.22264011155333144
0.2577212921913471
0.0
0.08236908454212144
0.1118880269169424
0.25906053018255804
0.37513910705930925
0.11677352467039159
0.13869012504799366
0.330450512102333
0.0
0.0
0.5848900942064181
0.5718304095418975
0.0
0.12082049819982933
0.4065403895190375
0.19599331722608684
0.13511682573396155
0.2020831070863588
0.5297352076819787
0.43729337954858744
0.26188075390207116
0.2509993309549923
0.6594058607569
0.1830194527422864
0.19519690025837128
0.28181830788953655
0.16958010093853398
0.3976972820794884
0.280259523066399
0.0
0.22811718114095444
0.07817641598004023
0.0
0.3199923135857067
0.23624874526204417
0.0
0.1600696563825324
0.4017346859728688
0.39660047088032957
0.37903629025223184
0.30753036157900937
0.1009734952834248
0.4020329062421762
0.6278248431100186
0.14895117686960302
0.2626757193936572
0.3361154157387423
0.395042944279809
0.18087953379651564
0.0
0.6181518356374732
0.0
0.10804528429115626
0.3043092555180603
0.6410308547646183
0.35674015605717285
0.08944401700710372
0.2838763993561622
0.34700614163771937
0.33916020187706797
0.3088267466348109
0.26010463839402337
0.24090885677657498
0.07267718611651457
0.1111461791088988
0.24373980300986212
0.4199181314430579
0.2587285502434434
0.2627502915713813
0.0
0.4634031320877329
0.34907688041026763
0.12540821067998392
0.2121997997265044
0.11506378051526511
0.08616318553648017
0.22162566847902504
0.30599930568313427
0.22732668589955005
0.7599635845648496
0.06414608076258833
0.15802893842725488
0.3142479925041918
0.3937506787409237
0.30774998206209225
0.5632110941733462
0.33916020187706797
0.5004038006473405
0.2787514265095359
0.43565971490503025
0.0
0.6496141439953808
0.12763301645796127
0.1638211176600011
0.5755814281011192
0.07132875583804099
0.3599768287574468
0.3559001565368259
0.5524155447923772
0.14537063780594262
0.08406673332747672
0.3386612126801897
0.13006166834091148
0.1878349060757853
0.24614232971165542
0.060555061152220785
0.02517082252714257
0.2133151256157581
0.04661432166865291
0.47434271540268186
0.4343240819050955
0.22321914470086351
0.28911556841607333
0.21735676902705323
0.16302779632471254
0.05193442263146365
0.10778541448118174
0.47105305133225034
0.1476140784615921
0.21398626751412297
0.12156951823489388
0.5890442456351046
0.018743582004524625
0.473108023778415
0.1312050740316724
0.0798459954116655
0.380536290633792
0.3734782980426899
0.8304198990614661
0.3179661729146995
0.32674667062431895
0.07923337194815089
0.42120520144297535
0.3175192473153034
0.0
0.6779511269452445
0.3948246647602897
0.1462139639027896
0.5800690586536429
0.0
0.2576401780777366
0.06198182062016835
