0.3437714888973477
0.3690494612839711
0.27775852079876023
0.617979712609954
0.6752014832434049
0.6216761652720504
0.6635882831211141
0.6277064699595999
0.7895194311296319
0.8942111305014467
0.39677293420848103
0.5773095708041766
0.5464744553548484
0.7872698312862528
0.6994920491386635
0.33696348593849607
1.0
0.6763128670123248
0.6771456602866666
0.7767519715152075
0.9424297235507246
0.7264404853194641
0.49758958543253695
0.4506254338269957
1.0
0.5494688691303334
0.3327099556280312
0.3315975815420353
0.2798699865676487
0.7452032451591447
0.7628848102848486
0.6197919859475987
0.6893377449758719
0.7818048754938743
0.744812335126161
0.7194438810497099
0.5780718080371283
1.0
0.8318477111944012
0.5797611976067175
0.8249597082288463
0.8522302793124522
0.4626670454861845
0.5012709330557441
0.3036467192499029
0.7420864378112387
0.4479350592698359
0.4532050786957862
0.5764423361360974
0.17478332657759982
0.6618232544057671
0.5017840881709387
0.9202054606424975
0.4238066920856564
0.5904692563363982
0.7778870483806947
0.5907497061299474
0.5565380970336107
0.18984583103673733
0.6444384251941336
0.8824665951555838
0.5629069600541673
0.9134166582735652
0.8400527372098453
0.37025365748368183
0.8674813478164479
0.8842222209905416
0.7599013196469863
0.5660895555285764
0.5599521749171362
0.5076785629039982
0.36812241881970953
0.5787009313672582
0.6323816693067552
0.8122379648926661
0.6422506006466173
0.4259082967384818
0.5802192587477353
0.6986039461037696
0.8468141001292834
0.6450080475552764
0.5329040586093796
0.5698509956457732
0.9088792632623622
0.7872579450702877
0.37193936312438103
0.29514519980484316
0.5090116832463377
0.5304306959535243
0.6372678212228231
0.8311498613777933
0.40261795843389564
0.16095798997353655
0.43720287796894997
0.6452968404546623
0.6517754726565501
0.7074897664098917
0.9337457743289556
0.0
0.7436041500478612
0.35697130944243566
0.3682669783614448
0.5307553806989279
0.5655876624753321
0.6642545357354915
0.5892875830976052
0.5206689781586638
0.3523636616879457
0.9448479586770783
0.174028465397494
0.47548274846659544
0.5779904071277725
0.5952195604348169
0.9266360789362801
0.7580483556086517
0.7841161893959354
0.289212167720158
0.31155119124775055
0.3454819648573841
0.6725193702699476
0.0
0.6606616632210754
0.6740703009036775
0.9842543731287346
0.338805006212664
0.5083558606861784
0.5139332714668448
0.6562839353897503
0.6290955692715379
0.514746194801416
0.7393410754190191
0.4953985940453659
0.7185597567162109
0.7376818974710553
0.6252852056093489
0.6342295722395909
0.6388488978481219
0.37221472692994984
0.28185245826686406
0.5818003018040658
0.3267334415716894
0.3476455735324439
0.4035139381076065
0.7112502130612365
0.5559047533238474
0.4606749002688072
0.7399989896575235
0.46956071151952505
0.6173517760518726
0.7524929866499528
0.37546030902199423
0.28241630023609754
0.709192305090894
0.7777947825585703
0.5501392867590752
0.709192305090894
0.8101238655606947
0.5802889802549994
0.8765633677620994
0.5697903244654886
0.4300264778614751
0.28109306158671565
0.5506814902570398
0.13886244510772267
0.06003650228966267
1.0
0.2579456694863229
0.513701773560276
0.7136540111377959
0.2200917631911596
0.33016361195704835
0.6480026870395137
0.5843696317228594
0.6888431544969585
0.8482378099999264
0.5563908441841998
0.5158116811264869
0.6721889651165762
0.5534250965244929
0.6571005687489134
0.2929215885514646
0.3394058686177518
0.6434893298795032
0.6789233349959879
0.6087519446660286
0.8169680711115811
0.8551096645790621
0.29755415025197607
0.8416109909694164
0.47802658407694026
0.9363792130813923
0.613761928199957
0.538193309197615
0.40893650891403194
0.5270293333897855
0.779113869162278
0.6273191467562678
1.0
0.33217370679797925
0.7541105135357258
0.8122282727255206
0.7199898948261031
0.37146987004315235
0.5952165559191984
0.5075551965177484
0.39452765401652873
0.3553625763824137
0.4945575905876849
0.9158008816699058
0.40884291044558524
0.37928226951479616
0.7510916732966976
0.34599058151320267
0.5670429520068848
0.6639455045487274
0.46363403667114217
0.369781092937154
0.3168949055417847
0.7904051200399911
0.275300084165729
0.4665292899409716
0.3095833183093372
0.6357710503910651
0.5690453851236636
0.30282824940314146
0.7760407745251946
0.381420547425243
0.807745299417704
0.09284389374779765
0.45612300129217465
0.4716829306989566
0.8077067614802884
0.3799309883219161
0.4682070268040186
0.31124859144298517
0.5656849345102616
0.5087660096047273
0.31590946742102144
0.7806120045149911
0.6868294708613873
0.06625422567104446
0.6834732404039083
0.7209946918355212
0.6288498145149176
0.5328319874859234
0.6178774756276796
0.7346189189206095
0.7688236862350246
0.3277893102520923
0.3910434001452831
0.6925904607162786
0.8674883611698336
0.5834995533666936
0.3182819833200867
0.5601240738170786
0.5114685249484575
0.25907656918895466
0.3844635248987671
0.8336218155104151
0.9154690451072178
0.4432214563246122
0.2921530450374615
1.0
0.3463109194417874
0.6273171010984443
0.8125952065338667
0.5876482659726899
0.7006946438410369
0.36360192080543274
0.5474244834017279
0.7295697188089533
0.6544267738567779
0.39027044112453757
0.4223128249814193
0.4274465491715547
0.4520179338959876
0.6867151825646329
0.5239241840965104
0.8392456373336434
0.3339371700994041
0.6226758730064055
0.7495534208636246
0.4462477644787947
0.5410069030461521
0.6925648777741319
0.45633434263434436
0.36448219078176874
0.5773497439975604
0.43316964216333803
0.5798258369395549
1.0
0.26394593738890554
0.43115819454270105
1.0
0.8009179637505189
0.749742782101588
0.33219482526982086
0.5865899938947634
0.21573318946112496
0.4634593310861576
0.6735343028630084
0.4989514750612068
0.2954526124495256
0.42814157021023874
0.5877482900643777
0.48635888215279865
0.7098356572886961
0.46871929274040075
0.5716794008507314
0.5246845919135166
0.5289782833157604
0.7388779424188529
0.6592368023814492
0.795630075460661
0.3997124720578209
0.6799978678078704
1.0
0.9030723709123619
0.5023232525517092
0.592136509534361
0.7569171052711016
0.6265916672770003
0.22829956205444174
0.566157729391621
0.5252098606058624
0.6234063252009644
0.3758747286172388
0.4893828611288945
0.023082618323892884
0.5519319688497941
0.7418009982710437
0.5640741225695666
0.3812568394650635
0.7879897891219783
0.40566753675154904
0.7193285368926449
0.870091080816704
0.47417254793475244
0.7163095777427402
0.8004265033862022
0.7799082368088404
0.40174646010647225
0.5823607005493593
0.5726203419175524
0.8507355357301213
0.7284209611766674
0.5309208154223212
0.5461879033973955
0.5352868164144012
0.5247558264628259
0.37681780768202283
0.9367729682378602
1.0
0.33533200583971107
0.9063290027202792
0.4920903164147506
0.6024320225377015
0.3139519248161658
0.503957831551591
0.49338326083780254
0.4929755053139577
0.5555657289286741
0.9064500561554664
0.8463320194519426
0.7243014692697453
0.9702133812984614
0.6309297680854797
0.8097566505640464
0.46748008926208373
0.7055311116138001
0.7374768158464272
0.7620596433002769
0.6435664964132292
0.6535880815174653
0.9486834139636449
0.7315449637439335
0.41197966730344815
0.40777830872726784
0.3231528336961328
1.0
0.905078259423306
0.687333273403692
0.8003074860137139
0.6461459670932972
0.5437713003958233
0.6977401074095398
0.6302687132926582
0.5165635208363251
0.8748177369138341
0.44264353730011213
0.8681495829353284
0.5832136145452465
0.937390361085903
0.556793400962304
0.6397282505984707
0.7211841090564407
0.31546488404273987
0.7689725196928557
0.561690556922083
0.8572048541960036
0.7982973176712033
0.7144614949247883
0.1734276588660733
0.527743727249035
0.3333333333333333
0.8656268665778205
0.507628814866854
0.8630798925827203
0.5821032077952398
0.4544793761081641
0.9271379699411277
0.9492756646493955
0.1517621921864888
0.35975905659351576
0.380089307232848
0.3706656904874163
0.8038716756608684
0.8471779747793526
0.43389861040497785
0.4715680308877694
0.37960256940083686
0.8464130364718316
0.13886244510772267
0.9173197457304564
0.9266535591499152
0.562647522764764
0.5892862401759918
0.7554797867934683
0.7093166201199255
0.2975589512235549
0.2640681333451695
0.4256786329473426
0.4704984494045075
0.41903527781166955
0.562647522764764
0.6164802887395487
0.5782428058421303
0.8691526829186157
0.6756746000290929
0.8674027703122371
1.0
0.7594118345399137
1.0
0.6034205728287059
0.9021891313339929
0.746079861912805
0.41109186092400646
0.7322338008197715
0.5846934316425847
0.8333765197002142
0.769558258027965
0.4892324703922077
0.7530839142807537
0.407351985981155
0.6356294861020325
0.3752658153878943
0.5868720830009573
0.6383829068442739
0.901592284211909
0.9008240653651571
0.9506109123884919
0.8936703698370537
0.3109840429804276
0.34884579429257084
0.8819910244427174
0.48274044686656714
0.7528365600632404
1.0
0.3172374886874446
0.5440857005367344
0.5355074964315034
0.8420631285199031
0.7565846896276952
0.6424840033818415
0.6615389897723765
0.8750489407567951
0.7222887005416068
0.4956497580975408
0.5268398572082825
0.6704391396091731
0.4932999459641967
0.5479116578079739
0.1473606415225159
0.7577885585021799
0.7401103438967622
0.7542068689905481
0.611578015256234
0.39042570672225263
0.7681499255646862
0.4673791231869302
0.671367234998258
0.6732161475742382
0.6832423347513025
0.5519319688497941
0.8969504416083214
0.0
0.4721783641461103
0.7777918217525084
0.5401461748379573
0.22543762233744163
0.32390136715244583
0.5927043084503648
0.5298982585563474
0.7646339150410258
0.5969021829495904
0.6841364735686716
0.4424183442556818
1.0
0.7019194906410672
0.880348597233706
0.06362078691860773
0.7306412569744503
0.5111393764778138
0.3667024729852551
0.4828104318801309
0.6078855218794762
0.5393978327348924
0.5788694627841771
0.5228608788185932
0.8736693614140792
0.8182095156351116
0.7119222322392386
0.14493368158163747
0.5792379441769925
0.7877736316421422
0.6954005421413333
0.6478547039067936
0.6092557472083331
0.6578041100818538
0.6997322791732329
0.5922197139117946
0.5911129982113666
0.8225271601336568
0.6951356658624156
0.7013785730629949
0.809102674091864
0.6970373904174529
0.8947415787493119
0.5230122651566066
0.3757677523278681
1.0
0.3616192296810633
0.7098610143539571
0.7614072534680608
0.894734734555207
0.2273648503043938
0.9363792130813923
0.6507136650612804
0.5422844798085895
0.8152500423990211
0.5239816058073115
0.7817974275075045
0.24966548973271555
0.42208010430420384
0.9674679937542567
0.6942421079011203
0.7361841939235432
0.4948006084029011
0.46857112114312716
0.958449834846031
0.2430339753321074
0.5299483234227454
0.8133681738937792
0.541533924338058
0.8403491890245873
0.5447227530299945
0.9567690441385148
0.5842535561943012
0.7121372791311952
0.5612256410633505
0.7356907965548072
0.29314036620174966
0.8194722555194057
0.9692571104728183
0.6114693789650611
0.765360638586779
0.9639404294634659
0.5962693882200475
0.7257480296591928
0.9363792130813923
0.43634674023203324
1.0
0.18840570591359557
0.6630578285978387
0.704533562110753
0.5779050366184648
0.651978090851303
0.5089110709356895
0.4044250060495849
0.6501804776461634
0.8786883754178787
0.628791753957871
0.6346354384950513
0.7047632213193827
0.9767748699085425
0.8704776274233025
0.7952796913292859
0.584020530174217
0.3562071919441223
0.6820221305706747
0.5906728663344999
0.3344734303226594
0.8928011574499547
0.4477345300108611
0.7398565458262211
0.5899610846902512
0.8871881507642446
0.37461251895609626
1.0
0.9315166889111991
0.7008049305148674
0.5817260414293355
0.5403259937729868
0.7780041892429913
0.915446266022026
0.7407636360697936
0.6234300921272948
1.0
0.7867555591711826
0.6523512638294453
0.9266360767498649
0.35274569599194866
1.0
0.754941951392063
0.6052602505308277
0.633977392816584
1.0
1.0
0.8227776324097592
0.7900941541623929
0.3333333432674408
1.0
0.6516503707112555
0.6896730066259368
0.5562321755789121
0.8364586160299896
0.39167322369243834
0.8476295556892071
0.2893079364983464
0.7991971330236779
0.6567280535684452
1.0
0.49435723508247975
0.7660139599266902
0.4774101128883341
0.4623836445499609
0.753201167582773
0.8285794614549418
0.9094199393894867
0.5488896085579175
0.675484749149922
0.31546488404273987
0.6127812989979792
0.972204622205334
0.5591461941366249
0.9148568849663433
0.7217558576145964
0.9076695267044285
0.6985391557257137
0.8468152618782518
0.13305200947246906
0.27910992051259187
0.6661108095533022
0.9897476994594657
0.8735830494258873
0.7806008117240387
0.6005491192445183
0.6630428629503321
0.8378956113955381
0.6199032085981566
0.7235872648962085
0.4883661179257191
1.0
0.3718350516315943
0.7179804174376103
0.6581810404937983
0.3068419798274429
0.6052602505308277
0.6700894658501073
0.7697646643107595
0.7013838558408036
0.9698808952545159
0.4254659964394773
0.833317081344011
0.4787933358087242
0.8160535308942355
0.5659082697883746
0.6306696004017832
0.04041613736974788
0.8963315186537519
0.7788065852596499
0.8081096686140503
0.6475834844199808
0.2734660419336599
0.9166604422093432
0.6785125136456044
0.6464323076608065
0.4557796216388787
0.7703650678275744
0.9538469538347071
0.6596731267693496
0.8703880161570228
0.8877874762725574
0.444511927790174
0.8204228707313285
0.8106916791582136
0.5214713305182043
0.679870355936426
0.46711090440091024
0.7547191635457502
0.5692059874562705
0.8451801850367844
0.3942413034162987
0.6695399241163326
0.4233594467891594
0.7519612852923458
0.23411373903596291
0.7462539811765273
0.40688689230419356
0.31158371528441825
0.8542856768720047
0.5529849120657633
0.49877827218580867
0.9313355339428258
0.4355358765636457
0.623728572640883
0.860824684045111
0.6609625842307287
0.6172662311633804
0.3813429851098928
0.6493940760874651
0.8909724106866598
0.8485585527409213
1.0
0.6419734047623114
0.7575347149984591
0.38685280084609985
0.5039082648271304
0.6795084005588234
0.8433836781312846
0.5097881832699259
0.4864536173800412
0.9157635311862097
0.554109429779549
0.6158221102058559
0.24778538580635076
0.5837177004503108
0.49893031776848124
0.6428608705389327
0.812891183008279
0.8515651651451842
0.9558305162193037
0.7972541092902944
0.6701341676793007
1.0
0.6876686468435619
0.366045412085207
0.9148568849663433
0.8613626733914086
0.49546532560158024
0.9284727724596676
0.8618619942721316
0.25612108961688695
0.7966092703502888
0.7420427758048326
0.5140589833390021
0.9017450870503514
0.5653407488775494
0.8760157282688787
0.9363792130813923
1.0
0.15787352968221577
0.6844149882963156
0.8341851134235237
0.7662017374938935
0.6445872037535039
0.9427256958746169
0.7788708833586504
0.3275589727000141
0.6140856315401076
0.8694072510998744
0.4918032273713886
0.602720016028242
0.9470904201189839
0.47098851209770737
0.4986355096623786
0.42531697935719043
0.5150071048791776
0.6618313197487639
0.9639493532621028
0.9694448980363383
1.0
0.9219080605788385
0.21840743783974695
0.3986636111668171
0.9611831985287769
0.7799082368088404
0.5091275677458605
0.9313954463834127
0.23719770674136365
0.9266360767498649
0.8340144678939287
0.84364805939006
0.892215265613679
0.6339558048678239
0.6842885496756356
1.0
0.737796957917654
0.8509587707698988
0.8191731340688536
0.9603732797640228
0.9890332436678795
0.8320189992757543
0.494375186413889
0.8487484942059946
0.7474427037576886
0.9214768319681497
0.5934925827111981
0.6349708727036557
0.5574726985329131
0.3324530013278468
0.8491920148951699
0.9133266173719004
0.9112986603516873
0.9093232970701284
0.7401712784054276
0.44890366987499486
0.17473848145684173
0.5868826730870861
1.0
0.9060392215944233
0.9326344866437674
0.7211736529069279
0.9086790826699812
0.9417217743941795
0.9066056102712309
1.0
1.0
0.7953617607430248
0.6874362202954459
0.6497573902619806
0.9169159218914099
0.9510907178332433
0.7257137282354492
1.0
0.5497260021624808
0.6184312342163594
0.7964512119862324
0.7827392859559237
0.8309072385899652
0.8095897768909431
0.7946250723440446
0.6700321860753438
0.7015099678724867
0.4266703235699547
0.8648006881824023
1.0
0.6150427255728553
1.0
1.0
0.7972535627564008
0.6370381074193375
0.5657454079654466
0.9438661571896889
0.28834803148577076
0.8427335976390036
0.7808926294319082
0.7070519017089342
0.8383354505210084
0.9427802064361055
0.9905701061340656
0.9944564848165108
0.8251049376233073
0.6943559495587053
0.8634162741877063
0.7867918421386475
0.8488102304221082
0.8323381003777784
0.8572048541960036
0.905211632258121
0.7206588220855192
0.6580129073492446
0.6320444654811115
0.8831476301413419
0.7122173856023899
0.7652131193600484
0.7731227379282574
0.6182885048835882
0.5358824789963964
0.5671350904494352
1.0
0.2809758010538261
0.6993162457857982
0.904803236130669
0.8584192563419343
0.39763357600660665
0.6943559495587053
0.8120483995560918
0.6538181417611764
0.47001826012566716
0.854056938859623
1.0
0.9378480832286089
0.7074453570301074
0.7251279595902229
0.6312191606004328
0.61233728945702
0.8766681157532538
0.7592829790433566
0.8872590091738772
0.5267866707972517
0.8031611296567237
0.7761247344491494
0.7325264674946048
0.14926018039797262
0.7701598284212763
0.890970281240907
0.6316501669559119
0.6458288955602345
0.5887337330087081
0.8334955782860299
0.948548827329397
0.898204849617761
0.6677077412574081
0.9756435781437199
0.5746072122617393
0.6558507127794986
0.6747713829478843
0.7024865473415304
1.0
0.6509430975030185
0.9342597244441477
0.7860032520672413
0.9636290058135427
1.0
0.4384553030619972
0.9878300693110376
0.6328200234227052
0.853319830364656
0.7799082368088404
0.9556381243091279
0.5377509043865357
0.955150814616673
0.8484376002767051
0.6045003293218899
0.9774699280407125
0.8530356804001041
0.8126366688529726
0.6207412923067501
0.9354556211150676
0.8826752112532524
0.9099301996691815
0.949803641018121
0.927606170042806
1.0
0.6505765936828731
0.9592539987136054
0.786179569771805
1.0
1.0
0.8119305878320027
0.792741670308292
0.9790024133329434
0.8855748734292901
1.0
0.9219130581711711
0.697934990648332
0.9886283417481285
0.756744127000921
0.24729745777948106
0.8341884433086718
0.6410457917011178
0.6666628318840307
0.6943559495587053
0.998166613155876
0.753712979643328
1.0
0.788929105687881
0.9270192619166872
0.8114553386839879
1.0
0.6083571663780855
0.2468604509362749
0.7525406602374963
0.4908713015185053
0.7867203444324312
0.7097794315441678
0.75853442668486
0.31546488404273987
0.5652335552938612
0.905211632258121
0.917596107695304
0.6717617665971908
0.9461945423463586
0.977015371748563
0.7962707082908096
0.7444358820306262
0.7508989095228729
0.6838309981905716
0.5685094709593318
0.6863129105906267
0.9337457743289556
0.9674522068937882
0.7015726493348252
0.8692774344545625
0.542683889628673
1.0
0.49803424550942255
0.9356257269283649
0.821146932385694
0.9584272390041125
0.9165806212622707
0.5951787417000071
0.7980406340997885
1.0
0.5234150686649287
0.7630435434175795
0.5708289097377873
0.5350006768164235
0.6598266668270354
0.8118374998657544
0.6943559495587053
0.8943938968930089
0.9505310072166184
0.6998173378112881
1.0
0.7881167717903446
0.7231900657293145
1.0
1.0
0.6323528338377924
0.0
0.5951753473575878
0.7695937167305195
0.9662313694019408
1.0
0.9705437020919879
0.18154178830288964
0.7100281355284709
0.9862529117094336
0.8524286092983804
0.6943559495587053
0.5004798994725821
0.7409947403096079
0.9325834068677145
0.6043719430873463
0.9196535659578955
0.37045352546902394
0.9305687774461386
0.756620936599176
0.37504640562578745
0.5481702913527671
0.2849056027193358
1.0
0.9336309260473719
1.0
0.6119968990555609
0.6935732831869609
0.7346926422577968
0.6233537489400789
0.9021375865999062
1.0
0.43067657947540283
0.5817701329370086
0.5294987505059413
0.6346169369833509
0.48566376741021516
0.6520910679091254
1.0
0.8804804516853523
0.8651326641191606
0.8764179017182223
0.45202705972308255
0.9597124848834896
0.6514187300530005
0.708200630697627
0.3284642118941309
0.6425081064302771
0.9171613517542001
0.0
0.5748572971789001
0.9348147136109278
0.9148568849663433
0.5206083578793466
0.7432014104593025
0.7864959992825529
0.4841935332616685
0.36474425779855774
0.9562299812505937
0.8752857909038478
0.8902987272534321
0.8674506733485707
0.7523405974027595
0.724267376333356
0.8575580978448336
0.599696646454331
0.666507169494827
0.40242939342440287
0.48488457288381803
0.29701634016326817
0.7074749005779382
0.9707455395449056
0.8871958794203381
0.7729225579746185
0.49779776092854056
0.5733335162891064
0.8128496151437152
0.8304198990614661
0.6049339043160605
0.34992665181329974
0.747527884459073
0.9060254394071405
0.13305200947246906
1.0
0.5759143403504522
0.9317137634869556
1.0
0.9216017310636463
0.9496484518382338
0.8965528523969009
0.8032285585008265
1.0
1.0
0.7799082368088404
0.7055832399587298
0.7102467606809909
0.7554711674573541
0.882473826566985
0.9216017310636463
0.5338453858395418
0.9337457743289556
0.49079509204340555
1.0
0.6515215868446518
0.581915311792787
0.5076023923510532
0.9664515718838927
0.9148568849663433
0.7063509870975225
1.0
0.6821904355911055
0.7164034224103217
0.5554622291862197
0.5841034304015704
0.696917964596537
0.6805916673979203
0.8414929617162082
0.47994894711241093
0.630201479146914
0.6366587123787495
0.7204944714551046
0.7238825263664284
1.0
0.6147876696742917
0.80345280971977
0.42221000201590336
0.592105515028042
0.475975301081574
0.7299620016645978
0.6152117382973907
0.9363792130813923
0.0
0.0
0.8247563977038032
1.0
0.8899541184044202
0.9102395485220781
0.8128291496684918
0.7556681138646559
0.9117518655600277
0.5
0.7360576474326791
0.47906917563963125
0.7072040954829685
0.5278368370433241
0.5566652713778033
0.6098376504149099
0.8237307324880815
1.0
1.0
0.557519876467145
0.9759927173435501
0.7152906036776042
0.5589551409541612
0.4215260165110341
0.3510684273300023
0.61931940158705
0.5729390579499845
0.9076145456220499
0.6190810627232174
0.6949848460269095
0.40164531917750695
0.9543641161665546
0.2934556864412947
0.5437713003958233
0.7944810750596205
0.8845422422145115
0.0
0.9356172036972374
0.7585226840012446
0.9091316954976753
0.8368283854034931
1.0
0.9592849589994552
0.5976052045550605
1.0
0.8032285585008265
0.0
0.6177225348427439
0.8511776583276122
0.7317662167920896
0.7763057651137453
0.7221307602431863
0.5718377951011362
0.5840089193284222
1.0
0.7693774032400785
0.26437932402292447
0.5503141519072379
0.0
0.43295704799311513
0.23938361807250735
0.5276259210451746
0.6038628077912636
0.4351519642034093
0.9399992342720399
0.45449827985421815
0.7091763913979958
0.7179604708208083
0.3381456895690599
0.8035575980679377
1.0
0.4692787228264419
0.6610514364746309
0.12161211780972887
0.6311443348565761
0.7467045939743293
0.6399196450876447
0.8327621632848705
1.0
0.6563033055548185
0.4490995557044622
0.6418445590031079
0.717429238530775
0.0
0.7696804246430776
0.8717984791313841
0.7623346953237051
0.3482703633599485
0.892638271058051
0.3838123058450613
0.9321326200965965
0.8290039173585174
0.2750666155534188
0.8357804097042597
0.6173801327005045
0.6943559495587053
0.6384900745434161
0.46092585202033043
0.35575140745639355
0.6954023195566466
0.8399112315208268
0.6466536141846864
0.5734654077287663
0.4826429845843588
0.982920335864307
