0.40578426155009867
0.6599962754061167
0.3278632460565354
0.7636233761623141
0.8355980739567356
0.7549022623872907
0.7443930102824796
0.8145190710471569
0.7983417850277946
0.8208740533083518
0.5302218950178954
0.6269807880677876
0.7091707733371685
0.8404523734646897
0.8231540165800004
0.4120896337870495
0.0
0.8478333292625736
0.6842220596220777
0.8166587819067537
0.9518284717005897
0.8547813652811892
0.6331459265687451
0.5129537509930452
0.0
0.6699236873651132
0.5577099833496113
0.3344035411030015
0.33769518470360294
0.7794860041625071
0.6914693001440824
0.7722543782684502
0.7921826802542181
0.7818048754938743
0.8312401646529689
0.8383155983683659
0.7413098690518137
1.0
0.8501886914603312
0.640161755751127
0.8276516205315891
0.8195156670277325
0.6780571612643135
0.6336766534394385
0.40059044280991585
0.8164241024582511
0.48889028090658354
0.5608207418600866
0.6203877361409071
0.43427003262474384
0.6936357556473294
0.65020116234596
0.9202054606424975
0.6368460509185581
0.7441892169577177
0.8666761228171179
0.7777462779462656
0.667403572775208
0.25045693135921276
0.7246672556101477
0.9118499463666879
0.6994952650437601
0.9350624937051739
0.880039552907384
0.5989681792235481
0.8519752148657661
0.9131666657429063
0.7820766545590644
0.6134331545478846
0.6234270286472651
0.6965997951127848
0.5425200052256988
0.7817979833244975
0.7918683649378898
0.8835308024374908
0.8082529107276045
0.5694312225538614
0.604018449715068
0.8180284409252309
0.9152289432720976
0.8184002769762682
0.5532173917446465
0.742631323676641
0.8531782411509893
0.8989440194699276
0.555352195152957
0.3248489130984525
0.46418049863743066
0.7005140875695876
0.7678088642248597
0.9065797106797648
0.5448517286977896
0.15232257549328923
0.4390352810636987
0.6452968404546623
0.615162758975794
0.7213003874873262
0.9337457743289556
0.0
0.7729875012589652
0.5129942552731198
0.5424132840873804
0.7122617127940234
0.7735069328470844
0.7979599951815216
0.6828978458094502
0.5978931553773198
0.5810817773031703
0.9238850116642222
0.311906295479525
0.673644751893763
0.6979966524451899
0.7274875372519531
0.9449770592022101
0.832973138403796
0.8222205643209728
0.5664695552767419
0.5743223556859688
0.6014010369141763
0.8129443265788836
0.0
0.8025816342531302
0.7684152520663403
0.9896136739822821
0.4935137200996794
0.6138354160496574
0.7099916340264728
0.7304666346229765
0.717280870572795
0.5805746548471609
0.8147924797491203
0.6215489455340244
0.7403997546092319
0.8078157399401057
0.7478514795487564
0.727649368468711
0.7232913339629082
0.4836942785024286
0.3332912416286003
0.6746431387085574
0.38567272910605005
0.512255018799806
0.5350658267772294
0.7805513224708808
0.6705763124058767
0.6824028126338025
0.7725304890957296
0.7091342312176572
0.7130138320389044
0.7951677233969219
0.562181679962966
0.2808718078598298
0.7818942288181705
0.8541845434947124
0.7669228500562426
0.7818942288181705
0.8575928991705211
0.6615845637250619
0.8798851185851361
0.7532710892804593
0.6116497696523532
0.5217025186746574
0.6334042580513825
0.13886244510772267
0.13032043646914807
1.0
0.304476364076279
0.6428763529709446
0.7686769519355858
0.2200917631911596
0.3559000967072276
0.7096975824552486
0.7258367327585716
0.8229896142951197
0.8665787902658564
0.7114572362746676
0.6471111921516884
0.7505366105289284
0.6650688223933697
0.7269202298320331
0.4345703341739176
0.4729779268802467
0.7867963115741238
0.7886943613023578
0.7065639584995214
0.8627260533336858
0.8679299839145369
0.37615011307212565
0.8812082432270623
0.6656091336412108
0.9363792130813923
0.7466410939983672
0.7179721693060538
0.6847743665804444
0.5395800994745192
0.5420126551229888
0.6635292657636138
1.0
0.33217370679797925
0.773784020629949
0.8591712045441404
0.7740872243899254
0.42083610109604536
0.7432626204338754
0.6142070752726522
0.522425632449406
0.5596779606493533
0.5480410807439917
0.9100227363462389
0.6475992170439858
0.6099257316244483
0.7510916732966976
0.4084036552098936
0.5670429520068848
0.7612212209048909
0.6487471881224115
0.6244541633516513
0.48001397533483026
0.8276411601457582
0.34506048633267966
0.584592291992224
0.36542890340128137
0.7845907121110983
0.6634536681652614
0.43748340057418206
0.8654140657258568
0.498216075392757
0.8558089745632781
0.12248568534019798
0.5072184940818528
0.5514998551554572
0.8486373460079439
0.6440558884836195
0.5523580209457049
0.4668728871644778
0.6362487233779648
0.6694735816174207
0.5434181350029614
0.8195538066565915
0.7100991623482507
0.06625422567104446
0.7626049303029312
0.7546082810862166
0.6861325969224479
0.6219501353469944
0.7651916590572221
0.8036046921756039
0.8066946303913638
0.43244091445023747
0.6716095445806232
0.769442845537209
0.8589642434045367
0.6887401921633237
0.5252298270645634
0.5928929007152391
0.6540092736565072
0.3501432812888659
0.5967023724857299
0.8232383110984548
0.9465705179811996
0.5587190003079894
0.4513898217366583
1.0
0.47311458597705064
0.7853915292064081
0.8893946732297056
0.7279994262156192
0.8381657137332545
0.5829857588492886
0.6737783382490484
0.783486907684652
0.8164707152502986
0.5042918231194308
0.5724489421647484
0.4880505006819812
0.5457167912524326
0.6867151825646329
0.7045562189040118
0.8620764223617673
0.4543306422205352
0.7235579342412787
0.8121650656477185
0.6022242518845365
0.6821159868540494
0.7470640688970669
0.5936081925351757
0.43577742583386303
0.6830123079981704
0.5893391312381491
0.6307977377726678
0.0
0.2836888229205731
0.48166846942068187
1.0
0.7298910332646104
0.8504501793463561
0.3921192891686554
0.6349195546232826
0.47678909589786184
0.5628788870376875
0.7356601320060038
0.6046140390618167
0.5258898243401805
0.6795733318321816
0.6927876566568248
0.5401466535827206
0.7812619055833082
0.672611978133193
0.7341323898495317
0.5034844467757531
0.584162161102174
0.8041584568141396
0.7846138001999088
0.8438311114077056
0.6669208389287241
0.7599984008559029
1.0
0.8898008166963561
0.6531466532994485
0.6941023821507708
0.8405052796239355
0.7230108836681918
0.19969821997665116
0.7210422163151103
0.5252098606058624
0.675732450148227
0.48620710715105925
0.5656768049693969
0.0389214599406533
0.6514947098259308
0.8154842810441084
0.690794703825138
0.5577660183708407
0.8313668580248713
0.5582497241593272
0.8606488516931642
0.9210218645679497
0.5861850303329208
0.7950975089807935
0.8547347667375436
0.7799082368088404
0.4647123126082551
0.6245097528675307
0.6904808085508384
0.9253258034161126
0.8365898030029385
0.6045239228203952
0.7297696100737571
0.6265290996946564
0.7474555964074066
0.4915090237174916
0.9059927486181498
1.0
0.5059322343508934
0.8710051323239711
0.5918261422501692
0.6449431904837916
0.4093163496423788
0.7139494387664561
0.6659652003946441
0.6300228865171529
0.6916888624433781
0.8606729826710822
0.902294684433877
0.8034995336644485
0.9778533333525348
0.6309297680854797
0.8203601150504811
0.5774978920448443
0.7708779443318083
0.8206304553530481
0.8496050349134252
0.7266433570451304
0.7872022189608896
0.8787966125089169
0.7315449637439335
0.34560766420345607
0.40777830872726784
0.40851043358475525
0.0
0.914244305753185
0.765499955052769
0.8918313049060552
0.7627039256557463
0.5437713003958233
0.8129232171974514
0.7585252101882088
0.678293093813318
0.9110535096281384
0.6537105510643695
0.9404178817481559
0.6679853917939296
0.9705669477136946
0.5166731307113596
0.7677647743250962
0.8010184371183675
0.31546488404273987
0.7010867247563057
0.6685297209802727
0.8572048541960036
0.8942074156109184
0.7536770716789919
0.1734276588660733
0.6864522203646697
0.5
0.8736612594966041
0.6307216111501405
0.8657490388027891
0.7358599678290738
0.4544793761081641
0.9138719150241373
0.9492756646493955
0.1517621921864888
0.4246558188522488
0.44865343357379206
0.3706656904874163
0.8529037567456512
0.9098052417731647
0.5291182780746091
0.6228656748919236
0.37960256940083686
0.8187075583873978
0.13886244510772267
0.9462950076878927
0.9003006047634161
0.562647522764764
0.6373927914128568
0.8166098400951012
0.8298963840988782
0.39255906445212196
0.2640681333451695
0.4831162521077673
0.6317026489096406
0.5965051248153805
0.562647522764764
0.7327736867243556
0.616861379111826
0.8455491986610447
0.7781211059222453
0.9052770317063448
0.0
0.7315855481809831
0.0
0.711482548270284
0.9318479935594365
0.6790093884696072
0.585841499135104
0.8518954679055706
0.6919313542436364
0.9301472486890919
0.7536298178132934
0.6945331237524318
0.8406845016704696
0.6817331862231605
0.8278734539588392
0.46796652844603204
0.5868720830009573
0.8102617963090929
0.9354820604880206
0.9256180490238678
0.9477666284792517
0.8991669749564041
0.3780353720434342
0.2951614732556904
0.8477646435553454
0.6124454825167915
0.7040978021378668
0.0
0.364910204091539
0.7094006360141034
0.5986151611715153
0.8815473463899273
0.8280429574743398
0.7347995979211046
0.8133636259834967
0.9073130392347911
0.7917165254062051
0.6607956488691125
0.6451298929062119
0.7886857708723841
0.5456355989372831
0.6236078265189018
0.17394295639106522
0.8073779606716948
0.8163057497679189
0.8199225651777354
0.7050499675746796
0.551495407497597
0.803407868172353
0.4673791231869302
0.7542433878379019
0.788596432302018
0.7685055833041498
0.6514947098259308
0.922712831206241
0.0
0.7105651766767562
0.7778191713237048
0.6403320061586537
0.4239166646312868
0.35699126782008417
0.6606068692815471
0.5298982585563474
0.8664603624775393
0.7341036099009561
0.7685863174448073
0.6580336988583132
0.0
0.7292910908590835
0.9102614479252794
0.06362078691860773
0.8086109465315577
0.5111393764778138
0.5300476788406494
0.5739477343228548
0.6885135341558004
0.6818743936264148
0.735344872335912
0.7018669452407935
0.9087476854054963
0.873333235557136
0.827366494181608
0.1912059113508043
0.7218256521589232
0.7877736316421422
0.7715504066059999
0.6716755924838776
0.7069418104062498
0.715329379958473
0.7434578082154576
0.7615273040161221
0.7014514559426428
0.8917208213177611
0.8253483129948836
0.7760339297972462
0.856827005568898
0.7445384989267049
0.8632875609338251
0.5589774273112262
0.3757677523278681
0.0
0.5520046800811843
0.7904241260025295
0.8350636312430881
0.8716880520633699
0.28990652042639303
0.9363792130813923
0.7380352487959603
0.623525112543145
0.8781329376663223
0.6055960566522504
0.8401364620537064
0.23300091455620112
0.6481520621521718
0.9674679937542567
0.8492758340237562
0.7991999150028702
0.6148804519862239
0.6795684751445401
0.9511891933866119
0.4494655693993905
0.667666637453665
0.8673913898455919
0.6392209670926589
0.7981790186774275
0.7160855866091236
0.8952586303430933
0.7228136383685138
0.6806561043620626
0.7126736866649452
0.7545885878235784
0.47687354285524575
0.8810214814696676
0.9571017836864445
0.7566016432908567
0.765360638586779
0.9502344115476876
0.6630507303321084
0.8482022572478063
0.9363792130813923
0.5339277110413917
1.0
0.2512800436977091
0.7652276751174777
0.7865759514541724
0.5779050366184648
0.7389835681384772
0.5411515431951477
0.5112498401582493
0.7674662196163714
0.8970171437502726
0.6512490592969371
0.5564135012248119
0.8154680418479747
0.9429080416138519
0.9039221024780069
0.854538873837339
0.6033197987096115
0.3562071919441223
0.848003137695451
0.6734050825167865
0.4550602389035172
0.8478194769252501
0.4477345300108611
0.8081250405829509
0.6785919892580989
0.7689664337808219
0.37461251895609626
1.0
0.9505325017121777
0.7838826518144072
0.5776579902616238
0.6171205914694595
0.8846905468666357
0.915446266022026
0.8190640964682706
0.6361233556439283
1.0
0.8148648982761433
0.7179776691136698
0.9266360767498649
0.3649415965887723
1.0
0.8551902180675951
0.6052602505308277
0.6394794839695056
1.0
1.0
0.8830983801106573
0.8423222450163744
0.3333333432674408
1.0
0.6041304551564713
0.8266483066298426
0.6574805162198407
0.8364586160299896
0.578432533911667
0.8899383722366273
0.2893079364983464
0.8493978497677585
0.6994189440634507
1.0
0.49435723508247975
0.8471330185921866
0.4774101128883341
0.47443530227917163
0.8335789122974104
0.8567862928209276
0.9074922397682936
0.6702374437098494
0.7655931443650132
0.31546488404273987
0.7703497724276118
0.96787197844394
0.5591461941366249
0.9148568849663433
0.8512062751443837
0.9221570801186934
0.7949271431169057
0.8932649571417451
0.13305200947246906
0.3966352300321668
0.731967558453953
0.9928564702266884
0.9073821140405921
0.8814566079483381
0.6005491192445183
0.8037763589259482
0.8794842949201769
0.7351586860545012
0.8019705577929115
0.4883661179257191
0.0
0.3718350516315943
0.7884853130782078
0.6581810404937983
0.34669956748370506
0.6052602505308277
0.6940273231277827
0.8364095314761211
0.7218106858075928
0.9685065661441109
0.5788581107871484
0.8702678087385196
0.6839538602121993
0.8030999534545032
0.7264888599353674
0.7395645412837751
0.05109165719481766
0.9191587241312188
0.7788065852596499
0.8385759558620729
0.6972170896876921
0.30281422476420683
0.9200558247587202
0.6918724251340571
0.6961806463487253
0.447363897213309
0.8277738008706809
0.9538469538347071
0.6935462827426476
0.8907254028510433
0.8153574670906284
0.46380727304377695
0.8204228707313285
0.8711478632713325
0.7181463861277413
0.7401180072535007
0.507978585783724
0.8160393726593127
0.7425747141484712
0.90914407411247
0.6352363210711246
0.8184698511984788
0.4233594467891594
0.830555203375002
0.27866868824686
0.7537958589450487
0.4800273181689663
0.31564588708945457
0.8523513619540546
0.5962665502126291
0.7394011058650956
0.9606940983194994
0.5925584577791749
0.7006435582001301
0.8378271221918884
0.7551033599656556
0.7440932473541615
0.602636512521681
0.6078766732607085
0.9182293080149948
0.886418914555691
1.0
0.7505366105289284
0.8109666045477539
0.38685280084609985
0.40375780883888995
0.7722763065246566
0.893475554938995
0.6599681579843983
0.6627584013884015
0.9391535352107152
0.6598952935936173
0.7868753608665298
0.2323660015286837
0.5837177004503108
0.49893031776848124
0.7321456529041995
0.8727166715767696
0.8429725585867514
0.9668728871644777
0.7972541092902944
0.742694513376018
1.0
0.7737396427577355
0.3457060432467497
0.9148568849663433
0.9207628650813744
0.5839782468748381
0.9142223878973911
0.9154690451072178
0.34441250661858464
0.8658368800178701
0.7420427758048326
0.6355442375042516
0.9208297241986328
0.722728536900118
0.8760157282688787
0.9363792130813923
0.0
0.15787352968221577
0.7801087747864003
0.8293717901836312
0.8072934974819548
0.7591405344776865
0.9646716668623543
0.8341531625189877
0.3672644200716843
0.6488718167327401
0.832933119554732
0.6230266905224697
0.7161739213092755
0.9248116894287698
0.6593638878078395
0.6132780779094419
0.5489367556259143
0.6233554912051674
0.6618313197487639
0.9743847217335846
0.9782895035157546
1.0
0.9348490839059174
0.21840743783974695
0.6098331273402955
0.973594340611861
0.7799082368088404
0.7565135046451367
0.9519231069353025
0.23719770674136365
0.9266360767498649
0.8346642108357978
0.8845001908059771
0.8852968111978566
0.819014563376802
0.7852329737064795
1.0
0.7835162896096449
0.8391202284708993
0.8913569402417268
0.9738836349977257
0.992570263700177
0.9207978180670424
0.6917597107199747
0.933909110256723
0.8403661057016212
0.9266051503513307
0.6833876215978583
0.768261300649607
0.7307027372537286
0.5605757540918993
0.8491920148951699
0.9276933453777911
0.9334739952637655
0.9401867066620182
0.7963456636175315
0.5705046877026461
0.2616900942227563
0.6199062353809249
1.0
0.8796576484399605
0.9405800759277351
0.7750119564269996
0.9144205862576933
0.9281400514106964
0.9383940323316675
1.0
1.0
0.9083293758084142
0.741829950730059
0.6497573902619806
0.9245277145342419
0.9633180383749325
0.8654471659693211
1.0
0.6488908098745801
0.8047541165488868
0.9105840965461012
0.7827392859559237
0.9365919548001697
0.9098023656878438
0.8824782232138182
0.8206579900989481
0.7015099678724867
0.4528767515673763
0.8718846255883038
1.0
0.8043749282438305
1.0
1.0
0.9014389158525383
0.7675857622694008
0.676936682454473
0.9438661571896889
0.28804156755817467
0.9472178133023363
0.8473318238168234
0.824735228776821
0.8978166856103647
0.9580785939634358
0.9930912996183023
0.9907319206603042
0.907940800420975
0.8196104835463295
0.9048321000703817
0.8808259737523231
0.8991777565282386
0.9172216025637728
0.8572048541960036
0.905211632258121
0.7723451599874442
0.6812825988361078
0.672564275055847
0.9143894911520515
0.8617867534540482
0.8130596694722294
0.9008636639078379
0.6182885048835882
0.6933274273546952
0.6369929551852028
1.0
0.4236824989520549
0.8282693848876749
0.9286024270980018
0.8989684189045535
0.39050916770069316
0.8196104835463295
0.8120483995560918
0.7853696311595768
0.6394726825848909
0.9007202392656668
1.0
0.9562033998772341
0.8401149785029747
0.8378193304882943
0.7367576619211769
0.7362871461815448
0.945831991612442
0.8035113505435371
0.9628558169512966
0.5546169065989155
0.8557883261458333
0.8523246159504958
0.857403463657653
0.14926018039797262
0.7726770028264
0.8542433907806245
0.6316501669559119
0.6197845487271829
0.6066472018135536
0.8839445969855494
0.9682543596882579
0.8850764699008705
0.8338470192060149
0.9791443933138754
0.7030657903244091
0.7080426113575781
0.7800080886357499
0.8546028308489723
1.0
0.7041395853003409
0.952513876493453
0.9178784852545913
0.965643529962629
1.0
0.4384553030619972
0.9873648236116815
0.7502208057293752
0.9033742217731725
0.7799082368088404
0.9713041387887567
0.6766386992545574
0.9675653262564283
0.9147067488123726
0.7102418367988254
0.9731935723141498
0.8961558517076607
0.8357804097042597
0.6207412923067501
0.9123758963301484
0.9140433790325656
0.9354017234136757
0.9567565680565564
0.8806436354432383
1.0
0.7949347332027987
0.9525588278785457
0.8589571113455283
0.0
0.0
0.8191507662553358
0.8455491986610447
0.9609548164146451
0.9186968411665866
0.0
0.9438877504815807
0.7853719705683798
0.9854359342741769
0.8532275780870202
0.4539870864323556
0.8785201210862452
0.6410457917011178
0.7211648775299435
0.8196104835463295
0.9986400190961324
0.8898382423247374
0.0
0.8729145136724261
0.9270192619166872
0.8618649804419698
1.0
0.7517135361902004
0.3917279934455028
0.8465403477693633
0.6504347396126865
0.8581218614276176
0.7651905773410429
0.8761906167954784
0.31546488404273987
0.5993119060532317
0.905211632258121
0.9284491869911534
0.8070890743571133
0.9572049245355978
0.977015371748563
0.8222838516531061
0.8791496848875751
0.8805177419543172
0.8616513222388681
0.6034174911017051
0.7355256087878937
0.9337457743289556
0.9549958449953249
0.8161775210486845
0.9055752681275346
0.6174737410170544
0.0
0.5678728654355945
0.9516905931684111
0.9075199122047573
0.9743493909110547
0.9227102306687656
0.7036354413092634
0.8772480682705839
1.0
0.6701222778781756
0.8018613795741966
0.670187180519247
0.6873935514895446
0.7988517847999471
0.8118374998657544
0.8196104835463295
0.9207954226697567
0.9505310072166184
0.7659272083750622
0.0
0.9135589178896496
0.8616116220118135
1.0
1.0
0.6323528338377924
0.0
0.6897315728664296
0.8387367985042772
0.9774810881359836
1.0
0.9705437020919879
0.18154178830288964
0.7100281355284709
0.9732552346244987
0.8971761880176925
0.7294157253194942
0.687701101858206
0.8429095845918658
0.9430884761533515
0.7543360048001988
0.9329681933687846
0.577021819761614
0.9305687774461386
0.8194647901575735
0.5689865598872519
0.6310730089372345
0.5361347006894822
0.0
0.9051599678860864
1.0
0.5508905350138037
0.8336536652172035
0.7346926422577968
0.6332787526017167
0.9108021924089171
1.0
0.43067657947540283
0.6265855252948043
0.5404815763594533
0.7750606770043275
0.48566376741021516
0.8091752319343435
1.0
0.9321376966775738
0.8272656673992109
0.8904004097316567
0.5619715069664893
0.9326917582257269
0.6853715158898129
0.8049372794182444
0.3753713770780043
0.7292427685813772
0.942342958985207
0.0
0.6885242193587421
0.9012959524032422
0.9148568849663433
0.6120291680714267
0.8505182510841901
0.7301010456644249
0.7119748487687549
0.36474425779855774
0.9591891070453593
0.868032745841846
0.9186251191103242
0.9282135641910708
0.8142554480520696
0.8581679657779415
0.8788904487657382
0.736968781169025
0.8164625046417934
0.5309109524049598
0.48488457288381803
0.32224923028071834
0.7973737948335584
0.9654191537902042
0.9334235993274956
0.8108703764218411
0.573087370503118
0.69180632161503
0.8857577494531206
0.8304198990614661
0.7109209776942371
0.5349131451176523
0.823282177321586
0.9060254394071405
0.13305200947246906
1.0
0.6600775755619532
0.796654114403213
1.0
0.9216017310636463
0.9217173893175166
0.9296286648886554
0.8838665266584494
1.0
1.0
0.7799082368088404
0.8167280735774114
0.7826850705107432
0.8233696733874101
0.8964802104558053
0.9216017310636463
0.7138781419940704
0.9337457743289556
0.7554369208277008
0.0
0.771978223056691
0.735747016706211
0.6956698855193681
0.9787950445010101
0.9148568849663433
0.8071973914709967
0.0
0.7903625067145753
0.8512954958617568
0.5554622291862197
0.7118291915788654
0.696917964596537
0.7827181190424298
0.8414929617162082
0.6216697106726485
0.7262398201490047
0.6366587123787495
0.8329131770520277
0.7553167319464608
1.0
0.7965648880347458
0.9164295147227779
0.6061468375781587
0.7225242052863422
0.5523670722934463
0.8585987918091553
0.624438815058742
0.9363792130813923
0.0
0.0
0.8734164213336855
1.0
0.8899541184044202
0.8553700526037754
0.8947344564489121
0.7605669644376873
0.8979960629959992
0.5
0.8759195996267714
0.6409135750987764
0.7959876173009564
0.6994267479669795
0.6614287951375653
0.7753478940198699
0.8135280941766515
1.0
0.0
0.6855749734170845
0.9303504753403723
0.8013900226218856
0.7427644307841329
0.4215260165110341
0.3510684273300023
0.7007627393486988
0.6797042934624884
0.8909491781794588
0.7248511122205402
0.7874735699462414
0.5369813026085913
0.9423098523426396
0.2934556864412947
0.5437713003958233
0.8515476704328653
0.9134066816608837
0.0
0.9394667580652315
0.8022907131241437
0.916256587987343
0.7390135617209994
1.0
0.9414062630692821
0.7728566296715724
1.0
0.8838665266584494
0.0
0.7717313293014615
0.8942563854148455
0.8116249068663884
0.8098066089341166
0.8207764361933177
0.7401353170390367
0.5568640438908956
0.0
0.8310370779443013
0.3213822007063177
0.6654108299231752
0.0
0.43295704799311513
0.23938361807250735
0.6201770585890746
0.7386950637365972
0.5869779980180712
0.8951559778591365
0.45449827985421815
0.7609175222572226
0.7872747337407722
0.32462471933964115
0.8035575980679377
1.0
0.4692787228264419
0.7437531922036288
0.20010929902443428
0.6311443348565761
0.7467045939743293
0.7553544404342094
0.8759452948701867
0.0
0.6563033055548185
0.6884907269240008
0.7178974963845174
0.8136071637103187
0.0
0.7834773805451755
0.8951656575825004
0.7922994370904848
0.36326495658062014
0.9194787032935383
0.47527290205657274
0.9108038201936309
0.8785011467013691
0.4589677788268074
0.8357804097042597
0.6650109531361087
0.8196104835463295
0.8241421282781082
0.6021416042226619
0.370665168948405
0.7920635128835156
0.8499381926850001
0.7378925573184096
0.7098440176962356
0.5851749205541251
0.9663111813483758
