0.4934732955748305
0.5764775669378597
0.4603135836050856
0.7629187320421288
0.7430173657240541
0.75052493060457
0.7612862253724993
0.8476442362574818
0.8808925862023431
0.8281102116868948
0.5
0.5817744806349033
0.6668409537493967
0.915209949530733
0.7460399392653567
0.2530614893956642
1.0
0.7833471459539526
0.5817744806349033
0.9269658221806987
0.9016044663975271
0.8405582607057958
0.517666969792385
0.4121943796963693
1.0
0.584790050469267
0.41520994953073304
0.2507596135347219
0.2964609431237059
0.805082753040922
0.8110297117245912
0.7231933669795113
0.6683468432758838
0.8687949259683276
0.7435287531269811
0.8550077067808748
0.7924943554730721
1.0
0.7691415938921303
0.6065126847348766
0.8413390996696505
0.9256597708366839
0.6666666666666666
0.5060783048967572
0.4562614555456913
0.8591241689002188
0.42998139201506236
0.5851258437739346
0.4729444943080995
0.36217428616202946
0.6273834254833544
0.6541517329198059
1.0
0.6350368688238269
0.725570596891891
0.8486535966198848
0.6965115050117029
0.6503925874851032
0.19687407608286536
0.754370151407801
0.915209949530733
0.7074370781130327
1.0
0.915209949530733
0.46000345815753835
0.9106621588033719
0.915209949530733
0.8687949259683276
0.4787835572886248
0.7573857212421646
0.7185593083160055
0.5245136610577601
0.8039001967961549
0.7212827052586608
0.8671599119192163
0.7808501736223465
0.6069931337570614
0.7227265703297249
0.7098130102499173
0.8483503242331351
0.7833471459539526
0.4785372058404794
0.6409872309800605
1.0
0.7929661400504153
0.4650929152529794
0.3699531102611473
0.2959385595446437
0.5454931000786495
0.7925629218869673
0.9069783047461877
0.4343974629841638
0.15232257549328923
0.35046151595381175
0.47036527590874033
0.630401316308652
0.6819207226020495
1.0
0.0
0.70122368201661
0.37975457493178033
0.40730439419713604
0.6484552298123387
0.7537158204017326
0.7231933669795113
0.704688885875702
0.5375693613025727
0.49256835919653486
0.9238850116642222
0.2478477930652085
0.6902753993091466
0.6652642243854453
0.5802705572083069
0.915209949530733
0.8483503242331351
0.8613632851648625
0.5386792048329009
0.47841033185165677
0.4792013223335619
0.7264208854383947
0.0
0.7989170320479573
0.6917831842263285
0.986352015633316
0.38251337235999383
0.49209045523119027
0.6722745937869922
0.7765732346955955
0.7351826379543702
0.42270035647943455
0.7573857212421646
0.584790050469267
0.7899845864382504
0.7765732346955955
0.7718828188590455
0.6781247134024574
0.745629848592199
0.2717601630193712
0.2573857212421647
0.72274865652671
0.36684161946853816
0.5155447750337077
0.5
0.5891029366388006
0.6695801009385339
0.5953379108286256
0.8496074125148968
0.5704723300654952
0.6578242282885683
0.7409243250654466
0.6032773133553289
0.15979138807603727
0.9343974629841638
0.8210470298397564
0.679511287305532
0.9343974629841638
1.0
0.3930068662429385
0.9033484662286605
0.7091668191532993
0.518983807325362
0.39624717773653606
0.5318464034238951
0.21398626751412297
0.07132875583804099
1.0
0.35123898936769543
0.48359452812335496
0.745629848592199
0.33916020187706797
0.15782422828856835
0.5625869671814725
0.5804751707106967
0.7253145248910351
0.915209949530733
0.7635277528459502
0.5276523447000749
0.6800273115763629
0.754370151407801
0.8421757717114317
0.4343974629841638
0.330419899061466
0.7602615151353533
0.7428920954718676
0.7648173620456298
0.8930068662429386
0.7530391524483786
0.2877085577022035
0.9269658221806987
0.4583497016980729
1.0
0.5914799539349246
0.7319575858152588
0.6977488292098599
0.5773584096658019
0.6734176434484801
0.7469385106043358
1.0
0.30078517497020635
0.6423232652368458
0.8930068662429386
0.8613632851648625
0.22225292227661242
0.6889611511819475
0.657836711753943
0.5244641715364452
0.46971094490267196
0.581550651895607
0.9846467986895328
0.5640947520986543
0.5054788043423992
0.6164336315473431
0.4889696225562673
0.6399453768472743
0.7426142787578354
0.5939272897797548
0.6917831842263285
0.29239210029943397
0.7380101544258696
0.22342676530440453
0.45694240309376233
0.10907459423739019
0.7423945371243903
0.6132659821113118
0.3930068662429385
0.7467366477874152
0.4343974629841638
0.9343974629841638
0.16095034142139328
0.40937777175140394
0.6800273115763629
0.7809849079307789
0.5402092776431042
0.5296347240912597
0.5
0.6863689311784307
0.5931906682960022
0.48844391687962413
0.8199726884236371
0.660839798122932
0.0
0.745629848592199
0.6843515434228633
0.7351826379543702
0.5225229591171409
0.7925629218869673
0.8065614224919737
0.788329107345561
0.38360109462783126
0.6339586264439759
0.915209949530733
0.7696694825229513
0.6069931337570614
0.48408388152167264
0.5922708064690999
0.5402092776431042
0.2573857212421647
0.5753790856040576
0.8352884151912664
0.8622240260456554
0.5339589559377601
0.40476942881621075
1.0
0.5
0.7194512820523681
0.8447122849425259
0.5804751707106967
0.8131504248867734
0.6123107107209624
0.618535459626825
0.6960198539487682
0.7306766142818083
0.4269658221806986
0.4275038533904374
0.3186640264115004
0.5773584096658019
0.8304198990614661
0.6655375417748669
1.0
0.35361814661419516
0.6695801009385339
0.8199726884236371
0.4903412696110228
0.6096615854903313
0.7867986237959531
0.5730341778193013
0.27657323469559547
0.6725956707728977
0.535104192602537
0.7816302528054463
1.0
0.24573939509614195
0.5817744806349033
1.0
0.6954969927005783
0.8049099041279211
0.4603135836050856
0.4374130328185275
0.3733683238937076
0.5433994537280417
0.6647764661670951
0.6725956707728977
0.39648307002520766
0.6354125745754817
0.5762525699994842
0.5222030832877945
0.6407496328495935
0.5486350791280086
0.6979334914431474
0.582749912461829
0.5191875134534308
0.915209949530733
0.6438542788511018
0.8622240260456554
0.6977488292098599
0.8496074125148968
1.0
0.8981633217628985
0.5002742478675133
0.6386367148351375
0.8947838478076211
0.8082168157736715
0.19595127431022138
0.7537883469839196
0.4912596971843981
0.4603135836050856
0.28711336432983847
0.6412165185068521
0.0
0.586945259711378
0.7467366477874152
0.5804751707106967
0.5973738005521506
0.7411373083577971
0.3896016300191193
0.8211155228979468
0.9254090051620213
0.4586094032587747
0.7178168887368056
0.9113582902734872
0.660839798122932
0.3718104958026913
0.41203156911409833
0.5830093717551676
0.9113582902734872
0.8511257940487658
0.4529077549577908
0.5721414934636171
0.6394970664560851
0.6409174091999847
0.3252535289365844
0.9293724351214584
1.0
0.34379175851139376
0.8402503688629375
0.6353586305251708
0.777349246793562
0.34217577171143165
0.6761364045005971
0.45326401793172627
0.535104192602537
0.7291795659185131
0.8991072809670839
0.9464876607157994
0.8497671899943445
0.9290814405153134
0.6309297680854797
1.0
0.31005248584056144
0.8026142836026224
0.8007398678788243
0.7283312271733696
0.6386367148351375
0.576036892989149
0.9408356204156472
0.6843515434228633
0.3031246606295382
0.30078517497020635
0.3410075833342802
1.0
0.8310951874970542
0.6386367148351375
0.851048823130397
0.7467366477874152
0.5437713003958233
0.699534379988689
0.6446425325218577
0.6899871991213495
0.8930068662429386
0.6048508033975589
0.9275038533904374
0.5934777846440306
0.9161872340347363
0.555289046495757
0.7989170320479573
0.7940954131220999
0.0
0.7882603792822669
0.7585592370286792
1.0
0.8550077067808748
0.7129795546665757
0.21398626751412297
0.43736437742663337
0.5
0.9427888852481568
0.6503925874851032
0.8714131786575199
0.6438542788511018
0.4912596971843981
0.8964748843037496
0.8304198990614661
0.0
0.3623379464499749
0.5396864163949143
0.0
0.9343974629841638
0.8733683238937077
0.38360109462783126
0.4275038533904374
0.1460683556386027
1.0
0.21398626751412297
0.9609608471373203
0.9494701042716565
0.44685353060880906
0.5952372611070958
0.9343974629841638
0.8216500035137846
0.38360109462783126
0.2640681333451695
0.4653305947461751
0.5002742478675133
0.5724961466095626
0.44685353060880906
0.6069931337570614
0.5872616969108669
0.8733683238937077
0.7260761882105117
0.8747287548532667
1.0
0.8550077067808748
1.0
0.6091891371388706
0.754370151407801
0.9155230516777322
0.576896345458267
0.8039001967961549
0.6503925874851032
0.8458380516768986
0.5987469087221579
0.681834440384227
0.7558019345913882
0.6283459603292558
0.6531920181223881
0.2123061181652099
0.47036527590874033
0.780836017179058
0.7990293637517631
0.9343974629841638
0.903644478052169
0.863482318085245
0.28642306418232966
0.31958277615207453
0.8876963433692985
0.5737518919936119
0.7928852155380056
1.0
0.15308719219305383
0.47963267801290566
0.4690566138966036
0.9343974629841638
0.8115467292123293
0.6578242282885683
0.7398163390064528
0.915209949530733
0.8930068662429386
0.45102050151823037
0.6725956707728977
0.7983776298556506
0.3820632124727753
0.5878056203036307
0.15979138807603727
0.8421757717114317
0.7554560544794117
0.7573857212421646
0.5932985794768921
0.518983807325362
0.584790050469267
0.27727342967027513
0.7403521645028833
0.8116657284895262
0.755073496498774
0.586945259711378
0.9343974629841638
0.0
0.5947216981122598
0.7011879590469173
0.649030554945263
0.3916735729769763
0.217201349781074
0.7426142787578354
0.6164336315473431
0.7309085411796048
0.5804751707106967
0.7765732346955955
0.6427417747553243
1.0
0.7635540528314161
0.915209949530733
0.0
0.6917831842263285
0.4852285575156707
0.5460393130172625
0.4836701315785629
0.6568190383437804
0.6438542788511018
0.7718828188590455
0.5898794078641666
0.8274043292271023
0.6800273115763629
0.7388270226062762
0.12421371516500533
0.7648165909045073
0.786013732485877
0.7573857212421646
0.5922216912727322
0.6578242282885683
0.6960611199475979
0.8199726884236371
0.6722745937869922
0.6829302636997386
0.8869465993743106
0.8405582607057958
0.7573857212421646
0.8304198990614661
0.7204111954700408
0.9366841619468538
0.6031065687005197
0.34519134154579534
1.0
0.4087949031111279
0.6725956707728977
0.8063381780804553
0.8118061501361094
0.13863671483513756
1.0
0.7573857212421646
0.637519266952187
0.8398625501735226
0.5159433670124052
0.6695801009385339
0.0
0.5558347679838843
0.9674679937542567
0.8188310267750125
0.7180806088362336
0.6425608676845401
0.6101018291548557
0.9436964191502435
0.33629575252307964
0.518983807325362
0.8304198990614661
0.4934732955748305
0.7967683906200643
0.6390304455055866
0.9240051004210046
0.7067808911432432
0.6977089001179864
0.5831269956636959
0.8085523987083418
0.3252535289365844
0.8020940122155717
0.9107381579475367
0.6512650357194956
0.765360638586779
0.9502344115476876
0.535389279202007
0.590933705098152
1.0
0.4777969167122055
1.0
0.19687407608286536
0.584790050469267
0.6503925874851032
0.47036527590874033
0.754370151407801
0.5879684308859017
0.3410075833342802
0.7467366477874152
0.9332951182338247
0.7434693649879877
0.5856273251258312
0.6989581576957798
0.9275986320607514
0.915209949530733
0.7573857212421646
0.5212164427113751
0.0
0.7230790790864018
0.7765732346955955
0.46489580739746295
0.8947723490433309
0.3600546231527257
0.7983776298556506
0.5385585089278838
0.7689664337808219
0.16958010093853398
1.0
0.9343974629841638
0.6069931337570614
0.404532827305685
0.6725956707728977
0.8394588855833862
1.0
0.7486521228828396
0.5773584096658019
1.0
0.9065280358634525
0.6144247745605267
1.0
0.35614572114889825
1.0
0.8730383471374629
0.3868528126910807
0.8622240260456554
1.0
1.0
0.7894779395504506
0.8980903241590799
0.0
1.0
0.6589924166657197
0.8087524829624517
0.49261796694356424
0.8687949259683276
0.4275038533904374
0.915209949530733
0.0
0.9269658221806987
0.5625869671814725
1.0
0.6548086584542047
0.8527268516977936
0.27727342967027513
0.47443530227917163
0.7259224177111233
0.8274043292271023
0.8929669450175213
0.6285868213424801
0.7351826379543702
0.0
0.7140807323515146
1.0
0.1312050740316724
0.8687949259683276
0.6377759739543446
0.9030839599883813
0.6258472155967081
0.754370151407801
0.0
0.2573857212421647
0.637662053550025
0.9343974629841638
0.8199726884236371
0.7917717655413312
0.2960819157603371
0.8086441049685456
0.9161872340347363
0.6069931337570614
0.6487610106323046
0.27727342967027513
1.0
0.34519134154579534
0.7765732346955955
0.6843515434228633
0.10272459618609762
0.3868528126910807
0.6627602667303676
0.7426142787578354
0.7569223275304373
0.9923211578189791
0.45694240309376233
0.8908151264027232
0.6065160405609648
0.7528777190306948
0.5705877501755634
0.6438542788511018
0.0
0.9169631245861132
1.0
0.84423558835528
0.584790050469267
0.27653629065829455
0.9605753385097433
0.6032986600241702
0.6992148250297936
0.5221293345260122
0.8421757717114317
0.8539316443613972
0.6843515434228633
0.8195481216828941
0.9306639478559063
0.44685353060880906
0.8539316443613972
0.8115467292123293
0.686147026288024
0.7469385106043358
0.3262164447405444
0.8304198990614661
0.628883512615574
0.7554560544794117
0.5176573698472422
0.7262627468973839
0.44685353060880906
0.8348985968857404
0.28642306418232966
0.7494575097065335
0.4683564189219239
0.12663167610629236
0.79962499708835
0.5867870876815784
0.5947216981122598
0.910365679421587
0.535104192602537
0.7351826379543702
0.7840048754990606
0.6695801009385339
0.7375819558676957
0.48375215855117243
0.5459243679863842
0.9343974629841638
0.9343974629841638
1.0
0.5730341778193013
0.7573857212421646
0.38685280084609985
0.5065267044251694
0.734606884914117
0.9099219094666007
0.47822819567608293
0.5398844176180844
0.9269658221806987
0.5025783354487169
0.6628684383861897
0.24842743033001066
0.27727342967027513
0.33916020187706797
0.6917831842263285
0.716590238590879
0.9446158158172804
1.0
0.6992148250297936
0.7396870821140559
1.0
0.6438542788511018
0.09072694492257266
0.8687949259683276
0.8115467292123293
0.48830269699148354
0.8948953114433443
0.7968124342307055
0.27602550543796855
0.704688885875702
0.6399453768472743
0.6578242282885683
0.9268663302157886
0.590933705098152
0.8687949259683276
1.0
1.0
0.0
0.6695801009385339
0.7587631122027221
0.9269658221806987
0.6393467181376533
0.8840689843714599
0.8613632851648625
0.21836974719455368
0.4597623823744759
0.9338445089773443
0.5
0.618083852046599
1.0
0.5611839752479797
0.6168759092878116
0.47647692102946926
0.5339589559377601
0.786013732485877
0.8613632851648625
0.9269658221806987
1.0
0.9177548916728168
0.0
0.5388112105157811
0.9013035727021285
0.660839798122932
0.6105242711635698
0.8899717600167627
0.23719770674136365
1.0
0.7681772902629966
0.7483055688065839
0.7779387147755394
0.6344329911567137
0.6053125778076113
1.0
0.6770117417419992
0.8198585071084834
0.8467179729045065
0.9054707059578337
0.991977380104236
0.9164641616945128
0.5029165550167479
0.8550077067808748
0.6438542788511018
0.9486104398613062
0.4808124865465692
0.7422514313841079
0.470231817622697
0.4529077549577908
0.6843515434228633
0.9492147454191606
1.0
0.8621383004683106
0.6702844428240253
0.3714168087544138
0.13494093150347009
0.6199062353809249
1.0
0.7910838833300736
0.9322978697844707
0.6910634763130098
0.8854950510938248
0.8455027141320162
0.8621383004683106
1.0
1.0
0.8394588855833862
0.7530391524483786
0.5531464693911909
0.8041271793438731
1.0
0.8489768762556146
1.0
0.586945259711378
0.7317141759026331
0.8485052073081322
0.786013732485877
0.8747287548532667
0.7848363108344419
0.7668560216680389
0.7444848112781337
0.660839798122932
0.0
0.8718322844205958
1.0
0.642697033353541
1.0
1.0
0.8023930473103869
0.6722745937869922
0.624889569787815
0.8048099777406894
0.0
0.8984294908383212
0.745629848592199
0.6475706286678421
0.8622240260456554
1.0
1.0
1.0
0.9110983815137923
0.7467366477874152
0.7765732346955955
0.789168700567102
0.8031259239171347
0.8450298315087802
1.0
0.8539316443613972
0.615263178494034
0.6164336315473431
0.43398570525090324
0.7765732346955955
0.7185593083160055
0.6338006199004086
0.8550077067808748
0.6182885048835882
0.46910144394423114
0.4777969167122055
1.0
0.3913445513295177
0.8550077067808748
1.0
0.7648173620456298
0.21814918847478038
0.7467366477874152
0.8687949259683276
0.6266768518497549
0.535104192602537
0.8073332615850499
1.0
0.8930068662429386
0.7979168929136412
0.8594828258955981
0.6639761005444872
0.6053125778076113
0.9275038533904374
0.7648173620456298
0.9567217627347736
0.27257041988758546
0.745629848592199
0.6789122087521293
0.8497671899943445
0.0
0.660839798122932
0.8718400659034691
0.4912596971843981
0.5976240819061652
0.5065267044251694
0.7390505826027667
0.9175798084005895
0.8550077067808748
0.680228025539079
0.9275038533904374
0.6283676742273125
0.7569223275304373
0.6499087441515877
0.8514136187707715
1.0
0.5486176484659794
1.0
0.7820372177401942
0.9670603096198007
1.0
0.0
1.0
0.6132659821113118
0.9392915575917032
0.660839798122932
0.9260153601138391
0.4301574575216843
0.9236224709041525
0.91854947205791
0.6503925874851032
0.9675000214884378
0.818513954011658
0.7469385106043358
0.3903800445186212
0.8510162311040793
0.8930068662429386
0.9220087886478857
0.9085200460650754
0.7955745134377409
1.0
0.6503674643957434
0.8550077067808748
0.6789122087521293
1.0
1.0
0.7066064561592108
0.8733683238937077
1.0
0.8421757717114317
1.0
0.8274043292271023
0.6578242282885683
0.9840173777018653
0.7668655311116929
0.31374543680754785
0.8274043292271023
0.44685353060880906
0.49876103320513654
0.7467366477874152
1.0
0.8221212416379237
1.0
0.8075865591441994
0.6992148250297936
0.8613632851648625
1.0
0.7018966180118626
0.20034694416858184
0.6921391929882873
0.5096502696553994
0.8470858882310374
0.7530391524483786
0.8468379398558281
0.0
0.34478086458107277
0.8539316443613972
0.8314302460999402
0.6758461761701061
0.8395565434869648
0.8687949259683276
0.7648173620456298
0.8279686534883388
0.846358771682082
0.8281102116868948
0.44275650173618347
0.5745154683434519
1.0
0.9454075632013615
0.7131164017969038
0.8199726884236371
0.495686117035948
1.0
0.226186361673081
0.9312177179364345
0.8550077067808748
0.9652851504022882
0.8953980894382747
0.5346694052538249
0.8558112420248054
1.0
0.5637823177932063
0.6164336315473431
0.6349409315034701
0.4529077549577908
0.6299634317618962
0.660839798122932
0.7467366477874152
0.9269658221806987
0.7227265703297249
0.586945259711378
1.0
0.8951898376489626
0.7143761760598569
1.0
1.0
0.3600546231527257
0.0
0.7283312271733696
0.6820991606266809
0.9015629619585673
1.0
0.8539316443613972
0.18154178830288964
0.5925120268290973
0.9194888337628071
0.7648173620456298
0.6201049716811229
0.48291015760309874
0.7798963597571601
0.7529333979882795
0.6275785048028991
0.8139731174267469
0.4141506002521432
1.0
0.8496074125148968
0.45041097207081127
0.547947820587364
0.40437624148122586
1.0
0.8760761034673957
1.0
0.54607072765902
0.8188310267750125
0.6399453768472743
0.5145695548134402
0.9260153601138391
1.0
0.43067657947540283
0.637662053550025
0.5404815763594533
0.7160414604131305
0.38356636845265696
0.6415378045993396
1.0
0.9464876607157994
0.738691902289324
1.0
0.5339589559377601
0.882694526380601
0.4966657041947609
0.7190571368016849
0.43398570525090324
0.6729085461541939
0.9382995882149553
0.0
0.6725956707728977
0.9293724351214584
0.8687949259683276
0.3739915141062367
0.7833471459539526
0.9155230516777322
0.5562642215080785
0.33916020187706797
0.9486104398613062
0.816423812427416
1.0
0.8739915141062368
0.7648173620456298
0.7925629218869673
0.8089683937636124
0.7291795659185131
0.7989170320479573
0.38360109462783126
0.4852285575156707
0.21167089265443892
0.8432121978103063
0.871116487384426
0.9065280358634525
0.7840048754990606
0.4145097174942605
0.584790050469267
0.9154469812725448
0.8304198990614661
0.6950042989587084
0.3858737044737943
0.7838083178124104
0.9060254394071405
0.0
1.0
0.7242626822124802
0.796654114403213
1.0
1.0
0.9510121814224447
0.9092569770058291
0.7467366477874152
1.0
1.0
0.660839798122932
0.772962183993192
0.7765732346955955
0.6503925874851032
0.8360408157268425
1.0
0.6445110542414686
1.0
0.6835769323955092
1.0
0.6637291606108657
0.7057516485784631
0.5250545834642483
0.9714088996429322
0.8687949259683276
0.7100154135617496
1.0
0.6652642243854453
0.7825115601713122
0.4852285575156707
0.518983807325362
0.6399453768472743
0.7198175267137865
0.8687949259683276
0.5371068674075556
0.6496091415087124
0.5531464693911909
0.6682718822208455
0.7933202262454232
1.0
0.7231933669795113
0.7575661457240825
0.4154677470586708
0.535104192602537
0.44685353060880906
0.6494829007723804
0.5632605056108927
1.0
0.0
0.0
0.8274043292271023
1.0
0.8304198990614661
0.8724997521120105
0.867984054585857
0.7715180742458552
0.8567884679088352
0.5
0.7833471459539526
0.465130863897488
0.6917831842263285
0.5678011371078903
0.5296338411406174
0.7085762023051078
0.8755129852828352
1.0
1.0
0.5804751707106967
1.0
0.7554560544794117
0.6349409315034701
0.1312050740316724
0.0
0.3970348251577927
0.7234267653044045
1.0
0.7351826379543702
0.6695801009385339
0.48719371387569116
1.0
0.33916020187706797
0.5437713003958233
0.754370151407801
0.9269658221806987
0.0
1.0
0.6573537491385438
1.0
0.7247701501653957
1.0
0.9544668332886849
0.7104016913438908
1.0
0.7467366477874152
0.0
0.7435075853941039
0.8082168157736715
0.7467366477874152
0.7174884398286878
0.7471222809693052
0.6042369998104961
0.4941668254261526
1.0
0.9269658221806987
0.12663167610629236
0.5697546069741889
0.0
0.3600546231527257
0.21398626751412297
0.5593773305288339
0.6566364584573413
0.6150943935561322
0.9470977975657277
0.4852285575156707
0.7965823970618736
0.7802374371504871
0.07062756487854165
0.6843515434228633
1.0
0.4692787228264419
0.7541664765527032
0.07719063609319995
0.5296347240912597
0.7227265703297249
0.7467366477874152
0.9269658221806987
1.0
0.47036527590874033
0.7230790790864018
0.8496074125148968
0.755073496498774
0.0
0.9275038533904374
0.8910035755222256
0.9275038533904374
0.12663167610629236
0.9269658221806987
0.2628751236200242
0.8355097833456334
0.8421757717114317
0.42135918309349024
0.8539316443613972
0.5033888623868321
0.7467366477874152
0.6996186695557541
0.5
0.21398626751412297
0.8476442362574818
0.9025924763563505
0.8304198990614661
0.6258472155967081
0.6720477989110257
0.9546365275387136
