0.3937506787409237
0.2804198078315991
0.36729198439611355
0.5680613283355548
0.49347385992570686
0.5774325876693087
0.6750090277423468
0.6508284065884253
0.8819167547536679
0.9032493847752894
0.3333333333333333
0.5574297546951361
0.3637985413782277
0.8869465993743106
0.6338527364975028
0.2173971114766437
0.0
0.57553008630748
0.5574297546951361
0.9026210962409316
0.8625891993784773
0.687619064077449
0.38033318604910876
0.3878496537566022
0.0
0.4463867339590227
0.15477863974972428
0.23030305249753338
0.2463300806286715
0.7611915307581189
0.8774841433642316
0.525474343393448
0.569881952319189
0.8687949259683276
0.6186273440177301
0.688603934212289
0.5996593145307969
1.0
0.740878243735708
0.4993978956469732
0.8180355322833008
0.9137917409089014
0.42857142857142855
0.37317398639728644
0.3214184395591885
0.7395535762169475
0.40171804185864
0.47124716518523585
0.3808988350184116
0.13048940641854656
0.6185842945105244
0.4610560706666744
1.0
0.38979620298550394
0.5405796121876912
0.7420128781969471
0.46597154655152595
0.5338567833134709
0.13869012504799366
0.6724935352104012
0.8869465993743106
0.5301371903159873
1.0
0.8869465993743106
0.2416691941784361
0.92359231315721
0.8869465993743106
0.8687949259683276
0.45464106226035433
0.6765142949895528
0.5156076781667703
0.32197462894140755
0.5906763955882361
0.5311010753522453
0.7397374663221716
0.6118793910852497
0.4759908450094153
0.7227265703297249
0.5706888361416469
0.7653616930663951
0.57553008630748
0.4758009638066668
0.3416488215652586
1.0
0.6471075803145626
0.29885726566370896
0.32034815774484643
0.4049769966147232
0.33449133646549556
0.6215484379745146
0.8177503309163632
0.2895983086561092
0.16095798997353655
0.3680463440625508
0.47036527590874033
0.6258701039768386
0.6716163120800418
1.0
0.0
0.6729603318601877
0.2721467865130416
0.1770883738865551
0.48247948485901815
0.5095817699321421
0.5739258008044577
0.583929624856019
0.4939645951119744
0.27575038809761737
0.9448479586770783
0.13910299850415198
0.4656757960509218
0.528383345316837
0.3829184898817905
0.8869465993743106
0.7653616930663951
0.8151510468864832
0.2607335992402413
0.2543868678643665
0.19410706273410566
0.5505226976541452
0.0
0.628371714101073
0.5890442456351046
0.9807710522773779
0.22987774385566223
0.39633006241147684
0.4516859836254607
0.702097646260794
0.6469101839391602
0.32515543879842856
0.6765142949895528
0.4463867339590227
0.7744777598659238
0.702097646260794
0.6089419751869353
0.613123176042496
0.660839798122932
0.09917068803151123
0.17159048082810976
0.6372774190231638
0.2927091251977443
0.35600229484191476
0.3333333333333333
0.47473068199232477
0.559440134584712
0.36743249499596486
0.7994765500198624
0.2653711848887041
0.5437656377180912
0.6914688424493937
0.38670125300126396
0.1275002478879895
0.9125299506455518
0.7281497111634488
0.40045485499661554
0.9125299506455518
1.0
0.2620045774952923
0.8692416875918845
0.4896238754024568
0.3277691685225153
0.16302779632471254
0.4404835845445185
0.21398626751412297
0.030569466787731852
1.0
0.280259523066399
0.2897668648486459
0.660839798122932
0.33916020187706797
0.1052161521923789
0.488111378746671
0.4089221679914653
0.5096295902559382
0.8869465993743106
0.5903694104272035
0.42655163354543774
0.5733697487684838
0.6724935352104012
0.7895676956152422
0.2895983086561092
0.220279932707644
0.5441202256822384
0.5443586830521815
0.6864231493941731
0.857342488323918
0.7163012679935125
0.21215165392290058
0.9026210962409316
0.21121387841375372
1.0
0.405618184969443
0.5251884412531949
0.3872163919670006
0.5416940317467813
0.8473589532808903
0.7112741326853153
1.0
0.30078517497020635
0.6000459909637925
0.857342488323918
0.8151510468864832
0.16388572320113534
0.5011618779840484
0.5267119371917183
0.3877022475009393
0.25382187676498363
0.5068633935228355
0.9775892460391731
0.29689923790711437
0.23299384436797915
0.6164336315473431
0.39015712195925273
0.6399453768472743
0.6568190383437804
0.42359733094697605
0.4616317345118498
0.09049301965383987
0.6838008152907092
0.14895117686960302
0.31192826191889184
0.08703246132971454
0.5091839431201713
0.47199791830142424
0.2620045774952923
0.5958337858272824
0.2895983086561092
0.9125299506455518
0.11338325198719798
0.3758944372840285
0.5733697487684838
0.7033472849236775
0.26785400857925346
0.473108023778415
0.3333333333333333
0.6086483446527652
0.359652686782258
0.25085288762167374
0.7599635845648496
0.660839798122932
0.0
0.660839798122932
0.6278248431100186
0.6469101839391602
0.41005288266412165
0.6215484379745146
0.7364191656183984
0.766461595006949
0.27023204294347164
0.3473856677878375
0.8869465993743106
0.7863291124536812
0.4759908450094153
0.2647949031968197
0.5915639104143122
0.26785400857925346
0.17159048082810976
0.3078102407169943
0.842344034476843
0.7968124342307055
0.4273013931298811
0.26651301566414987
1.0
0.3463081694078213
0.5531236190390345
0.7521866177873628
0.4089221679914653
0.6545588888902157
0.36931139865689344
0.434671377533348
0.642398460598722
0.5727400117907796
0.2846438814537991
0.22953464473742968
0.2611321361538678
0.48516733143393664
0.8304198990614661
0.4601228078337378
1.0
0.24139474277179748
0.559440134584712
0.7599635845648496
0.264255986664177
0.4805826672095611
0.7089193987348208
0.4307122370924018
0.1843821564637303
0.5634608943638636
0.3652848140464026
0.6779553350512283
0.0
0.2328444293125696
0.5574297546951361
1.0
0.8118327217141121
0.7141929136003821
0.36729198439611355
0.362937444383726
0.14144426773538477
0.4625280274754299
0.6428090604201978
0.5634608943638636
0.16596250014907565
0.3717608571381024
0.41221256500359293
0.4759908450094153
0.5431148764363024
0.3163832512684414
0.5321302035929101
0.5782287065925278
0.4591784095946432
0.8869465993743106
0.4747677692819337
0.7968124342307055
0.3872163919670006
0.7994765500198624
1.0
0.9058639141656156
0.29822949604176296
0.51818228644685
0.8196294533844933
0.7442890876982287
0.23452924794012067
0.5594315915558171
0.4912596971843981
0.36729198439611355
0.10477337652171798
0.5527870971842044
0.0
0.46833353793929294
0.5958337858272824
0.4089221679914653
0.38631017199409506
0.7039646626455959
0.1367398274986745
0.6745451137885692
0.8678113798842549
0.3494746268497406
0.6452034593029881
0.8405472178093015
0.660839798122932
0.31920241970650187
0.30382543902806686
0.4408730588519614
0.8405472178093015
0.7280339822354458
0.4099232660188406
0.29140246402936143
0.543531865302443
0.359652686782258
0.19184336210249334
0.9479446428547382
1.0
0.13300855118425295
0.8822580940322046
0.4996004623675912
0.6863024180874526
0.22811718114095444
0.4528851982401641
0.2019785295633113
0.3652848140464026
0.5763146496385471
0.9426424293755183
0.8850729817824603
0.7056613531463942
0.9264617085404042
0.6309297680854797
1.0
0.14144426773538477
0.7437187227494829
0.6746718329027146
0.5993516499149099
0.51818228644685
0.36721288755962633
0.9758213523058787
0.6843515434228633
0.3911287901027156
0.30078517497020635
0.2514534964910598
0.0
0.7693968244703733
0.51818228644685
0.7446551253663948
0.5958337858272824
0.5437713003958233
0.49342639630013424
0.5223985798066713
0.5066221892654929
0.857342488323918
0.395042944279809
0.8443019671061446
0.4855578037821847
0.8357926199853084
0.5879469581165216
0.628371714101073
0.669380994203103
0.0
0.824575136612649
0.633351332382902
1.0
0.688603934212289
0.6886348287268086
0.21398626751412297
0.19505854869451875
0.3333333333333333
0.9439555111150155
0.5338567833134709
0.8619187634418561
0.4747677692819337
0.4912596971843981
0.9215625255556185
0.8304198990614661
0.0
0.28911556841607333
0.43062490851752766
0.0
0.9125299506455518
0.7979168929136412
0.27023204294347164
0.22953464473742968
0.1460683556386027
1.0
0.21398626751412297
0.9278257478857164
0.9585716707308441
0.44685353060880906
0.5168430484556391
0.9125299506455518
0.703205086313807
0.27023204294347164
0.2640681333451695
0.3431272815962261
0.29822949604176296
0.38523267763128516
0.44685353060880906
0.4759908450094153
0.5248111182576348
0.8989584464568207
0.6347508623884505
0.8216838715872212
0.0
0.8832264753296084
0.0
0.4782643729943089
0.6724935352104012
0.9377080596835119
0.39747371473968984
0.6605107142705511
0.5338567833134709
0.718179058099224
0.5837891748107246
0.4790861887670062
0.6784674251443191
0.3408468702039225
0.3486674205798913
0.08796207261293904
0.47036527590874033
0.6110090735712714
0.776271171925726
0.9125299506455518
0.9059277070605172
0.803184554512322
0.2285418014311689
0.3825007436639685
0.9149113223613592
0.3944852958393393
0.8261942790193837
0.0
0.08301963625313671
0.25383294191043293
0.40512888582116074
0.9125299506455518
0.7401684690977581
0.5437656377180912
0.5723896132892702
0.8869465993743106
0.857342488323918
0.20609621083396093
0.5634608943638636
0.655319708092109
0.3077050991938775
0.5069341940510189
0.1275002478879895
0.7895676956152422
0.679936248986542
0.6765142949895528
0.5161271493537755
0.3277691685225153
0.5029134342718673
0.27727342967027513
0.6455067531957681
0.6530813484687
0.6549176196884834
0.46833353793929294
0.9125299506455518
0.0
0.3016743557426049
0.6326497547629405
0.5604228030558314
0.19184336210249334
0.15957920090890443
0.6568190383437804
0.6164336315473431
0.6784635633353292
0.4089221679914653
0.702097646260794
0.41379005866317226
0.0
0.7119011339577037
0.8869465993743106
0.0
0.5890442456351046
0.4852285575156707
0.3568223610864203
0.42913328759005814
0.558767335013432
0.4747677692819337
0.6089419751869353
0.33996699077261816
0.7698724389694698
0.5733697487684838
0.6239830508064508
0.08750372843227683
0.5864970088131499
0.786013732485877
0.6765142949895528
0.5565573133537116
0.5437656377180912
0.6315043628423576
0.7599635845648496
0.4516859836254607
0.5592645544289723
0.8061941703559612
0.687619064077449
0.6765142949895528
0.7738931987486214
0.6985436831314288
0.9520277336005128
0.5463148473655206
0.34519134154579534
0.0
0.19556662895560772
0.5634608943638636
0.7480143695335383
0.8620643852993195
0.09242447655675837
1.0
0.6765142949895528
0.4550568848715059
0.7743787970138549
0.424839079394121
0.559440134584712
0.0
0.33984870676325685
0.9674679937542567
0.6708453383978493
0.6511450642441835
0.5016789143768623
0.4061444394798139
0.9568017208351718
0.13738851534784394
0.3277691685225153
0.7738931987486214
0.3937506787409237
0.8501402863935875
0.45902321017779574
0.9725430395447476
0.5967972030335601
0.7263738386344921
0.39672681890263334
0.7726578656232213
0.1593105453927648
0.7278613657813496
0.9424610079984421
0.4025626473626871
0.765360638586779
0.9639404294634659
0.4144265831372988
0.38704026236086464
1.0
0.3750579781209817
1.0
0.13869012504799366
0.4463867339590227
0.5338567833134709
0.47036527590874033
0.6724935352104012
0.5351522284975473
0.2514534964910598
0.5958337858272824
0.9068456577929082
0.6910254350200762
0.637881809924618
0.5987199621901964
0.9745890422424694
0.8869465993743106
0.6765142949895528
0.4648477715024527
0.0
0.44814747382478176
0.702097646260794
0.31735759297679866
0.9228859350633677
0.3600546231527257
0.7203853415115662
0.4230032891258685
0.8871881507642446
0.16958010093853398
1.0
0.9125299506455518
0.4759908450094153
0.41686362772354063
0.5634608943638636
0.7024890607092569
1.0
0.6374351039119139
0.5416940317467813
1.0
0.8508342816032615
0.5296347240912597
1.0
0.3431272815962261
1.0
0.7580997812029083
0.3868528126910807
0.7968124342307055
1.0
1.0
0.7033908021813906
0.8308637284139058
0.0
1.0
0.6469527206242929
0.6352567988267761
0.37804965969987686
0.8687949259683276
0.22953464473742968
0.8869465993743106
0.0
0.9026210962409316
0.488111378746671
1.0
0.6548086584542047
0.7549641060062023
0.27727342967027513
0.4623836445499609
0.6084417662390543
0.7698724389694698
0.8942173028997602
0.5233139141894291
0.6469101839391602
0.0
0.5616158385498937
1.0
0.1312050740316724
0.8687949259683276
0.4849808769931868
0.8954693639350871
0.4891748853210078
0.6724935352104012
0.0
0.17159048082810976
0.5088013244975679
0.9125299506455518
0.7599635845648496
0.7010625017993798
0.2960819157603371
0.6352525460964538
0.8357926199853084
0.4759908450094153
0.5176573698472422
0.27727342967027513
0.0
0.34519134154579534
0.702097646260794
0.6843515434228633
0.07395537092069526
0.3868528126910807
0.6485318959608348
0.6568190383437804
0.7220280494470115
0.9890696272172554
0.31192826191889184
0.8389776675256141
0.4099232660188406
0.7647471571484736
0.326496449828061
0.4747677692819337
0.0
0.8858167854449455
1.0
0.8064427772814641
0.5029134342718673
0.24846171840581338
0.944453720460818
0.6093559797392052
0.642688124716949
0.5176573698472422
0.7895676956152422
0.8539316443613972
0.6843515434228633
0.8053701986035129
0.9621115840947827
0.44685353060880906
0.8539316443613972
0.7401684690977581
0.48498742629825925
0.7112741326853153
0.2921425276133384
0.7738931987486214
0.3350394736014393
0.679936248986542
0.28626228326883557
0.5155094911344139
0.44685353060880906
0.7470359840333689
0.2285418014311689
0.7325258073808318
0.38356636845265696
0.1010415535431794
0.7713398798109341
0.5173422283578165
0.3016743557426049
0.8804314212088942
0.3652848140464026
0.6469101839391602
0.7557415253426383
0.559440134584712
0.6076895427306185
0.2264069141431381
0.5635781636603505
0.9125299506455518
0.9125299506455518
1.0
0.4307122370924018
0.6765142949895528
0.38685280084609985
0.6062493212590764
0.5473989593798717
0.8761344777628198
0.2396103892886833
0.3443966137994012
0.9026210962409316
0.38800138863373146
0.390726663547823
0.2625111852968305
0.27727342967027513
0.33916020187706797
0.5890442456351046
0.6130649565956129
0.9211639248321116
1.0
0.6992148250297936
0.661128633329845
1.0
0.4747677692819337
0.04966209975923078
0.8687949259683276
0.7401684690977581
0.4060405982458437
0.9225336154535817
0.7027196965506294
0.14238444651452062
0.583929624856019
0.6399453768472743
0.5437656377180912
0.9093379235621023
0.38704026236086464
0.8687949259683276
1.0
0.0
0.0
0.559440134584712
0.7852248487195234
0.9026210962409316
0.5377735486602631
0.8352618309157571
0.8151510468864832
0.16102233247438585
0.377537369592496
0.9286467384041299
0.3333333333333333
0.46397841956979036
1.0
0.38026373881165015
0.4912259719999062
0.3863928927921218
0.4273013931298811
0.786013732485877
0.8151510468864832
0.9026210962409316
1.0
0.9107964699187632
0.0
0.31898103758495516
0.8652512666095812
0.660839798122932
0.29080819177603145
0.8050102261172318
0.23719770674136365
1.0
0.7274638868614859
0.7042926363811858
0.7834628861722829
0.33924412556751343
0.4611392561856105
1.0
0.6130840136665563
0.8289812779651884
0.7755235748659973
0.8700136703174959
0.9887257867522057
0.8270622674043505
0.3011459015837998
0.688603934212289
0.4747677692819337
0.9496583549457148
0.36427668237493693
0.536848440032653
0.21702472920667562
0.24424613149069
0.6843515434228633
0.9301656813176851
1.0
0.8057635954128243
0.5951870310257975
0.21803833202436526
0.07245225634235107
0.5868826730870861
1.0
0.8368826876880242
0.9293691937573749
0.6096445756934045
0.8436681321252396
0.8872417357400768
0.8057635954128243
1.0
1.0
0.7024890607092569
0.6357901017563196
0.5531464693911909
0.8110649355662342
1.0
0.7140992194707085
1.0
0.46833353793929294
0.5402972206021817
0.6690250888832677
0.786013732485877
0.7428477964193329
0.640913425010053
0.697745897642751
0.6145157285359969
0.660839798122932
0.0
0.8678183485280787
1.0
0.36900746468764933
1.0
1.0
0.6695472091803051
0.4516859836254607
0.5085501498976807
0.8048099777406894
0.0
0.7206627252707403
0.660839798122932
0.4658504050806592
0.7968124342307055
1.0
1.0
1.0
0.8090683744347215
0.5958337858272824
0.702097646260794
0.6372774190231638
0.7226197499040127
0.7134964467538253
1.0
0.8539316443613972
0.5341963188716723
0.6164336315473431
0.35937870368421604
0.702097646260794
0.45623698175254856
0.5479607685064254
0.688603934212289
0.6182885048835882
0.30772954236818817
0.3750579781209817
1.0
0.25064517668201997
0.688603934212289
1.0
0.6864231493941731
0.2610973839891436
0.5958337858272824
0.8687949259683276
0.49352019161333
0.3652848140464026
0.736955027870218
1.0
0.857342488323918
0.6647467513405295
0.7236633091881022
0.5613162178632985
0.4611392561856105
0.8443019671061446
0.6864231493941731
0.8736552843154554
0.2703375824241468
0.660839798122932
0.547612293039459
0.7056613531463942
0.0
0.660839798122932
0.8866081935165672
0.4912596971843981
0.6315043628423576
0.5052077677158969
0.7012439608742943
0.8826797845600437
0.8832264753296084
0.41764951733837047
0.9221509835530722
0.5178705940153722
0.6706929081581777
0.5203965388560868
0.6537915312524111
1.0
0.4976723086470105
1.0
0.5479656534997233
0.9642734173319149
1.0
0.0
1.0
0.47199791830142424
0.8683105298612961
0.660839798122932
0.8920061342360738
0.2324437376082057
0.9163693520185804
0.8404207564307419
0.5338567833134709
0.9756794581794568
0.7522198574507897
0.7112741326853153
0.3903800445186212
0.9000447393320966
0.857342488323918
0.8975399527009922
0.9017654762149144
0.8933271468603864
1.0
0.5218865712489114
0.8832264753296084
0.547612293039459
0.0
0.0
0.7020278508944205
0.7979168929136412
1.0
0.7895676956152422
0.0
0.7698724389694698
0.5437656377180912
0.9882201642761154
0.7111942586341324
0.15301188716423914
0.7698724389694698
0.44685353060880906
0.39383198436404404
0.5958337858272824
1.0
0.6675313113890837
0.0
0.7294064860460387
0.6992148250297936
0.8151510468864832
1.0
0.5460821095771361
0.09802249132770542
0.5682856989634449
0.2447582518426386
0.7744871964947587
0.6357901017563196
0.7316345534599776
0.0
0.362138937532323
0.8539316443613972
0.8232945680033259
0.5052875578439623
0.8360691390761263
0.8687949259683276
0.7429498497070177
0.7071323227180797
0.7119832571400371
0.656136740678018
0.44031535351236323
0.5041496140706119
1.0
0.9648092206919034
0.5996408254965024
0.7599635845648496
0.34919157932877953
0.0
0.11051247970880586
0.9155822417699374
0.688603934212289
0.9505854869451875
0.9008454603227423
0.3942566030447408
0.7698987084867115
1.0
0.47739315942340504
0.5599069312344984
0.5301371903159873
0.24424613149069
0.40941545687556724
0.660839798122932
0.5958337858272824
0.9026210962409316
0.7227265703297249
0.46833353793929294
0.0
0.7671534627811611
0.5359735501060711
1.0
1.0
0.3600546231527257
0.0
0.5993516499149099
0.6298946851907417
0.8613098749520063
1.0
0.8539316443613972
0.18154178830288964
0.5925120268290973
0.9607351564724007
0.6864231493941731
0.5958337858272824
0.27052781053733377
0.6915938413747393
0.7160402723428625
0.3991176891885425
0.7982341448256414
0.22459509312570197
1.0
0.7994765500198624
0.28978502831499625
0.510653283187494
0.1689607103740424
0.0
0.9072646676638987
1.0
0.5770283651175175
0.6708453383978493
0.6399453768472743
0.4611392561856105
0.8920061342360738
1.0
0.43067657947540283
0.5088013244975679
0.5294987505059413
0.5826271021750569
0.38356636845265696
0.4123591843354869
1.0
0.8850729817824603
0.7959761302127614
1.0
0.4273013931298811
0.933511307934765
0.5838066466170533
0.6009354398215075
0.35937870368421604
0.591293712330461
0.9130689220618486
0.0
0.5634608943638636
0.9479446428547382
0.8687949259683276
0.2499201520755876
0.57553008630748
0.9377080596835119
0.28403189818309676
0.33916020187706797
0.9496583549457148
0.8220042087539347
1.0
0.8072239653355326
0.6864231493941731
0.6215484379745146
0.7948632672040816
0.5763146496385471
0.628371714101073
0.27023204294347164
0.4852285575156707
0.18980338031582686
0.7395661077742265
0.9023493269329198
0.8508342816032615
0.7557415253426383
0.3428941996442114
0.4463867339590227
0.8274286801209988
0.8304198990614661
0.5878439718642657
0.17766735133592323
0.7199357262289016
0.9060254394071405
0.0
1.0
0.5917600853885145
0.9317137634869556
1.0
1.0
0.9628835887608463
0.8761099287253948
0.5958337858272824
1.0
1.0
0.660839798122932
0.6760260852671862
0.702097646260794
0.5338567833134709
0.8023389601173623
1.0
0.493013407209941
1.0
0.39967892997707216
0.0
0.4762472217811836
0.5218865712489114
0.25779104951729964
0.9578347667050913
0.8687949259683276
0.5329059013184336
0.0
0.528383345316837
0.6107549177653614
0.4852285575156707
0.3277691685225153
0.6399453768472743
0.6174711240603709
0.8687949259683276
0.3963476358499585
0.521616681921163
0.5531464693911909
0.4612668024568776
0.7193683003790422
1.0
0.525474343393448
0.5618800436924026
0.21429812116798896
0.3652848140464026
0.39032683029596443
0.44142002450069395
0.5169330025768424
1.0
0.0
0.0
0.7698724389694698
1.0
0.8304198990614661
0.9294929151911255
0.7669185975507979
0.7792478699761506
0.8914934717725863
0.5
0.57553008630748
0.2168466870687754
0.5890442456351046
0.35469417035890055
0.43836229308538877
0.4275034957477796
0.855147492383854
1.0
0.0
0.4089221679914653
1.0
0.679936248986542
0.45228817386905956
0.1312050740316724
0.0
0.2792320676451652
0.6312356870725394
1.0
0.6469101839391602
0.559440134584712
0.22057703293681177
1.0
0.33916020187706797
0.5437713003958233
0.6724935352104012
0.9026210962409316
0.0
1.0
0.5822371626192359
1.0
0.8397013101628242
1.0
0.9364122672690315
0.503545756589527
1.0
0.5958337858272824
0.0
0.5871705047988806
0.7442890876982287
0.5958337858272824
0.696628743418996
0.6329848342027081
0.34793510764627333
0.4953556146094001
0.0
0.9026210962409316
0.1010415535431794
0.48006227901362847
0.0
0.3600546231527257
0.21398626751412297
0.41247582896544566
0.5162274946404897
0.4261004389448569
0.9618792539523712
0.4852285575156707
0.718350782001722
0.7069421636766601
0.026027678572630882
0.6843515434228633
1.0
0.4692787228264419
0.6709587574182667
0.042180522741754704
0.5296347240912597
0.7227265703297249
0.5958337858272824
0.9026210962409316
0.0
0.47036527590874033
0.44814747382478176
0.7994765500198624
0.6549176196884834
0.0
0.9221509835530722
0.871140827453786
0.9221509835530722
0.1010415535431794
0.9026210962409316
0.17944970713449493
0.8661947048781448
0.7895676956152422
0.22850432888093444
0.8539316443613972
0.45350684139532466
0.5958337858272824
0.42723193336835785
0.3333333333333333
0.21398626751412297
0.7206627252707403
0.8574520496915805
0.7738931987486214
0.4891748853210078
0.5412521485346606
0.9668919334938462
