0.16344626247882843
0.15967449226549693
0.15798646424497878
0.1571278018610818
0.15667140696729934
0.15639234334230423
0.15619540001664842
0.15607609386954988
0.15595863972391402
0.15586437923567636
0.15576870207275664
0.1556696891784668
0.1555949194090707
0.15543334292513983
0.15531817823648453
0.15510145149060658
0.15498031782252447
0.15478611311742238
0.1546332272035735
0.15445726684161595
0.15432811847754888
0.15420542338064738
0.15407667309045792
0.15402295014687947
0.15394602290221623
0.15380602862153733
0.1537282136934144
0.1537046613437789
0.15362433876310075
0.15361279994249344
0.15350232273340225
0.15342372975179128
0.15344457221882685
0.15333138832024165
0.1533073697771345
0.15323776858193533
0.15319090762308665
0.1531441541654723
0.15305558166333608
0.15307637197630747
0.15306282256330764
0.15297322507415498
0.15297084621020726
0.15293681089367187
0.15287577573742187
0.15289393386670522
0.1528602253113474
0.15281209775379725
0.15279534671987807
0.15276302503687994
