0.17015167052200533
0.16464801736619525
0.1620493912605165
0.1609051730754334
0.16044488791997058
0.16007635923438315
0.1598388578470057
0.15968218065503315
0.15941630126879244
0.15949545463277076
0.15942388526804593
0.1591124396842282
0.15928635546129608
0.15914432020718405
0.15907607831292192
0.15852326531588132
0.15848435151274815
0.15841684484712693
0.15839518948315692
0.15806528211183202
0.1578277048732575
0.157947297085727
0.15762422877443172
0.15735587656786557
0.15740670310028324
0.15726007575053022
0.15710885832534494
0.15724793836215525
0.15711298769133547
0.15682869253250922
0.15696415164232322
0.15684004604595742
0.15700275837373476
0.15677858706180678
0.15683567991660077
0.1567645034230492
0.1566588475778211
0.15641748622522433
0.15647765650296952
0.15644569331273434
0.15632602832182219
0.15652967279400795
0.15648084873828547
0.15612629888676333
0.1562731315253705
0.15613425310199264
0.1562277381405196
0.15613845651966662
0.15619185997257543
0.1561595170085704
