0.151577390730381
0.14864715614489146
0.14730954595974513
0.1466416854943548
0.146288985652583
0.1460796030504363
0.1459466548902648
0.14585074569497788
0.1457747859614236
0.1457113538469587
0.14565127449376242
0.14559505986315863
0.1455292765583311
0.14545366487332753
0.14538379439285823
0.14528390233005797
0.14520017483404704
0.1450957911355155
0.14498873267854964
0.14488569859947478
0.1447795650788716
0.14466291133846557
0.14458471536636353
0.14447730566774095
0.14436816104820796
0.14430632335799082
0.1442308383328574
0.14421949961355754
0.1441410215837615
0.14411002503974096
0.14404477391924178
0.14401095466954367
0.14399316161870956
0.14394020714930125
0.14394470942871912
0.14392114749976567
0.1438548586198262
0.14381297252007894
0.14379462280443736
0.14372901086296355
0.14373970244612014
0.14371333590575627
0.14373774294342315
0.14366439091307776
0.14363318788153784
0.143648267856666
0.14358466118574142
0.14357080736330577
0.14352344402245112
0.14357269874640874
