0.15741324206595067
0.15282148043846547
0.1510345890197072
0.14985607770289902
0.14944162316316895
0.1495911358802348
0.14924548446232352
0.1491516116625629
0.14912382397207566
0.1490194872891723
0.14893742357689715
0.14861543679875683
0.1488072040056578
0.14860320429080778
0.14863282397105054
0.14857121820770347
0.14839353682953418
0.148171443081554
0.14820842593017042
0.14803303145370875
0.14763603722122245
0.14773553905239883
0.14780991830672338
0.14737823271099504
0.14743950541153214
0.14728938491298277
0.1471144804517213
0.1471788533237781
0.14738853612335887
0.14713287136215866
0.1473334124797228
0.14692722892903834
0.14699506720597505
0.1468172365275926
0.14681335303288381
0.14681877462791262
0.14677220904667537
0.1468201581143613
0.14669305643815322
0.14690211142817308
0.1466946855751886
0.14673448308381354
0.14654839880036616
0.14660692812540158
0.1467999857788037
0.14641507627345396
0.1466121478778146
0.14646942421212492
0.14640548333793038
0.1464732034750998
