0.413054740288622
0.9297916147949259
0.1312050740316724
0.0
0.33916020187706797
0.0
0.6992148250297936
0.0
0.47036527590874033
0.1460683556386027
0.0
1.0
0.8687949259683276
1.0
0.0
0.47703822813501523
0.4374130328185275
0.0
0.0
0.0
0.6309297680854797
0.43674671658069864
0.33368190749879323
0.0
0.0
0.38356636845265696
0.0
0.0
0.1312050740316724
0.8304198990614661
0.0
0.0
0.0
0.0
0.38685280084609985
0.5706417269996291
0.8539316443613972
0.5593773305288339
0.0
0.6366824354719541
0.5147714424843294
0.0
0.4808124865465692
0.0
1.0
0.07303417781930135
0.0
0.0
0.0
0.09843703804143268
1.0
0.0
0.33321648400475934
0.0
1.0
0.0
0.5147714424843294
1.0
0.0
0.0
0.43067657947540283
0.38685280084609985
0.0
1.0
1.0
0.0
0.0
0.0
0.0
0.8687949259683276
0.15232257549328923
0.0
0.43067657947540283
0.0
0.0
0.0
0.0
0.0
0.0
0.0
0.36331756452804587
0.0
0.1460683556386027
0.0
0.08447694832226785
0.5593773305288339
0.16958010093853398
0.35123898936769543
0.0
0.8539316443613972
0.0
0.6164336315473431
0.0
0.0
0.34519134154579534
0.33916020187706797
0.0
0.15782422828856835
0.0
0.209002768839754
0.0
0.3600546231527257
0.3600546231527257
0.09797563715511069
0.0
0.0
0.1312050740316724
0.0
0.0
0.0
0.0
0.5065267044251694
0.15101961361645377
0.5536907181505016
0.1312050740316724
0.43398570525090324
0.17852368410492667
0.0
0.0
0.3620634801395421
0.4912596971843981
0.6843515434228633
0.0
0.1460683556386027
0.0
0.0
0.4161811497161106
0.16812754226873525
0.08478905367474866
0.5296347240912597
0.0
0.0
1.0
0.27727342967027513
0.4934732955748305
0.6399453768472743
0.0
0.0
0.0
0.0
0.0
0.7227265703297249
0.6548086584542047
0.0
0.5481223677962747
0.0
1.0
0.0
0.0
0.5147714424843294
0.660839798122932
0.0
0.295311114124298
0.8304198990614661
0.5300905600876247
0.8048099777406894
0.0
0.3071716873211253
0.1609514081992451
0.0
0.0
0.8687949259683276
1.0
0.38360109462783126
0.0
0.6843515434228633
0.43165754465390394
0.27958880452995916
0.576049747653665
0.3843987013374403
0.16958010093853398
0.0
0.786013732485877
0.39549765841971984
0.32190068284278656
0.0
0.0
0.0
0.0
0.6992148250297936
0.31939394175918745
0.16958010093853398
0.0
0.0
0.1460683556386027
0.12663167610629236
0.07303417781930135
0.41442993322206817
1.0
0.4934732955748305
0.0
0.6356211450007738
0.6309297680854797
0.3600546231527257
0.30078517497020635
0.8539316443613972
1.0
0.48824412735003436
0.38356636845265696
0.4269658221806986
0.0
0.1312050740316724
0.0
0.41520994953073304
0.5296347240912597
0.0
0.2532633522125847
0.6240505194324443
0.0
0.19178318422632848
0.15979138807603727
0.1312050740316724
0.0
0.0
0.0
1.0
0.31629965805927124
0.8105605497079574
0.0
0.0
0.43067657947540283
0.0
0.4778706654739878
0.2530614893956642
0.36297209197668384
0.0
0.0
0.2318227097370034
0.44685353060880906
0.15101961361645377
0.1312050740316724
0.5817744806349033
0.18809347156531764
0.5316519611563479
0.0
0.16958010093853398
0.0
0.3175336232371614
0.1375554903420129
0.4912596971843981
0.27727342967027513
0.44149241321264354
0.21398626751412297
0.0
0.0
0.0
0.0
0.0
0.21599512450093938
0.0
0.5147714424843294
0.0
0.0
1.0
0.0
0.1312050740316724
0.30078517497020635
0.0
0.660839798122932
0.30078517497020635
0.6843515434228633
0.33916020187706797
0.0
0.1460683556386027
0.31914715588518905
0.8687949259683276
0.0
0.0
0.1312050740316724
0.0
0.27727342967027513
0.586945259711378
0.0
0.8304198990614661
0.660839798122932
0.0
0.0
0.660839798122932
0.7840048754990606
0.0
0.0
0.660839798122932
0.5296347240912597
0.0
0.8390496585786067
0.6309297680854797
0.4912596971843981
0.3156484565771367
0.6144247745605267
0.20210735516747766
0.1460683556386027
0.660839798122932
0.0
0.0
0.4205992436963618
0.1460683556386027
0.22342676530440453
0.0
0.7765732346955955
0.27727342967027513
0.0
0.0
0.4161811497161106
0.0
0.5087403028156019
0.16958010093853398
0.0
0.21398626751412297
0.0
1.0
0.0
0.16095034142139328
0.0
0.5538466643658706
0.23463936141322095
0.28642306418232966
0.5965459231192326
0.3600546231527257
0.0
0.7227265703297249
0.0
0.8539316443613972
0.0
0.0
0.0
0.5
0.0
0.0
0.6992148250297936
0.0
0.0
0.38685280084609985
0.7426142787578354
0.0
0.8687949259683276
0.6548086584542047
