0.3434559883949667
0.9520727789303961
0.22924435829217318
0.12315119547666646
0.5049059648501175
0.0
0.6691255551458578
0.0
0.44328343026422623
0.1731866366782327
0.0
1.0
0.8057418817837246
0.9305687774461386
0.17157307390551624
0.6986598113673638
0.34824445998183984
0.06362078691860773
0.07636655710778283
0.13235063314495515
0.6309297680854797
0.43674671658069864
0.3969181321763606
0.0
0.0
0.47056265203729547
0.0
0.18350267644181062
0.2934163965596625
0.8899541184044202
0.0
0.0
0.0
0.04600401577809482
0.38685280084609985
0.5706417269996291
0.7655934833369414
0.62381289507936
0.0
0.6366824354719541
0.47684658754095555
0.0
0.39619936259933314
0.0
0.8630152898312572
0.31764072123355624
0.0
0.1390561794489995
0.0330852226196528
0.18258561815018468
0.9510907178332433
0.0
0.5658086638225153
0.11413945771122862
1.0
0.09060754323758617
0.6214990821483537
1.0
0.0
0.0
0.43067657947540283
0.38685280084609985
0.0
0.7788065852596499
0.9305687774461386
0.247642794083658
0.0
0.0
0.0
0.6994739058612468
0.213096064741716
0.06362078691860773
0.43067657947540283
0.0
0.08672655608531603
0.0
0.24207626029570148
0.0
0.0
0.05595333482535249
0.36331756452804587
0.0
0.37221134553868246
0.0
0.13376476150932073
0.4037837311489285
0.1100458815955798
0.27503199863047856
0.0
0.7682269220893782
0.12081130312983202
0.6141069631279548
0.13961814892117955
0.21538297910509652
0.43227884166738517
0.2934556864412947
0.09109240660979623
0.08344710704229599
0.0
0.14723431709496262
0.0
0.3212446396171094
0.44903379195469817
0.1542357769918222
0.0
0.0
0.1582923144887909
0.3010300099849701
0.0
0.0
0.3333333432674408
0.7957756008067706
0.3870159481818755
0.6857775372804865
0.1513973407047011
0.36297633244235117
0.3100702460640507
0.0
0.032993701337794536
0.2262077883068625
0.5328776450445177
0.6531466948075798
0.0
0.37960256940083686
0.0
0.0
0.5726073953201232
0.29127873774540175
0.09960731571625298
0.4435206823087011
0.1650085713987019
0.0
0.9337457743289556
0.27588155322435026
0.49552990855996315
0.5631102513106111
0.0
0.0
0.0
0.1993062351435135
0.0
0.9447403782911181
0.6403089916337149
0.0
0.5777441199518001
0.0
1.0
0.0
0.0
0.3340514417369591
0.7104770142549791
0.0
0.21080282550210522
0.7421246269142051
0.5555769116482313
0.8048099777406894
0.0
0.29819282941393765
0.25278218884162845
0.0
0.06625422567104446
0.6994739058612468
0.7935840672773958
0.4439534457276335
0.0
0.5868924691365354
0.45797623531964293
0.3509157981644887
0.3799305294984966
0.44620019603360217
0.3093521167390933
0.09825702186106298
0.8611375548922774
0.48241429585047724
0.29853820859245667
0.0
0.0
0.0
0.14804095788016855
0.6749359907811113
0.31205198271346457
0.24966403051675934
0.0
0.0
0.10893649661066122
0.2232327714593344
0.06453405974923496
0.41442993322206817
0.8521705085097849
0.40471667607649414
0.12839470358635952
0.6110266733167715
0.6309297680854797
0.44192409437560753
0.46785915502288505
0.6177639918467265
0.8006937648564865
0.5783056840903518
0.359177265500735
0.33488773497838353
0.0
0.1513973407047011
0.20909053271461972
0.3281488093444063
0.49545888663167026
0.0
0.36962138465792843
0.6240505194324443
0.0
0.23473163442092296
0.23754012921315265
0.08514311503365664
0.0
0.06943122255386133
0.0
0.7967610641602128
0.4243572452767754
0.796809847454664
0.0
0.0
0.43067657947540283
0.0
0.3937296473813119
0.25397313352646594
0.3199076184337421
0.21840743783974695
0.0
0.29766157030779533
0.4417395565576042
0.39399143808949344
0.14876390195226435
0.6002604873237494
0.20823521383301521
0.6121192250881231
0.0
0.1689278999296991
0.0
0.32601168244707984
0.18494865941449581
0.5328776450445177
0.4647456844344935
0.5543375523013988
0.23573242206183745
0.0
0.0
0.0
0.0
0.28906482458114624
0.36687542761628417
0.0
0.3340514417369591
0.0
0.0
1.0
0.0
0.20098902702721172
0.4317036970246583
0.07198345611457523
0.7065443135587053
0.3601191138946043
0.5103515490035834
0.2934556864412947
0.0
0.18867423137911868
0.31914715588518905
0.563788457636341
0.12987501258965217
0.0
0.29922683219491614
0.0
0.2979138041847911
0.5469953080361895
0.0
0.8899541184044202
0.5734923040862362
0.27346170779953316
0.0
0.6500332242191882
0.7544648936841233
0.0
0.0
0.6442227885839347
0.6947651217751838
0.12709002851629395
0.8448777429140135
0.6309297680854797
0.5964984319631255
0.48647145411359977
0.4579048787592854
0.34337433378565546
0.23680742359684043
0.7799082368088404
0.0
0.11305340399494321
0.4899890122193852
0.17198437466693875
0.25996941226961345
0.0
0.6628801437615301
0.4647456844344935
0.0
0.3010300099849701
0.5518331214096004
0.13305200947246906
0.4671223549554822
0.24334979233920115
0.0
0.23202214552491518
0.11305340399494321
0.8669479905275309
0.0
0.13329707314063569
0.0
0.4050701569812244
0.23463936141322095
0.22377165413283956
0.5428432383823081
0.5184650145085595
0.07336392325013509
0.75381429155342
0.31546488404273987
0.8415908453395132
0.06943122255386133
0.0
0.0
0.5310407765637399
0.0
0.0
0.6620158575667672
0.0
0.094213998243503
0.38685280084609985
0.5673154578622153
0.11284513908875529
0.7702043903589452
0.4249260125286184
