0.40541184806465225
0.9297916147949259
0.22924435829217318
0.12315119547666646
0.5049059648501175
0.0
0.6691255551458578
0.0
0.47918059344840896
0.1731866366782327
0.0
1.0
0.771994027156659
0.9305687774461386
0.20048258661793833
0.6469626758289886
0.41821985614196777
0.06362078691860773
0.10075757280101569
0.12830162733590614
0.6309297680854797
0.43674671658069864
0.4116114442207653
0.0
0.0
0.456720802217969
0.0
0.16992444769397338
0.2934163965596625
0.8899541184044202
0.0
0.0
0.0
0.05430265793923238
0.38685280084609985
0.5706417269996291
0.7655934833369414
0.7308967055969005
0.0
0.6366824354719541
0.47684658754095555
0.0
0.46397621895663316
0.0
0.8630152898312572
0.35651925202386486
0.0
0.1390561794489995
0.047895977502940716
0.19174738226293667
0.9633180383749325
0.0
0.5486130739296643
0.10753371797853634
1.0
0.10156729377305601
0.6214990821483537
1.0
0.0
0.0
0.43067657947540283
0.38685280084609985
0.0
0.7788065852596499
0.9305687774461386
0.247642794083658
0.0
0.0
0.0
0.6994739058612468
0.22414727925272296
0.06362078691860773
0.43067657947540283
0.0
0.08446844108671495
0.0
0.21292930085191245
0.0
0.0
0.06801744406256958
0.36331756452804587
0.0
0.37221134553868246
0.0
0.169097389917729
0.5104391788847031
0.1100458815955798
0.3273742352749931
0.0
0.7682269220893782
0.12081130312983202
0.6141069631279548
0.13961814892117955
0.21538297910509652
0.43227884166738517
0.2934556864412947
0.09109240660979623
0.1185843284841132
0.0
0.209002768839754
0.0
0.3212446396171094
0.44903379195469817
0.18205829422323316
0.0
0.0
0.19086781283026075
0.3010300099849701
0.0
0.0
0.3333333432674408
0.7440530448634922
0.3870159481818755
0.7061747555073655
0.1513973407047011
0.3452209378443418
0.35153895217811576
0.0
0.04662632159646342
0.24267397830555995
0.5328776450445177
0.6531466948075798
0.0
0.37960256940083686
0.0
0.0
0.5726073953201232
0.29127873774540175
0.1364003110121403
0.4303053685176704
0.22449866899557538
0.0
0.9337457743289556
0.27588155322435026
0.5849183091534265
0.5631102513106111
0.0
0.0
0.0
0.1993062351435135
0.0
0.9447403782911181
0.6403089916337149
0.0
0.5584151907556871
0.0
1.0
0.0
0.0
0.3340514417369591
0.7104770142549791
0.0
0.27810475746971786
0.7421246269142051
0.5101439844534188
0.8048099777406894
0.0
0.31963336545282445
0.30323331799601644
0.0
0.06625422567104446
0.6994739058612468
0.7935840672773958
0.5357507734696416
0.0
0.5868924691365354
0.4708061572728497
0.35725907335365636
0.4104988303061157
0.46243399052551665
0.3093521167390933
0.13368136236982975
0.8611375548922774
0.5694367774092828
0.26872991302302357
0.0
0.0
0.0
0.14804095788016855
0.6749359907811113
0.41171949550608783
0.24966403051675934
0.0
0.0
0.10893649661066122
0.2635016231594965
0.0917075308055653
0.41442993322206817
0.8521705085097849
0.49197771611191216
0.14092800080938658
0.6219510697597088
0.6309297680854797
0.44192409437560753
0.46785915502288505
0.6177639918467265
0.8006937648564865
0.6287063222699739
0.359177265500735
0.46668169667415377
0.0
0.1513973407047011
0.20909053271461972
0.40538987975951574
0.49545888663167026
0.0
0.3858840547500284
0.6240505194324443
0.0
0.27621635553814006
0.2803898782602557
0.08514311503365664
0.0
0.06943122255386133
0.0
0.7967610641602128
0.4876931493253135
0.7577256901447604
0.0
0.0
0.43067657947540283
0.0
0.464754348085901
0.30175512295945556
0.29342288530436056
0.21840743783974695
0.0
0.3762859070649448
0.4417395565576042
0.39399143808949344
0.14876390195226435
0.6276304190397061
0.19348750467687803
0.6116735587440602
0.0
0.21867623861761798
0.0
0.4175466952006213
0.2440201407679691
0.5328776450445177
0.4647456844344935
0.5543375523013988
0.23573242206183745
0.0
0.0
0.0
0.0
0.28906482458114624
0.37893288593682206
0.0
0.3340514417369591
0.0
0.0
1.0
0.0
0.22845227117578348
0.4317036970246583
0.09021422751400003
0.7065443135587053
0.3601191138946043
0.5103515490035834
0.2934556864412947
0.0
0.20090155192080786
0.31914715588518905
0.563788457636341
0.12987501258965217
0.0
0.29922683219491614
0.0
0.286922470387382
0.6456675271552642
0.0
0.8899541184044202
0.5734923040862362
0.26166838418532407
0.0
0.6500332242191882
0.7360282816178995
0.0
0.0
0.6442227885839347
0.6947651217751838
0.12320196049948981
0.7840647927383955
0.6309297680854797
0.5964984319631255
0.48647145411359977
0.5382215182548235
0.34337433378565546
0.23680742359684043
0.7799082368088404
0.0
0.11305340399494321
0.5835919136562678
0.17198437466693875
0.35523850712748956
0.0
0.7309855879861187
0.4647456844344935
0.0
0.3010300099849701
0.5518331214096004
0.13305200947246906
0.4671223549554822
0.278191354251708
0.0
0.23202214552491518
0.11305340399494321
0.8669479905275309
0.0
0.17585414288875137
0.0
0.4626165532862788
0.23463936141322095
0.2641377146179005
0.6038061756906419
0.5184650145085595
0.07336392325013509
0.75381429155342
0.31546488404273987
0.8415908453395132
0.06943122255386133
0.0
0.0
0.6667876420842667
0.0
0.0
0.6620158575667672
0.0
0.11120921582981547
0.38685280084609985
0.6790406145915232
0.11284513908875529
0.7702043903589452
0.4249260125286184
