0.08703246132971454
0.0
0.0
0.15101961361645377
0.47036527590874033
0.0
0.21398626751412297
0.0
0.04373502467722413
0.0
0.0
0.4912596971843981
0.16958010093853398
0.33916020187706797
0.0
0.07395537092069526
0.04868945187953424
0.1460683556386027
0.312769717947786
0.27739411854745705
0.0
0.0
0.30671821741120914
0.0
0.0
0.47036527590874033
0.0
0.0
0.7227265703297249
0.30078517497020635
0.0
0.0
0.0
0.31557426276088346
0.0
0.0
0.8304198990614661
0.3319646627282527
0.38685280084609985
0.5925120268290973
0.2442584746573617
0.0
0.3064107440708813
0.20210735516747766
0.5087403028156019
0.41048895771510896
0.0
0.15101961361645377
0.0
0.3178818910360511
0.6843515434228633
0.0
0.06934506252399683
0.1600696563825324
0.8687949259683276
0.0
0.1460683556386027
0.0
0.0
0.0
0.0
0.43067657947540283
0.0
0.660839798122932
0.5147714424843294
0.0
0.0
0.0
0.0
0.4852285575156707
0.0
0.0
0.0
0.38685280084609985
0.3878496537566022
0.0
0.3631143796219004
0.0
0.0
0.07817641598004023
0.39732200456978667
0.0
0.8539316443613972
0.0
0.06229194031648807
0.30382543902806686
0.1312050740316724
0.0
0.30078517497020635
0.5531464693911909
0.1460683556386027
0.1312050740316724
0.3600546231527257
0.05652670031284466
0.3156484565771367
1.0
0.1312050740316724
0.07132875583804099
0.0
0.0
0.0
0.0
0.38356636845265696
0.18807401487289394
0.20210735516747766
0.0
0.0
0.0
0.0
0.0
0.0
0.0
0.1951900222593106
0.309639424992306
0.0
0.0
0.10159378288464728
0.0
0.0
0.0
0.1312050740316724
0.5087403028156019
0.0
0.44685353060880906
0.0
0.0
0.0
0.0
0.0
0.1460683556386027
0.12389007127460513
0.104256572649262
1.0
0.5531464693911909
0.1010415535431794
0.1460683556386027
0.1951900222593106
0.0
0.0
0.0
0.0
0.0
0.44685353060880906
0.0
0.31374543680754785
0.0
1.0
0.0
0.0
0.21398626751412297
0.4912596971843981
0.0
0.14723431709496262
0.6164336315473431
0.12907565118668263
0.0
0.0
0.32961677012071955
0.04792722106960394
0.0
0.44685353060880906
0.0
0.3600546231527257
0.05365266332451218
0.0
0.27727342967027513
0.3825007436639685
0.5531464693911909
0.786013732485877
0.2020831070863588
0.786013732485877
0.0
0.5147714424843294
0.3937506787409237
0.20803518757199052
0.0
0.0
0.0
0.0
0.786013732485877
0.562455915295959
0.7227265703297249
0.0
0.5311636563745267
0.0
0.6716163120800418
0.18980338031582686
0.0
0.6992148250297936
0.0
0.04868945187953424
0.04868945187953424
0.0
0.5531464693911909
0.8687949259683276
0.0
0.0
0.16958010093853398
0.0
0.220279932707644
0.0
0.6992148250297936
0.4852285575156707
0.10026172499006879
0.33916020187706797
0.6399453768472743
0.0
0.0
0.0
0.21398626751412297
0.0
0.6096731697040356
0.0
0.0
0.0
0.6164336315473431
0.4747677692819337
0.33188694872674146
0.0
0.0
0.0
0.0
0.32958335497434826
0.0
0.0
0.0
0.0
0.3319646627282527
0.0
0.0
0.34519134154579534
0.6130840136665563
0.16102233247438585
0.0
0.0
0.30078517497020635
0.0
0.0
0.0
1.0
0.30078517497020635
0.6366824354719541
0.5087403028156019
0.0
0.0
0.0
0.0
0.0
0.1843821564637303
0.0
0.4542239823923331
0.0
0.0
0.0
0.0
0.16958010093853398
0.3156484565771367
0.0
0.38356636845265696
0.0
0.30078517497020635
0.21398626751412297
0.0
0.0
0.0
0.1312050740316724
0.0
0.33916020187706797
0.21398626751412297
0.0
0.0
0.0
0.0
0.47036527590874033
0.8687949259683276
0.0
0.0
0.5296347240912597
0.5531464693911909
0.0
0.0
0.5147714424843294
0.4852285575156707
0.0
0.0
0.0
0.6992148250297936
0.0
0.1312050740316724
0.0
0.16958010093853398
0.6548086584542047
0.0
0.0
0.17944970713449493
0.47036527590874033
0.09242447655675837
0.0
0.3263685262414474
0.8304198990614661
0.6131471873089194
1.0
0.0
0.0
0.0
0.11305340062568932
0.0
0.47036527590874033
0.0
0.6278248431100186
0.0
0.29553891600426735
0.0
0.20253382986971338
0.0
0.28911556841607333
0.20253382986971338
0.0
0.0
0.5087403028156019
0.0
1.0
0.1312050740316724
0.5575053207357231
0.0
0.23307160834326454
0.0
0.0
0.5087403028156019
0.0
0.2020831070863588
0.0
0.1052161521923789
0.0
0.41383857559589565
0.0
