0.1627615594603265
0.03729462939283304
0.0
0.2900757930654533
0.30523487822481626
0.0
0.34713572663372855
0.0
0.049587967317421454
0.06625422567104446
0.0
0.530244206292081
0.13807288760480826
0.3531437726636287
0.09094933753212026
0.07395537092069526
0.19745554616089372
0.3674585261355276
0.312769717947786
0.27739411854745705
0.3562071919441223
0.0
0.43154158533498393
0.0
0.0
0.49881218458100185
0.0
0.06116755881393687
0.5988751024841142
0.19518899662923644
0.0
0.0
0.0
0.23864784463167216
0.0
0.0
0.8115558494680665
0.513477679481974
0.38685280084609985
0.5925120268290973
0.25899004692407834
0.0
0.25750978418150217
0.20210735516747766
0.39639187045778385
0.3818921964074208
0.0
0.15101961361645377
0.0
0.3156369384382024
0.5771493328050079
0.0
0.23302562565391283
0.14747156929575275
0.6968404671088101
0.12384515688307687
0.23758351354587542
0.0
0.0
0.0
0.0
0.43067657947540283
0.0
0.6281460446223516
0.543100813212
0.0
0.0
0.21840743783974695
0.0
0.5302631100381351
0.0
0.07839826893635371
0.0
0.38685280084609985
0.3902086221817351
0.0
0.3631143796219004
0.0
0.0
0.17583940494897352
0.39732200456978667
0.0
0.8664503013504115
0.0
0.09519796421621604
0.35775306123772865
0.15850703828379173
0.05043810976673007
0.2084508005970335
0.7100226356288846
0.37993306276337796
0.29922683219491614
0.4516672307071349
0.03668196053185994
0.2781981725875939
1.0
0.2045343026538144
0.056570956070772706
0.0
0.040090436668135526
0.0
0.19632790741628972
0.40067051888979127
0.24266819995001127
0.20210735516747766
0.0
0.04631507065151662
0.0
0.0
0.0
0.0
0.05841511790073129
0.1951900222593106
0.2928427516576203
0.20904937147504088
0.04182625419088668
0.2402068384217079
0.0
0.0
0.02553779760316607
0.1513973407047011
0.6175852851981339
0.0
0.45010581539114536
0.0
0.0
0.15642624560401258
0.11751610869937361
0.0
0.12231889981854797
0.133350079178409
0.19048587499569478
1.0
0.4512861769185374
0.22102680477202105
0.15840915466048672
0.3127061309586842
0.0
0.0
0.0
0.0
0.0
0.4990267358461563
0.0
0.41128171137200814
0.0
1.0
0.0
0.0
0.2024832320263304
0.4557786380520011
0.0
0.22340402880678284
0.7510916732966976
0.10569361730387877
0.0
0.0
0.3036746842245634
0.04001881878979883
0.0
0.35359815128972316
0.14782949149021504
0.5113553169294689
0.08178896985502623
0.0
0.40112489751588576
0.333435366704991
0.4686365361142134
0.8611375548922774
0.15282202522064733
0.8611375548922774
0.21399300457305176
0.5494344208420556
0.541533924338058
0.22098518099801692
0.0
0.10778915486707714
0.0
0.0
0.6457545757871808
0.562455915295959
0.5988751024841142
0.0
0.5945327422965749
0.0
0.5078987871036286
0.17752458595808454
0.0
0.8048110033707636
0.06317971123324073
0.12287190814155995
0.18726233717518978
0.3333333432674408
0.35895420829888225
0.7065836034403374
0.07336392325013509
0.1517621921864888
0.2326863020091199
0.24025211837348825
0.3394058686177518
0.0
0.5231737985946225
0.4852285575156707
0.16791590889614422
0.4977962672710268
0.41528075982039603
0.0
0.0
0.0
0.13886244510772267
0.09694469236979435
0.5605160565250867
0.0
0.1993062351435135
0.0
0.6874708863780898
0.5821032077952398
0.3097566998746315
0.26064801926125813
0.0
0.0
0.11305340399494321
0.34968231040061915
0.0
0.0
0.18457570391786032
0.0
0.37982540090591677
0.0
0.0
0.4420219779989125
0.47121349641760785
0.33203428145335234
0.1754926066518575
0.0
0.26462021918309775
0.0
0.0
0.0
0.7151857983410421
0.47289350070910363
0.6366824354719541
0.45253088625491006
0.0
0.0
0.0
0.0
0.0
0.2808262124004136
0.0
0.5127767010958193
0.0
0.0
0.0
0.09791292548706874
0.23993206934241235
0.30247629840240087
0.0
0.3125291136219102
0.2232528964276248
0.2588097835478442
0.29062463729421145
0.13565197169348978
0.10048301082670186
0.0
0.08514311503365664
0.0
0.3045566899556057
0.4204996498838636
0.0
0.07640640801990162
0.3016983835692268
0.0
0.5779050366184648
0.8414929617162082
0.07808810423428764
0.0
0.6947651217751838
0.5932505698098892
0.0
0.0
0.42344940825929067
0.5141863660765521
0.0
0.11935332604320828
0.3010300099849701
0.45374257604076124
0.06362078691860773
0.1760331678315395
0.13565197169348978
0.3183191631215857
0.4249260125286184
0.0
0.09803928426050079
0.32292169520777747
0.32597357348457556
0.12966028475019217
0.0
0.3694810120161124
0.5388856910744179
0.6131471873089194
1.0
0.14126697861817783
0.09960519790922295
0.21538297910509652
0.12158141926618592
0.0
0.39672933647617187
0.09803928426050079
0.5823212958384548
0.0
0.2778283088224307
0.0
0.20085502391156615
0.16716045609713098
0.21863889231117947
0.29526386278406636
0.13961814892117955
0.06943122255386133
0.6149518464456972
0.0
0.9337457743289556
0.1879960250533887
0.5575053207357231
0.0
0.39174780431676853
0.0
0.0
0.4818998369732282
0.0
0.20103200768605553
0.3333333432674408
0.24458392211775792
0.0
0.6196213450229586
0.06943122255386133
