0.4209267166698317
0.33622489686362234
0.16958010093853398
0.745629848592199
0.0664200440403919
0.25
0.298651877723164
0.06804733277054317
0.25717364268496035
0.2048235272671155
0.2074439247574987
0.2674059166659943
0.4333057080920948
0.19918421198892663
0.23201654266000252
0.12456638340881777
0.2922409858000536
0.04110957904407206
0.2538894813179726
0.5346694052538249
0.0
0.5817744806349033
0.08479005046926699
0.0
0.3930068662429385
0.2989170320479572
0.2567089480971805
0.41735500480378673
0.0
0.09072694492257266
0.7264208854383947
0.660839798122932
0.20340466585199893
0.4401335505548094
0.15847371036713812
0.0
0.4121943796963693
0.08479005046926699
0.22460731326140307
0.1778713311931293
0.4545593590823379
0.15576349726635794
0.42316941393235225
0.2592102296591947
0.22783341040385405
0.24849221508281816
0.3812509935929729
0.5388112105157811
0.5079201214692866
0.19178318422632848
0.4281140773858257
0.15979138807603727
0.7098831931604332
0.1586609003303495
0.26232582758801554
0.16397610054448714
0.3812509935929729
0.18905858808433257
0.09110532172311228
0.33076999654880584
0.14712073320358887
0.16307153103427438
0.2200667752774047
0.4338542038271214
0.38364914347036727
0.18484895311351673
0.0
0.5
0.05721111475184319
0.5310953287845271
0.4463872441893122
0.13224046331950357
0.33602389945551286
0.6015313156505797
0.0724961466095626
0.0
0.06931835741756878
0.1107683683654393
0.15477609429825281
0.1998882894771741
0.33761573916084237
0.1693063753838124
0.2541673290619819
0.0
0.0656025370158362
0.18042931763247386
0.3621822050378888
0.754370151407801
0.04374403946132689
0.1641198699415104
0.161646973306238
0.24562984859219905
0.2752884487829931
0.34028401283828247
0.14086334511423867
0.23518263795437017
0.3550077067808748
0.13826173755072035
0.2567089480971805
0.3496074125148968
0.30078517497020635
0.062444784893907486
0.3842665634273366
0.442038370371912
0.18342080973426908
0.300465620011311
0.07303417781930135
0.10918487359727684
0.3461250089689539
0.30821681577367155
0.16958010093853398
0.23533230052023713
0.14168416773174108
0.2134829110903493
0.19823499546895
0.20366130340075966
0.34028401283828247
0.0693360521440937
0.5296347240912597
0.0
0.37428085105210457
0.16958010093853398
0.0
0.41737206545398325
0.4895527893621711
0.19515830611074686
0.21824580611280348
0.3610980042159994
0.13479257908330033
0.49565808363926855
0.3708934763767053
0.5177154897970636
0.07303417781930135
0.0
0.0653219050065363
0.40264952782892166
0.10699313375706149
0.3524293713321579
0.7227265703297249
0.09110532172311228
0.11853545962682505
0.16958010093853398
0.518983807325362
0.265442214508599
0.21167089265443892
0.0
0.21167089265443892
0.1475706286678421
0.20423925185097375
0.346075261171168
0.2825115601713122
0.2923950252346335
0.24562984859219905
0.6597159871617175
0.21824580611280348
0.2200667752774047
0.18221064344622456
0.0
0.6573537491385438
0.20108296795204275
0.18471333411124943
0.4211497432294475
0.08883631994805467
0.14041677041014833
0.584790050469267
0.26571633447074133
0.0656025370158362
0.8274043292271023
0.49791200984433964
0.0
0.21167089265443892
0.5268758990809337
0.48824412735003436
0.07303417781930135
0.11218134946583512
0.8274043292271023
0.47036527590874033
0.5388112105157811
0.11002823998323732
0.16958010093853398
0.20108296795204275
0.576036892989149
0.15477609429825281
0.3494929421268312
0.27082514915096356
0.41520994953073304
0.11822392699003692
0.22641027906962272
0.26804241418474123
0.1312050740316724
0.13034225005482838
0.5337225903463088
0.2054778771824477
0.5682200638770301
0.3619551253062714
0.0724961466095626
0.31997268842363713
0.16958010093853398
0.20235719129319527
0.4145905404219756
0.30499570104129164
0.4317771947496343
0.26352775284595026
0.05911196349501846
0.4211992799834454
0.16958010093853398
0.23362082812386237
0.08464107928123402
0.4802741303133606
0.25647124687301887
0.4211497432294475
0.0698870609640136
0.33916020187706797
0.5531464693911909
0.2925629218869673
0.21398626751412297
0.26352775284595026
0.16958010093853398
0.6770117417419992
0.2735791145616054
0.0656025370158362
0.15039258748510317
0.0
0.4566005462719583
0.4674279015600239
0.26481736204562983
0.2925629218869673
0.07616128774664462
0.4566005462719583
0.3179008393733192
0.6887676143919648
0.490807628901436
0.08479005046926699
0.3219028163984902
0.27468547510896485
0.05748105950611625
0.5454406409176621
0.2825115601713122
0.14837017471384892
0.495686117035948
0.1641198699415104
0.04555266086155614
0.09691604001161867
0.06888798697717229
0.24688505778468448
0.22342676530440453
0.0656025370158362
0.4749454165357518
0.18659188624265124
0.2895983086561092
0.203167587718324
0.0
0.0
0.295311114124298
0.4401335505548094
0.0
0.05942379551875548
0.24033111263992252
0.03929283595255989
0.24417581746178355
0.4969844301656363
0.15782422828856835
0.19687407608286536
0.2308584061078697
0.30821681577367155
0.49252697373306176
0.44916890546849314
0.38356636845265696
0.09545348180796523
0.060224443140051064
0.6015313156505797
0.7590911432234251
0.27667384741600426
0.3779697722005842
0.19678750399208836
0.12469302037930852
0.18002731157636284
0.19103160623638765
0.1159310156285401
0.31997268842363713
0.0
0.20172936805244185
0.2738639687978906
0.6843515434228633
0.2828012685079181
0.0
0.6513978144916839
0.19178318422632848
0.1764235478144164
0.0
0.6056863236225059
0.11305340062568932
0.4343974629841638
0.12421371516500533
0.2925629218869673
0.15410840788683577
0.04868945187953424
0.13863671483513756
0.04536347246128633
0.15979138807603727
0.29408067485405476
0.0
0.6800273115763629
0.291608688545685
0.10913381340669756
0.0
0.24090885677657498
0.260610718044497
0.07132875583804099
0.31997268842363713
0.20423925185097375
0.178214207332949
0.22031133473558304
0.36427668237493693
0.2071984625566666
0.4240967788035461
0.25301193028304314
0.36136328516486244
0.576049747653665
0.25717364268496035
0.10572473378231538
0.5922216912727322
0.2735791145616054
0.2620045774952923
0.2825115601713122
0.26481736204562983
0.5428723515470327
0.28144069168399455
0.2899845864382504
0.05721111475184319
0.0
0.35096944505473704
0.30896839376361235
0.5065267044251694
0.3930068662429385
0.2301567918025428
0.13659950013394548
0.17923109770033022
0.22062105630055087
0.0
0.05365266332451218
0.36136328516486244
0.5191875134534308
0.09404673578265882
0.3974951275901257
0.15576349726635794
0.29135360793927684
0.5290351690410171
0.2799332247225953
0.12488956978781497
0.24315854673584786
0.0
0.6069931337570614
0.2656801761615676
0.6399453768472743
0.4464876607157993
0.0
0.4269658221806986
0.2888656703323021
0.1502328100056555
0.33916020187706797
0.6462405617005282
0.16958010093853398
0.26481736204562983
0.3550077067808748
0.206527370144311
0.31096891557438655
0.13494093150347009
0.3542817418487371
0.3352017128824757
0.0
0.3331590462506034
0.27657323469559547
0.4148741562260654
0.16870765959710948
0.21636952372273952
0.042238474161133924
0.5245136610577601
0.6910316062363876
0.44615333563412946
0.8253738656402574
0.3156484565771367
0.5419063829826318
0.0
0.11506378051526511
0.2389353327369939
0.2994459369789954
0.19178318422632848
0.23518263795437017
0.08766559312837677
0.18148604598834192
0.09691604001161867
0.15392473882883204
0.2092448664963007
0.21748843982868782
0.13828661734779774
0.4858900661022558
0.08747004935444826
0.2799332247225953
0.6695801009385339
0.25
0.0
0.16375323239479936
0.4401335505548094
0.1372057718493618
0.38828661734779774
0.223071147768176
0.2850281291337786
0.0
0.0
0.0
0.28144069168399455
0.3600546231527257
0.24033111263992252
0.5
0.2296981864013765
0.3245887180766553
0.3974511734762876
0.32674999822103395
0.33602389945551286
0.0
0.19005120283262697
0.3613618169418647
0.111325376603219
0.5454406409176621
0.584087013832777
0.0
0.36248073304781303
0.07303417781930135
0.5060783048967572
0.21167089265443892
0.6597159871617175
0.2738639687978906
0.5486176484659794
0.42565716016856187
0.11442222950368638
0.23371395078001195
0.11822392699003692
0.1410238807171068
0.18322609171618134
0.3252535289365844
0.3650590684965299
0.2450201767671852
0.18002731157636284
0.40476273889290415
0.22125520159994164
0.0
0.8687949259683276
0.05050237483100388
0.17348950763996088
0.2846438814537991
0.2054778771824477
0.0
0.19103160623638765
0.0
0.3576767347631542
0.1641198699415104
0.2450201767671852
0.41382062027988337
0.361754170155226
0.4269658221806986
0.1449922932191252
0.1475706286678421
0.2825115601713122
0.22342676530440453
0.0
0.23533230052023713
0.4808124865465692
0.31836713847191817
0.33916020187706797
0.0698870609640136
0.09242447655675837
0.13929544298486982
0.0
0.6813359735884996
0.5898794078641666
0.5167900916257594
0.4550212335913634
0.6083264270230238
0.3350479729641351
0.3739915141062367
0.20423925185097375
0.07859263939537235
0.2123087242544807
0.4912596971843981
0.05721111475184319
0.11047204601737919
0.0
0.35614572114889825
0.5454931000786495
0.10699313375706149
0.42631822513847334
0.15039258748510317
0.14918198967595736
0.13494093150347009
0.10308952618441847
0.06931835741756878
0.5388112105157811
0.206527370144311
0.2989170320479572
0.21398626751412297
0.10699313375706149
0.1052161521923789
0.259387379462826
0.1312050740316724
0.12663167610629236
0.0
0.0
0.3127751001549698
0.09797563715511069
0.0
0.24049739903735787
0.19178318422632848
0.07303417781930135
0.3190900384327302
0.53633018045893
0.4275038533904374
0.23819820778873388
0.8304198990614661
0.0
0.2670002326394968
0.37102095373171434
0.3333333333333333
0.14297642546993955
0.18002731157636284
0.07020838520507416
0.26988186300694017
0.3776884321276741
0.3186640264115004
0.5632605056108927
0.06331583805314618
0.0724961466095626
0.0
0.07303417781930135
0.5768305860676478
0.42316941393235225
0.2573857212421647
0.2849799858792192
0.5413905967412252
0.0
0.08381276596526362
0.15621989429231348
0.0
0.13745567838964187
0.3537594382994718
0.0656025370158362
0.08479005046926699
0.2166528540460474
0.0
0.10799756225046969
0.24696084755162143
0.27398742425639483
0.14796927977232185
0.0
0.12001820771757524
0.7648173620456298
0.05609067473291756
0.27727342967027513
0.16812229869405595
0.40476273889290415
0.12001820771757524
0.1306438100130726
0.24562984859219905
0.24855930373524557
0.24261427875783534
0.5850262730744474
0.13240868102281492
0.1018366782371015
0.2573857212421647
0.34217577171143165
0.1475706286678421
0.3100525684919982
0.2093984064127078
0.482333030207615
0.26362910899205
0.4777969167122055
0.25673534845462503
0.223071147768176
0.327615766959758
0.257767025231148
0.38249503407509655
0.3559726372918401
0.5280166347104913
0.18428980175601992
0.19790598778442828
0.0
0.2890293023202407
0.31368236162486207
0.0
0.22641027906962272
0.19087764674243116
0.17923109770033022
0.23647224715404974
0.3524293713321579
0.30651771206561956
0.5089324456097069
0.25717364268496035
0.062444784893907486
0.3524293713321579
0.11853545962682505
0.1609514081992451
0.4275038533904374
0.08478905367474866
0.14594057973174118
0.0664200440403919
0.14041677041014833
0.38358834043666395
0.07303417781930135
0.24726231758447018
0.18598720987602932
0.20172936805244185
0.18002731157636284
0.1460683556386027
0.10907459423739019
0.04555266086155614
0.4226415903341982
0.0
0.08447694832226785
0.3960224360773022
0.28702044533342436
0.16958010093853398
0.21599512450093938
0.3930068662429385
0.1544972858679839
0.2799332247225953
0.15782422828856835
0.3486535966198849
0.6800273115763629
0.28059323302336736
0.4343974629841638
0.1745983257880773
0.09797563715511069
0.0
0.40777830872726784
0.27657323469559547
0.0
0.0
0.27246019845565705
0.39222370821694164
0.0664200440403919
0.2505424902934665
0.6666666666666666
0.03391368023954716
0.0656025370158362
0.5346694052538249
0.5318464034238951
0.0656025370158362
0.5104352782364687
0.2674059166659943
0.38146454037317495
0.2413756534263614
0.4969844301656363
0.6164336315473431
0.03929283595255989
0.27657323469559547
0.5560906747329175
0.20315902280419013
0.18042931763247386
0.20315902280419013
0.03524434888057101
0.23819820778873388
0.3078494776576641
0.209002768839754
0.5043419163607314
0.25437015140780095
0.10699313375706149
0.2570501502929822
0.19241344085580062
0.0
0.5177154897970636
0.11822392699003692
0.19774882920985992
0.07303417781930135
0.1586131518318684
0.22342676530440453
0.09224250801173461
0.46461072079799304
0.14086334511423867
0.1571852787907447
0.6639761005444872
0.2212162485439435
0.2830728980864393
0.13745567838964187
0.3310742300675344
0.32994051651253276
0.3190900384327302
0.12469302037930852
0.4852285575156707
0.24583352344729684
0.09074302299417096
0.27311629441928476
0.12718507570390047
0.20340466585199893
0.09147995393492454
0.6157216140234254
0.0
0.20052344998013757
0.518983807325362
0.0
0.3333333333333333
0.9576049747653665
0.045735257283120605
0.0
0.5030155698343637
0.5078678614741774
0.33602389945551286
0.1422706486993885
0.7672370150062634
0.2074370781130327
0.4046620891713743
0.3249037007446137
0.12858682134248017
0.18906468541275154
0.7840048754990606
0.19180054731391563
0.2826335015642233
0.3486535966198849
0.3277254062130079
0.5413905967412252
0.4350210540612703
0.1523557637425182
0.413054740288622
0.15979138807603727
0.2706952983706126
0.15410840788683577
0.11785313517184128
0.2530614893956642
0.31363106882156927
0.21398626751412297
0.2699564558372612
0.4886577333094672
0.1475706286678421
0.6275351731912403
0.48145873123092686
0.051389560138693814
0.1746261343597426
0.053647823924131206
0.3714131786575198
0.13494093150347009
0.08961554885016511
0.2955598174750923
0.0
0.0
0.9269658221806987
0.3650590684965299
0.11759131897718508
0.38146454037317495
0.2443288666547336
0.29947649694610706
0.23146067703809697
0.3976972820794884
0.0
0.30078517497020635
0.2928303231100146
0.4297509215227528
0.15782422828856835
0.5074316408034651
0.19452365502391245
0.08447694832226785
0.3127751001549698
0.03391368023954716
0.0
0.23508198823284035
0.5833049571583746
0.15782422828856835
0.15782422828856835
0.5978340640959144
0.2588334848961925
0.0
0.21836974719455368
0.2396917029523408
0.17462385811194037
0.0
0.18994751415943856
0.11230365663070153
0.07303417781930135
0.2738639687978906
0.0
0.03391368023954716
0.327615766959758
0.062444784893907486
0.3406679867942498
0.379155639517269
0.4777969167122055
0.2656801761615676
0.3813732301371391
0.08479005046926699
0.3496074125148968
0.34243745418758703
0.305208665464553
0.6803815724211322
0.1460683556386027
0.3890473100478249
0.47531970311105043
0.18002731157636284
0.11218134946583512
0.13595491616954847
0.16397610054448714
0.16958010093853398
0.05911196349501846
0.10699313375706149
0.26610608829466714
0.11223804847749048
0.2207229022736751
0.19241344085580062
0.2688064050512966
0.0
0.0
0.05609067473291756
0.0
0.09147995393492454
0.518983807325362
0.2820477614342136
0.15858710067347306
0.18180407761988088
0.19178318422632848
0.2964609431237059
0.18383073010979953
0.5814285922192695
0.11884759103751096
0.1750207189309289
0.3496074125148968
0.05911196349501846
0.2964609431237059
0.40777830872726784
0.12269972814719093
0.3124164829772125
0.0
0.0
0.0
0.2371116291680379
0.3496074125148968
0.18471333411124943
0.6179367875272247
0.32795220108897427
0.16615255254815894
0.491856646111879
0.06228319170440889
0.10699313375706149
0.469115570982802
0.25402921045409643
0.42565716016856187
0.09404673578265882
0.1449922932191252
0.29877631798338994
0.13494093150347009
0.4462144522583669
0.33916020187706797
0.24261427875783534
0.19687407608286536
0.20315902280419013
0.5164054718766451
0.18099660122906505
0.08961554885016511
0.19241344085580062
0.1460683556386027
0.11305340062568932
0.09147995393492454
0.5538466643658706
0.07303417781930135
0.5186921064446107
0.16914020347825579
0.23307160834326454
0.41807231602135214
0.44684413228211206
0.5191875134534308
0.12858682134248017
0.05050237483100388
0.5371068674075556
0.04868945187953424
0.2989170320479572
0.2925629218869673
0.7010829679520427
0.1984849121120978
0.7578356048696948
0.09001365578818142
0.0
0.0
0.18116897322498746
0.3650590684965299
0.27968866526441694
0.4777969167122055
0.3766430890752782
0.1658117896423802
0.6164336315473431
0.44112647265079025
0.12663167610629236
0.34845556694636326
0.3014953674966741
0.44615333563412946
0.0
0.10699313375706149
0.5056576297519819
0.3078608070117127
0.2825115601713122
0.20162237014434933
0.35262298234926054
0.09404673578265882
0.07459099483797868
0.22342676530440453
0.31397831106152474
0.0656025370158362
0.418285940142766
0.08303687541388678
0.23647224715404974
0.17159048082810976
0.0656025370158362
0.2734822642024099
0.29382208253078507
0.19005120283262697
0.3530898160608398
0.4583529552342341
0.21599512450093938
0.32791836854631506
0.4810161926746381
0.2366109894988346
0.205374133103715
0.4182752241903967
0.41170059038846474
0.21901509206922104
0.31154672921232923
0.41882371992542333
0.3496074125148968
0.3417884661977546
0.6695801009385339
0.3551323389121061
0.09110532172311228
0.30821681577367155
0.3903969859828818
0.38994817987858005
0.0759948995789954
0.0
0.3486535966198849
0.1691991643177795
0.4683564189219239
0.08464107928123402
0.24712228096930522
0.12858682134248017
0.3672207296876712
0.062444784893907486
0.15998634421181857
0.19124751703754828
0.19178318422632848
0.23889845835610274
0.27222906898251287
0.2895983086561092
0.1312050740316724
0.3718104958026913
0.584790050469267
0.0
0.3461250089689539
0.05464494258040693
0.3252535289365844
0.3105956293849955
0.07519629374255159
0.4407008950924965
0.0653219050065363
0.1992601321211757
0.2117967666873405
0.2171987314920819
0.27657323469559547
0.1586131518318684
0.43673949438910736
0.1449922932191252
0.05609067473291756
0.2638791770592845
0.13382212999472617
0.3714131786575198
0.2568068467283213
0.0400519410980745
0.2532633522125847
0.27843352769313684
0.28374316698430535
0.32048871269446794
0.051389560138693814
0.42380660183577223
0.04374403946132689
0.37706835801055744
0.518983807325362
0.6199875946767083
0.384736821505966
0.0
0.15678842530291345
0.05609067473291756
0.48661615868297664
0.222650753206438
0.26070842897080887
0.0
0.13777597395434457
0.0846531876919062
0.3156484565771367
0.21398626751412297
0.15548450216123272
0.12869286062108234
0.24261427875783534
0.3289121141442842
0.27615745001032227
0.0
0.17259567077289767
0.0
0.20423925185097375
0.5516028861514015
0.7925629218869673
0.22315920233428324
0.09586584729229021
0.27246019845565705
0.537017040973009
0.4054873348069152
0.0
0.22144757177794067
0.40461726897886824
0.1724296155484907
0.6544362487073279
0.2686203193030718
0.17275523772178805
0.38010240566525394
0.25
0.33916020187706797
0.660839798122932
0.10907459423739019
0.0
0.16958010093853398
0.15979138807603727
0.0
0.22125778818836736
0.45809361701736817
0.0
0.0
0.3064107440708813
0.13520232610395744
0.22094409203475837
0.14895117686960302
0.2788906670594953
0.34028401283828247
0.5117558726499656
0.08479005046926699
0.42395025234633493
0.4021659359040855
0.10161580468996782
0.2925629218869673
0.30078517497020635
0.47234765529992506
0.5804751707106967
0.2166528540460474
0.45860665907761083
0.3060546998504213
0.044589138183159516
0.42138682443616104
0.6094770684125703
0.29088724031745167
0.0
0.1758949109163845
0.32994051651253276
0.16958010093853398
0.3750579781209817
0.15933479115413562
0.2989170320479572
0.2891825612566746
0.2074370781130327
0.20052344998013757
0.0
0.20366130340075966
0.7989170320479573
0.1244870147171648
0.5010486512295852
0.22342676530440453
0.27968866526441694
0.3687953852747385
0.11853545962682505
0.19452365502391245
0.0
0.04268581450187471
0.22783341040385405
0.1460683556386027
0.7467366477874152
0.584790050469267
0.3777612861698332
0.18002731157636284
0.2144294330757919
0.11273811451133632
0.45951900174824983
0.0
0.41745376480699486
0.06331583805314618
0.5245136610577601
0.4269658221806986
0.3156484565771367
0.2166528540460474
0.5
0.0
0.09683091095977234
0.319431974323435
0.17108788585571583
0.2789286312840569
0.25647124687301887
0.19774882920985992
0.5079095447688097
0.0
0.1460683556386027
0.1821894274996131
0.3171742013469461
0.3588764312322355
0.08381276596526362
0.0
0.2989170320479572
0.09586584729229021
0.1806554293294529
0.17348950763996088
0.5049238141614432
0.5383539922217893
0.19178318422632848
0.21748843982868782
0.4343974629841638
0.2747962531309129
0.30821681577367155
0.10699313375706149
0.07859263939537235
0.07398463988616093
0.13240868102281492
0.10699313375706149
0.30203925239856333
0.28868625335032816
0.26352775284595026
0.42281657206955137
0.5825462351930052
0.0
0.43643629900014425
0.26988186300694017
0.28218311126319445
0.8613632851648625
0.0
0.07519629374255159
0.2891985995258984
