0.4731276826490302
0.4143978294337012
0.20961800823857588
0.6335313525876274
0.11311894844313908
0.23264219436153466
0.3918169783556151
0.0908378267330466
0.2644263626318414
0.26785100441308707
0.23700319047458251
0.331703215203306
0.36073630555291214
0.2876459954315653
0.26484444582295413
0.2055647570366225
0.23017879610181952
0.16738947681944547
0.2842016131204435
0.550375471065881
0.0
0.5134788628799857
0.12829136865202898
0.08558266518034517
0.35143990188616053
0.3570424309696438
0.2583038203772361
0.3434248865439724
0.03750724364532665
0.14903570990109313
0.6779986956622269
0.5072380784151918
0.3347860426268069
0.4864425680147955
0.12303769104302066
0.0464761165982407
0.4822192951952771
0.10390436141746628
0.15997894791021133
0.14798068106217543
0.44910467844122215
0.2515724300405124
0.3602011169260114
0.34996972980708524
0.26586545817169516
0.27281506624550167
0.39561315025123056
0.5510566400617549
0.41975012514694054
0.3187188328852832
0.4714451937985737
0.1138131157811662
0.530839874883791
0.30885977552110216
0.2820278179338155
0.2004590856750453
0.49394954844676897
0.21740925144791598
0.1536856599544275
0.4270805476353575
0.22833027009830378
0.21059141993866523
0.2813739906558012
0.5489770475665376
0.38364914347036727
0.20935228837268866
0.053368457548553384
0.5683585222479028
0.1263387405033959
0.6060822257109282
0.3848163912272836
0.14495969890170746
0.4510170608914695
0.5722733939433401
0.1352797595130502
0.07535176212248382
0.21343552370718208
0.16194119282186917
0.1479224826511767
0.22073632804848595
0.363879343025813
0.3248228910564466
0.2239873823130421
0.0
0.07728716879375898
0.19948630532879705
0.34805289955591134
0.7360783503208504
0.10434560468015538
0.23834239839295776
0.17058373391231416
0.3270064456352588
0.2529540447471659
0.38503958335529986
0.19911372097079935
0.3043835674776908
0.4995614143704214
0.1789212899841764
0.3463342020805051
0.4659278060189823
0.3308744448541422
0.10874318130813852
0.44866894047291045
0.3733556240165942
0.33065015670284037
0.27323315460696324
0.05748471877968527
0.28766781115282813
0.4227286383773526
0.32837749736627936
0.2224589641991419
0.31737382706221284
0.26633857594637167
0.25822448189533415
0.2242708552025443
0.2576811043228482
0.35212560611498395
0.18429830092360672
0.44493831045834664
0.0
0.3241976894145611
0.1222260927907976
0.0
0.4370788876510323
0.4504664919130568
0.2525577964692413
0.2529614507896478
0.3159047397205456
0.1438521234694152
0.501583948043868
0.3782215224667896
0.5509339401472911
0.12393453885217007
0.03072344881986982
0.10625778794850749
0.4572224584998578
0.14782949149021504
0.39387553740677445
0.6470638691990903
0.17927358927415463
0.09627032435773829
0.2913803378280455
0.575868356085973
0.21678991335653863
0.3398336573530282
0.0
0.3238377287221268
0.2203098590634961
0.18794896037544762
0.3027147341649676
0.2793593134295415
0.36717999937342055
0.3642243982228249
0.5276876862678417
0.2999918763409163
0.3134846324496309
0.1839650569478092
0.0
0.6436392184960317
0.23568903986663514
0.227980971302434
0.3835484201318187
0.10845056920065035
0.14957714762741653
0.5109522381638494
0.2753637185681158
0.18536670332082475
0.7803057303767621
0.46228524295784157
0.1382443412600544
0.2762121772986409
0.5167422115133807
0.49329991747485047
0.047394183870939494
0.23602091807077916
0.782272080724899
0.4113480624037451
0.5513419263338707
0.13528936217779766
0.15311596325907667
0.20816496216923708
0.47949132972252057
0.21260893261918828
0.4880585682884618
0.31925460987095683
0.5079482151488993
0.11066145073893237
0.25065325404739175
0.30797995802624123
0.16168391694987166
0.2540847043530321
0.5212220046849773
0.22993142734442917
0.440655415840056
0.3463304680027257
0.23778841103765277
0.3831745935751992
0.25787537308579483
0.3228986351358178
0.41440649533913754
0.396150460939882
0.4704348639989207
0.1979543303406236
0.04654121758613206
0.3518932029302208
0.2044448976434161
0.24882224090642796
0.1877682077269673
0.486702101936223
0.23820331938642128
0.34645474808925697
0.18129911216849012
0.4394150572156746
0.49780646033881587
0.388596206959189
0.21398626751412297
0.21002621574862856
0.2537697018012771
0.4760162559097574
0.3423352097968673
0.14063617664717665
0.37577141312544887
0.10900820892876663
0.39923869787035393
0.5250540927165045
0.19897571741454806
0.2883784230039996
0.05795991138419441
0.5072019664880923
0.3100914680912003
0.5510996919745432
0.4229897369026368
0.08392882049985759
0.2496360625711021
0.30203723946869165
0.08619093898816937
0.5009815180446461
0.29244608039845665
0.24502701547911615
0.430593216580345
0.25759879419124915
0.13960203461083126
0.0778429198813066
0.12772164231650882
0.23303790744186897
0.21835260543569282
0.22273383429338062
0.42997099614263
0.16983689877758867
0.40055464778956196
0.17224057426784983
0.09131359494738221
0.036681961625067545
0.27200057378438086
0.3950972970991706
0.09020316081233784
0.053732495801957963
0.2441283523772763
0.032793348675585615
0.2415654510748733
0.49897177592659103
0.26700774853531223
0.2916031439779835
0.18649327016473644
0.3433473982145274
0.558275103377564
0.46991931570275874
0.28071872016260635
0.1663725761096781
0.1564409390229197
0.4764442287349373
0.7255709341679667
0.30656847372133705
0.36915999326494925
0.14051763631058975
0.19444755518837412
0.22986256423922652
0.2968346991452433
0.20015018331277873
0.4256567977677313
0.06111704501343293
0.2512335558990015
0.27930141437321626
0.47590771679184274
0.2846101725355456
0.10863035702203817
0.5037798091616629
0.1591697746285819
0.23766418002986167
0.03516487759826738
0.577769502371803
0.13311035217789494
0.4308949600535107
0.24510268060905321
0.3938306172944642
0.29484460738528545
0.08895801876651493
0.40183503424959327
0.11434502159880036
0.2903432634331433
0.29408067485405476
0.0
0.5409443103315564
0.45246564700092273
0.21176805158707213
0.0
0.2789942998756891
0.2975560884549501
0.10512940270035248
0.3533305504640322
0.2023463733651859
0.12753346272518695
0.3521077562353704
0.4036372271317358
0.24183117590429323
0.5674266702694002
0.32327681350452947
0.3068262922509301
0.582090150207054
0.20568168690160546
0.20752557011886985
0.4190269647638306
0.34341665470540156
0.30747294320355795
0.2901784508483239
0.27018474541812915
0.4876324462139158
0.3164909535796655
0.2313181185332093
0.1595730731837616
0.06220037929692597
0.3387096183733768
0.31117288550684125
0.46461208415908783
0.42925205806992034
0.2529662024749108
0.11002397486036058
0.1813411351108405
0.21521501928247605
0.050040479185417854
0.1564290530273368
0.2604552195646887
0.4739018797847033
0.18513126055183013
0.45710950281253904
0.16602883569748839
0.4425501651631989
0.4948941898836492
0.29330038683591114
0.1376050279815886
0.40222579213410026
0.0
0.5117969388033559
0.24412045498013402
0.5709662055158135
0.46780034819409655
0.10030274854367528
0.35098634820916685
0.3398340975156881
0.2505388640320443
0.3316171449630355
0.7431235703489405
0.28257923444686617
0.37732147214977285
0.36555058800882007
0.2786504079929186
0.2766192310776506
0.15219472654781177
0.2897422302590668
0.34471597243329893
0.12981027620515398
0.3479346175373433
0.38365490745871833
0.44499889741273924
0.2409831119622615
0.24840862584099718
0.11612141237177445
0.3964797443892141
0.6552328199316672
0.4245413455656269
0.6885875130679443
0.24403338380563563
0.495869722143291
0.09701534985000128
0.21371142498719972
0.28798178195785823
0.3822018187076609
0.26651459033672986
0.3075776827412764
0.14146831669268392
0.35901086969155266
0.15064770300144578
0.22732631867390296
0.2069725292165442
0.278180071399579
0.21615358531949452
0.48934319403000376
0.18794950368681507
0.2811740748836708
0.6496330610382741
0.23063869769996231
0.10442968698322426
0.18932602091155507
0.3991363402284524
0.17008256089878893
0.4202129947838244
0.2862075495336176
0.237828317075782
0.12912599164383096
0.062203067074750915
0.0
0.44134331240418107
0.23365081284960165
0.3559027213200865
0.4701569877563031
0.30367619472381446
0.2470170068370599
0.3969856474614389
0.29387524863682213
0.3614945683624813
0.10006599041377458
0.22288980827255778
0.27834983066116276
0.2308968623066576
0.4027799835530463
0.5351027307367759
0.0
0.3585859397274437
0.15508567342348775
0.42409328416941444
0.3089681689089964
0.5852070089183449
0.31007260655903046
0.445735355031473
0.41704097275450047
0.19873765742328386
0.2829595037553655
0.19292514907576236
0.19146926596461855
0.28121681796026554
0.40535265191307684
0.33819142693452126
0.2548153319954724
0.3261363638972427
0.36718800644550836
0.23269519258751298
0.0
0.7702043903589452
0.06884984603815175
0.2375416886764084
0.31770954524553063
0.2647847751472483
0.07312976485386861
0.18792869066304738
0.025292259658061398
0.34251957812960115
0.17603476838961635
0.32736405056585555
0.4065659395478359
0.24834070286721843
0.3101987152995816
0.3028549294858455
0.19649274671070233
0.3490278663116241
0.2931960255825012
0.0
0.224085455838416
0.46616931439477605
0.3795537089860612
0.2200917631911596
0.17189195552217423
0.17121585103996947
0.2256295561093016
0.0
0.5453483912187311
0.5669316767773401
0.5760476259984026
0.4396994087763416
0.5168968753560524
0.2994859452871454
0.3817329196073992
0.33632705723935585
0.1398454294285124
0.23424843830981046
0.397192196819612
0.10665103405971257
0.1108089330111303
0.08898358727080725
0.2641400321709262
0.5345947462787161
0.23352091182332552
0.39263063275268806
0.16860402624209894
0.13416829101556135
0.2147336095228889
0.1053264573126481
0.15061102785555056
0.5470816478786901
0.2003247770520136
0.2967711775446994
0.1755444067327902
0.08421358861051619
0.15764883228089613
0.34797191819653994
0.08514311503365664
0.179539029057461
0.0
0.11751610869937361
0.336419632607772
0.06978418968337607
0.0
0.30357090445857743
0.19585173625364943
0.16018109714852533
0.3480953460206267
0.4393232746862646
0.47765763902997826
0.32627465903319147
0.7773910606861083
0.2523475698028447
0.33558085246822067
0.379673094352099
0.32509633314530995
0.17935422847536936
0.29723118825556566
0.09884606631587264
0.37797320311440674
0.3138617145717349
0.2822971355015416
0.4717349369992183
0.12065631882364222
0.08488124394509888
0.06849235508437142
0.1991563760574283
0.587607481366342
0.47253144499343913
0.25328231741026663
0.287676623139465
0.45781648745768916
0.08448923444225721
0.12018670761717437
0.1916644570939305
0.0
0.1756939349248214
0.28395792397133307
0.14672510182736592
0.1976451912950491
0.2724371514745693
0.0
0.10862242225941894
0.3406973105032937
0.3358847928062655
0.24606143519576712
0.0
0.12135390470298621
0.7130138320389044
0.09566482448707002
0.3863474154981398
0.1551780060489828
0.4028322921241399
0.16782522346545603
0.14744961168492945
0.191207357400933
0.31901114617367643
0.18925045892582315
0.42480692812558163
0.18135714521817714
0.13275049102155395
0.34124321515726236
0.2612477961344463
0.17152538662038086
0.36218277570436735
0.20589839016844147
0.3698679927155201
0.3184008583923437
0.479791475676464
0.3934098673869036
0.27029736475963156
0.4369956067382773
0.2194442946010532
0.5583672147897524
0.3916703431003974
0.4588829512868076
0.17168683136265997
0.2476372378622443
0.0
0.25408624443862055
0.37675054622699083
0.09524393627085223
0.30404229884118594
0.2367249639153253
0.229814024130484
0.25264494168046836
0.37452025156111846
0.3821123404050084
0.47306198122832116
0.24419719690581143
0.11199604209819165
0.3732967960632396
0.1780622172627708
0.26254956271701263
0.420588819710222
0.11179004781921995
0.18459514371892088
0.10685452755452739
0.1976921326317453
0.4398961941095436
0.1911180040766368
0.26496973768336046
0.1975452264538758
0.32376537542303235
0.16508726001608698
0.16104259341292343
0.13697633395959397
0.21264209248710422
0.3089810831682508
0.05384574477627413
0.06927390466854783
0.4050471645164612
0.35768517135914557
0.14317299443110204
0.24337402219274862
0.30933310758090243
0.25358289275734425
0.28783032318059026
0.13909908629379694
0.34767506337016885
0.6158967320230999
0.23223718225825055
0.4590169409245801
0.27285828105810567
0.12430960059364665
0.0
0.40347247122303137
0.28483628657385096
0.05049414903742326
0.0
0.28045312244445586
0.48669366603342273
0.11778421535248164
0.28387915174605105
0.7800330695550425
0.10635017508346131
0.14063617664717665
0.5971914612810681
0.5030765037729382
0.07438195097613218
0.5614376771788463
0.38876630763278075
0.32917925997169917
0.1637241755003289
0.42412835577978264
0.6825993182123261
0.17421689222065478
0.22586096477418272
0.5736642451818911
0.23102651516391282
0.1291186376169331
0.34795464553356936
0.05473168789199133
0.2610653736731753
0.30868906183033645
0.3463048652458425
0.564613662988175
0.2678887437801543
0.2449636881412311
0.2509760673232339
0.20161072397370922
0.04449179363540363
0.4461673080369739
0.11446173944937844
0.25864625673966235
0.1019765124150889
0.20936395216682782
0.21599821011303844
0.11560588715113944
0.6026614658370993
0.16224237875479863
0.25800106801199507
0.6121162335855531
0.23189990252446807
0.3715967030984087
0.2065610920687725
0.32340324405046345
0.4312188171505741
0.289813942393747
0.09373369222357546
0.41453324850479534
0.23420478277234993
0.11728555991706062
0.3618127260349453
0.150701950795097
0.18031403206071692
0.24505340899128225
0.5905557035191428
0.09325030754666888
0.16157551275390009
0.4486604183747699
0.0
0.3124559763581331
0.9136898278988398
0.16407670810122119
0.0
0.42607580238186543
0.4954968636407941
0.31952524416654404
0.1541667543215395
0.6251835615317404
0.26278850111333996
0.4420495495013719
0.39963556750839924
0.153075425471669
0.25663957162543
0.7533429080828962
0.24048477546705455
0.32165324470336326
0.2980727646847744
0.3124279974453455
0.3844525642075541
0.5639373195636326
0.1614450633668962
0.2942026322348367
0.17394295639106522
0.2111674896497563
0.13420830860368033
0.14452344957451357
0.28181457998982323
0.3835339024310726
0.23781034159978814
0.3171354502295229
0.5491209734284372
0.1626015087733287
0.6419432506526204
0.5152425898610791
0.12169917835608665
0.18194610223511476
0.17747630404175338
0.37784903168056216
0.18726296656238903
0.11164976222969711
0.29965257997288464
0.04343394535715413
0.07232624730369908
0.809810670325064
0.34435145926045696
0.14339849505576666
0.41718171900808143
0.1894773612935485
0.2668889967659619
0.2722169620205178
0.45201924772586266
0.0
0.43724921503047215
0.3558406442397616
0.4750441478263225
0.13422751812803327
0.4424022929023944
0.2212150289937245
0.21591338013291603
0.3662234914494355
0.1260642145064431
0.0
0.24184681912123993
0.6383140309302874
0.2754341654906212
0.19803280740096746
0.5382357667843967
0.3600491507527769
0.0
0.16195671778129084
0.25791844528922236
0.18176319750692319
0.0
0.3036223096864703
0.10844275290039722
0.14769693241461476
0.31554966633784715
0.09444911604021353
0.08181154724027458
0.37892550529806035
0.07856581871161562
0.3356403393143796
0.42395253413197503
0.42065421194910246
0.23779220318121208
0.41275508052744986
0.0550229407977899
0.36479486565861335
0.3099600716499067
0.29917821461487404
0.5688724356322474
0.27387743019642546
0.33828385985043835
0.37702514513281665
0.18531776150917223
0.23567134245327429
0.20102381521643187
0.1782071262833232
0.2894139874799086
0.15174795192656593
0.06943122255386133
0.2783762231475655
0.20748361882783178
0.2354116739980435
0.24961512413125428
0.3047464284697862
0.04798007107526074
0.029843012243696915
0.10656095638173403
0.10019006705817371
0.22126568934045676
0.48490829882884307
0.3755577524681817
0.14144230371675384
0.208865619905052
0.22897884908917165
0.43772615418208816
0.17382111129455907
0.5611456592786082
0.26422165105493894
0.2998362642580582
0.36731203850172267
0.13116278802977865
0.2637804389584954
0.47328154568362113
0.22316881660377108
0.3362138208909477
0.17544996651761924
0.05430265793923238
0.06368570517335558
0.3222245407549329
0.28185629454681854
0.23574675522672828
0.517252859655299
0.31061765698742544
0.22868383827799169
0.4391337046414489
0.15469418231431475
0.12439368266000042
0.4778985175435826
0.24211957756732586
0.4624787955721809
0.17619494526530477
0.2523475665569556
0.40741828057179963
0.09498585957855721
0.3178209897891677
0.3127256332741524
0.15744006546651929
0.29301590896496255
0.17713748939309706
0.5083641402755246
0.2640075398859763
0.06969137288114338
0.1994765809418065
0.22137362539852465
0.1583272299902937
0.15207710227056276
0.5369091509381148
0.08052129670646171
0.4248379326021893
0.3460277583983207
0.24020076626638542
0.30180502332620446
0.4057048363609991
0.6181765224853729
0.1504674028684263
0.09088884775777391
0.5268022923155213
0.033025867569413586
0.20438009976153046
0.4221378692790578
0.6044420590261503
0.22221299519418666
0.6243668015158697
0.15384539675000172
0.11541640279560475
0.07336392325013509
0.24284428962252644
0.30953459933242283
0.30961049186844053
0.4161706887578563
0.4676287879364216
0.17151450489529985
0.4995958049434717
0.3479525106055949
0.15707292200530862
0.35684656245761476
0.2521688697562876
0.3262049473700885
0.030579070867895318
0.14334596829896884
0.45195045137348844
0.40074803323359304
0.2803197684462163
0.26068032204113495
0.35823705013238233
0.1288844162471386
0.136426686977377
0.28449056519740984
0.39484198832516804
0.21690531771493854
0.41320078468997146
0.17952727239321722
0.17763102680455203
0.3049852976244354
0.14689754375359215
0.2784992871559396
0.281339724091808
0.2785054112408223
0.40127703001105497
0.3639660245370318
0.3533109055232161
0.34826705320219475
0.5840354523566104
0.31259937118225134
0.19957189141285797
0.472820813901017
0.39914149529274473
0.25352879252770466
0.3100308182578996
0.44465277521038155
0.2931255136914251
0.3797959685377863
0.5746806393467306
0.34707612498628004
0.1318034416472676
0.3375471556470629
0.3584734514956829
0.39813783419148246
0.10474136965690672
0.05672128100071497
0.4318322109598326
0.17802391377783983
0.41364459615946475
0.13634284181870596
0.2605114909364042
0.215963884064251
0.4428615807494093
0.13971104797989758
0.18586475749838707
0.20088684131394755
0.2330845203736894
0.275276909913184
0.2987119854187538
0.3675862886270412
0.16631474872182764
0.3788151024401673
0.5579281586154167
0.102936187296112
0.3379535847519089
0.19143316271418048
0.3159457785043157
0.2791514717331917
0.15920710749109362
0.40194816214543183
0.0982069937950806
0.2893253848080228
0.29072609922968146
0.23175023205791315
0.2881074611714793
0.1994574823008305
0.37789900976524077
0.18772402406609495
0.08750098558542514
0.22781998990821212
0.2008563356382528
0.3776041957961216
0.3834872518235499
0.12308195267446316
0.23729607434425365
0.3028317733950099
0.33703865523240617
0.3530550401604592
0.06932791802175138
0.4464728703587182
0.1497514083247518
0.47308534748128683
0.481365471670545
0.6486063827941447
0.34303513532727636
0.11258492353814432
0.29650543729951656
0.14673176646344066
0.42527860162796755
0.16944064770015424
0.30357206840695844
0.06132060304456343
0.15616888859229439
0.19878477254827925
0.33629776036851944
0.19092086858561536
0.11126765512963492
0.1573812758679334
0.25418796522064924
0.3423691690630622
0.38226404291375154
0.0
0.3487555196363941
0.046815990215187044
0.1643476923639
0.5160782952231867
0.7629240295070894
0.275367378316194
0.20486896208671995
0.24917908967471983
0.5311806216240285
0.4600402537304558
0.0
0.2772055264764757
0.45653772506048956
0.1995872525452264
0.5634474434018568
0.2816244217410839
0.2668840503506914
0.35312224153200794
0.30769700463004607
0.3277832527437079
0.6008191743542939
0.1888987557493042
0.0
0.16296812493527063
0.1138131157811662
0.0
0.3035476514729189
0.40869556587941736
0.0
0.0
0.3240453214918617
0.21602617378353356
0.32585824472232855
0.20629977136662506
0.30963010728012863
0.38513815746828467
0.47198447124821885
0.11122948209957095
0.5005281036110734
0.33929448986869176
0.1315746918239148
0.3544693157017697
0.3003633133386754
0.5173947717464272
0.4868521133939641
0.24347110485800902
0.5266670227303984
0.2773275034840106
0.104926745749532
0.4040147888475143
0.7216009936983212
0.255291919065074
0.0
0.2859782358538026
0.2897805563923383
0.24050387901298131
0.45421786796992103
0.25466463292051617
0.3518198677746123
0.2625164691149969
0.2730790150625433
0.17834349595529034
0.09984548956565263
0.23079569029989883
0.7651475691574585
0.12099399748414304
0.40244205200321326
0.28890066264476755
0.38598555635871623
0.37220889498683785
0.1439353260053515
0.19672569162235426
0.24589411062056335
0.036858621639919924
0.2733685434377067
0.2465505599283678
0.7594806429364304
0.4534034728778963
0.3711933784364533
0.2885257278704743
0.19432507399862284
0.13973778987753435
0.4422926848173139
0.08098786109341327
0.5146830881109835
0.07516229941836715
0.5172172307961023
0.4146071351277746
0.3154309567076339
0.26775609482814655
0.43484391185728527
0.05398557420265905
0.1373409316611449
0.3202555590672346
0.4228936236949602
0.291989367385995
0.3583900270035957
0.28763198003997476
0.47858537664336903
0.0
0.27032258140688015
0.17943125663676654
0.4421904824322601
0.4577471820061177
0.12320062690143961
0.13122870811305357
0.361692773352549
0.17896877087654456
0.20512464880711112
0.15738202966747827
0.5077689373356683
0.4823783466632161
0.19781808660178632
0.3175321904278786
0.49466122660321166
0.25924946246100705
0.3661907452913389
0.14044075048134205
0.11786704049725782
0.05384256296427899
0.1289613275563418
0.13792357763823274
0.4246469461272105
0.378493902032364
0.3003853173017104
0.5183841524833437
0.5338197885511086
0.0
0.3569067045134863
0.2609078444821023
0.26692037701589816
0.631292078585929
0.0
0.16257356743489068
0.30460855382646523
