0.274057523264769
0.2653370621091758
0.11234067765618103
0.5489761963115766
0.0778302399280838
0.062037918496409244
0.24740988817217627
0.0316005888256923
0.2179846807519781
0.1022314897607847
0.12603759230236772
0.2566983349635671
0.24795179650851337
0.21053276163762993
0.11397339103795287
0.10408928756652013
0.09124243497959891
0.13528117149333668
0.11003966421546753
0.43537539913257334
0.0
0.47357205248843953
0.08755438240663824
0.060224027184384736
0.2521909763387552
0.22135049960403738
0.10309531259067516
0.2478790633280773
0.021653289574412447
0.07577006417038362
0.538309103216471
0.5072380784151918
0.2617630044738963
0.4116535892011432
0.04937759122658336
0.017859681248588846
0.3842942469741626
0.07311689900513552
0.13553064109790441
0.07983288923926561
0.3244879278707591
0.13669293779226616
0.20215239084639738
0.20926724912136732
0.15123828685597435
0.15945270782623486
0.3581529395920912
0.35612653016057916
0.48043306253174595
0.24285203248088225
0.241226437657288
0.09641996493081637
0.50555079188754
0.2410920657902463
0.11746567208329523
0.1317637696853354
0.4082355068301261
0.11263385113859929
0.057848513515039765
0.36850020037948955
0.09769721053408598
0.12489257535927013
0.1788767124724715
0.4411460428844836
0.38364914347036727
0.1532864643682542
0.04045317939283803
0.3926474291854965
0.06718656671108975
0.4172810949129778
0.2169220910859582
0.07355648687073678
0.3112373593126925
0.45652194451006495
0.0795540321624155
0.05215887547514952
0.1334905048207693
0.06561581521541664
0.05251378533306641
0.08057069365690211
0.16642744184008568
0.21946201290101094
0.1270983795012144
0.0
0.051524779195839324
0.1010827805191527
0.13886292695830393
0.6481044670944672
0.04942594443184282
0.18087018683787986
0.061349254844919966
0.2687755895573775
0.15637787882666943
0.23475783472328962
0.07651473163085984
0.29400112208602464
0.4015987879579442
0.08677824222286429
0.1613659000237685
0.3278707060187718
0.3308744448541422
0.0810776291771427
0.42552519962162333
0.4069365693101155
0.1673133930886992
0.21795686932452193
0.04125065843634215
0.2679762207719102
0.24865507405384973
0.22410618329378434
0.2394526478450186
0.19020713109401394
0.2835478020675451
0.0815589004246019
0.15497795742933806
0.18576582817747775
0.20160186972127953
0.13750263184549727
0.39765288544005206
0.0
0.22202433147964934
0.08460552711861569
0.0
0.2594144773337622
0.39575965756277254
0.13430964971749298
0.11531164594614689
0.15389130193366043
0.059373529491335314
0.3279271491062957
0.2866125385398028
0.39063675055332814
0.08458099809882766
0.017653080357435513
0.038287443631299024
0.240764314122883
0.12468575063892792
0.28799794251193583
0.6704608594825541
0.07428281307054903
0.05661373517967307
0.2424710567544964
0.40124069885309405
0.10977323135633392
0.2932884636641758
0.0
0.29807533912420714
0.12786627096644085
0.16282911763620253
0.248819289832297
0.16213815314404742
0.18446663706031902
0.28847783553813083
0.3807389878866801
0.1423263000534816
0.21745214573901508
0.08364330897904296
0.0
0.581924830233832
0.13484582488389843
0.19870879126375945
0.25927625202114474
0.03811764630515897
0.14995938794470628
0.39852371494729544
0.14364558294526475
0.17117618414854863
0.7070743071690161
0.3317639414010234
0.08304882035573555
0.2157375741130536
0.3418402415760514
0.4086802324329927
0.03159612258062633
0.17405194603259572
0.7096961076331987
0.3991207418620559
0.35569382617479045
0.06600250275764522
0.10449630197731895
0.1201756185477182
0.3314276659518586
0.0764633256079724
0.33422189545827313
0.13568915140511625
0.441749515678964
0.07492805051997575
0.16903010537577917
0.18032181476069345
0.13862094608382536
0.1014107403299018
0.36595227759788784
0.10884603459897282
0.42733290145717495
0.21084250914675012
0.1703354587882504
0.2554497290501328
0.25787537308579483
0.15785116787148612
0.21983361365528944
0.2542870192818685
0.3250236669229709
0.11489128153370284
0.0226593111089506
0.1611614018109926
0.1438666936515728
0.11885843803299619
0.06853704089864156
0.31874285959212817
0.12667581729080662
0.22016073118042256
0.09449649036320149
0.34646811557805346
0.4148404157936447
0.2576312845801296
0.21398626751412297
0.14852289626124604
0.16917980120085138
0.42230421425085113
0.23082894364518683
0.1158421929884659
0.3015781300400176
0.07267213928584441
0.33453135550649166
0.26244617893040173
0.1400180631130687
0.1820654535144903
0.04393349181367462
0.4667656566160766
0.23027413973306224
0.47744567624527523
0.35092013733611277
0.025409619227604867
0.22350360397249566
0.1393454738267492
0.028748962974058722
0.3962082335990551
0.18752231253176824
0.1800970934891976
0.3263887591245555
0.1454830428532721
0.053217384603618134
0.04616523664778577
0.047504355541425486
0.11982834110720457
0.17002304470717358
0.18867506188905064
0.3566591769685873
0.11104300627384797
0.24741785475369732
0.05409277284925025
0.06711632598518535
0.024454641083378366
0.206175867013655
0.28377671496458007
0.10256071133841764
0.030314737296479898
0.08580497324787144
0.012500604018257502
0.11029687968227796
0.45422926988391327
0.22129683655342555
0.2210345742918458
0.15592496935711728
0.25503102178846954
0.45673504066710224
0.3827107663557005
0.23343329514431177
0.06692569284494314
0.06253027416018014
0.36509538836639815
0.5520217830434436
0.15216261269004286
0.16587092830042574
0.0485175463343366
0.08196462460323695
0.15493857304700595
0.20792614490349695
0.11683074603482678
0.35644333779766524
0.03496716840955399
0.09170244901521765
0.18899255368149145
0.4286222917735482
0.09590180732633989
0.09556397886597923
0.46275190815963346
0.10611318308572126
0.1471965040021729
0.018857310393911895
0.40176206686672766
0.07485256040881047
0.3411344269898903
0.18578732014735314
0.26212346448701285
0.12320988354914884
0.0410568196077809
0.35878007563094505
0.058830016423204914
0.24597241790611846
0.31963118998862927
0.0
0.4385131445042382
0.3152264056245831
0.0984064091918897
0.0
0.14344118256662317
0.16136806028109577
0.04976665754590747
0.26000834139273316
0.1632786205880095
0.08714642764411269
0.24897569851814771
0.26594905587213113
0.08574717753012888
0.39726847269981197
0.22199361738635523
0.20455086150062007
0.5637491699411241
0.1396196098452017
0.10224571507229677
0.34762939295504
0.21437345944253414
0.20979659407398069
0.16602109538192947
0.20133009258495532
0.3920909271580146
0.11020001745733203
0.1890643856232413
0.08486048605547264
0.049616965268571026
0.20912301227680444
0.181703131050198
0.5655398110866736
0.30737496768614947
0.1412421159987111
0.10027065937086213
0.11020617029974546
0.07855536758391589
0.016849071629566482
0.06168726017905817
0.1802884362816215
0.43496007764310296
0.19208426442455878
0.29647477755804796
0.08099911559617412
0.3003125588498128
0.38538836982957814
0.18801109069611294
0.10877375232066366
0.2579215803135376
0.0
0.3933137532327979
0.17943949620322364
0.5709662055158135
0.32233704987016176
0.08807542800198609
0.23399089880611124
0.24968833714810046
0.14888823299966988
0.32057477401786144
0.534793719677771
0.223804635851685
0.3009789823343085
0.2375037511997826
0.11962951200050027
0.115583993564535
0.0870758498398224
0.23450988606859927
0.20908939953840663
0.16017915584118916
0.19173396849106045
0.30099842104744745
0.32629298778853455
0.1334524025284318
0.18675464742366477
0.04264172338624077
0.2604637134872501
0.5122588185377371
0.3409164532151471
0.7028804313955351
0.2309670056495767
0.3341578647583635
0.05550582616962563
0.11357563444467907
0.1245729123645644
0.2197547047286444
0.18754477790159474
0.24954870743921762
0.05942074667524989
0.29377919859039925
0.08934257438070752
0.132742619286651
0.08757506235898249
0.15915640886552834
0.13303449613614504
0.3287374242549607
0.11122930953381956
0.1608693814744629
0.5540510103572348
0.07111799902937524
0.048197463023773625
0.08548499682997597
0.2860875907813674
0.16804007511687097
0.16578890818865594
0.13909396363600887
0.11674495244365798
0.09408125943616923
0.026810528854767927
0.0
0.2631984282998181
0.23365081284960165
0.1719122543463062
0.3257123364696178
0.11770807803009667
0.2588908172400016
0.1715238282008167
0.17073349863814896
0.22702733288300483
0.04232656051416082
0.13346833269849506
0.21204087254780293
0.08771131169319402
0.3229495341865745
0.37297317537913033
0.0
0.2855673783535362
0.10339044894899184
0.3354796726444244
0.2503069671850389
0.4113275927202929
0.16489569060805864
0.4232060807286338
0.3559109194528675
0.15853214333076543
0.13123120059428106
0.10672827364238138
0.1018227865783532
0.21316176085621313
0.23050153065268358
0.20988653319730227
0.1011098479863521
0.26308581265440945
0.31815592536072546
0.21152722197668172
0.0
0.7702043903589452
0.028534817763641925
0.11191528269618028
0.15039885827532917
0.1622818757450091
0.030490294626157877
0.12391604159826983
0.010482376674794208
0.21345571311139985
0.08913655187181789
0.1726185910610959
0.18867392167930028
0.11802755279534423
0.2067991435330544
0.25462989040000167
0.13031322660386713
0.2185973138207156
0.2215967733671187
0.0
0.1342979415456474
0.37157322335782367
0.16022376973161895
0.2200917631911596
0.11797528357773042
0.08994706885924501
0.10804058987015744
0.0
0.47361147574140056
0.39047351671370595
0.45770989950866425
0.39145802680952113
0.3558060053033336
0.13187059589461228
0.27309490687540733
0.29589074736734017
0.07081180319277502
0.13607516024376592
0.397192196819612
0.07439062228212491
0.05610895106440817
0.09578106085070622
0.20894839610238009
0.3513520816550911
0.16164437058336323
0.33475177548819673
0.11240268416139929
0.0918796245673563
0.13925205975442415
0.042676487926843816
0.06850249867705192
0.32805171283734796
0.10616280149552167
0.21604563165530474
0.16331708619110102
0.06043112070852956
0.08517466341114047
0.2637619874561309
0.08514311503365664
0.07766359240067121
0.0
0.11751610869937361
0.15008008773759882
0.05911962848758073
0.0
0.15404011885597274
0.13056782416909962
0.10796986757472649
0.20657851883222453
0.43334847439778096
0.30675417723108916
0.2915590477562608
0.7643246825300493
0.2532614686486583
0.14858363240860847
0.2048832575275725
0.2449677876931075
0.0638871933320285
0.2226087665870888
0.07265276121296271
0.26088300870874037
0.21911587118485437
0.22327762299743723
0.45399895326727013
0.05103599093945283
0.04856348586860437
0.04566157005624761
0.18335831476711514
0.3956604981344273
0.3098021584838391
0.17285634340317166
0.10908086946036612
0.37595311442441204
0.04493112376778074
0.06391493390651994
0.06667607448298213
0.0
0.0767282325988547
0.15656942540701477
0.13940687568463528
0.13322249323290014
0.21103722114108578
0.0
0.04208987312771367
0.1750172991346928
0.16386533727841626
0.13602686868507302
0.0
0.05719936296213965
0.6404955169031598
0.07112870304185133
0.3863474154981398
0.06258788077539681
0.32732156383830135
0.09128605158009168
0.07171052558585161
0.127471571600622
0.18863211048878012
0.16284893314907536
0.3747715509999768
0.055528883904958394
0.06721922684479198
0.24870240574437746
0.1741651974229642
0.11833941498479499
0.2785924112282136
0.08030047800079257
0.27112014493432174
0.16343681673528426
0.40089361414032565
0.1640259993920907
0.13186774093506362
0.31377375310396477
0.1805219272872241
0.48143329605936197
0.23400401028875276
0.29954423663510965
0.05841872016366435
0.09657865005581799
0.0
0.19777186797029925
0.25505001407331257
0.05449233939304045
0.19653566202637013
0.10001745233181453
0.1396645249028217
0.147526918589205
0.2738341207826376
0.19860549784158552
0.3592283110062827
0.16165566090756772
0.08389811085726648
0.26213945198118854
0.10187553303726335
0.1929763256910088
0.24063336319271428
0.08473662283851087
0.07479481056587778
0.05682492017348596
0.2179582836388881
0.279050766159321
0.12741200271775785
0.16227898323820686
0.06820787716937017
0.13569034491496657
0.11427424648299485
0.16104259341292343
0.11507586985988055
0.09982988639532711
0.23758351135946018
0.014358865273673102
0.05361544336457905
0.3131056058922208
0.33128364558239776
0.13213062348592794
0.19063038647305128
0.22197541598449042
0.11601369746661222
0.16467765059354467
0.09273272419586463
0.22854780642911338
0.5360798075665993
0.13786708176197038
0.32915503480100716
0.2396540677163397
0.06886622729717731
0.0
0.2973626858265731
0.2004376497223455
0.018430806788933052
0.0
0.18488458052722567
0.32028352130205073
0.06316227042731254
0.14592926537769765
0.5834840256790712
0.03339965561379036
0.1158421929884659
0.5364673239617944
0.3690408007898194
0.049587967317421454
0.4816652089029452
0.2651592009202386
0.2166944605596083
0.10027626494436538
0.3561161582502416
0.6597685331842024
0.07659296534665201
0.15224129994787575
0.398718603187002
0.11698204361024477
0.06538021008490218
0.25169420021032357
0.017995356309344113
0.2268792618767141
0.2368252394452226
0.29532642518019586
0.3727237745010127
0.19979942482630544
0.1993707387033081
0.13824158320312507
0.12488990315076424
0.03192702028356874
0.25299130628835753
0.05584150262844746
0.11188317974561161
0.07317767871991089
0.08863021382038137
0.14399880674202561
0.04157685419205335
0.46768512695469155
0.0688754060807708
0.18943735204982473
0.44271801951668704
0.1388816543123698
0.22689273633253051
0.11039794140677707
0.125780273741774
0.31227171538172743
0.14674950718928587
0.045203182244924284
0.3446335821156832
0.14068360085017267
0.08620595736357108
0.23897252291964857
0.040187186878692535
0.11603942013902409
0.2085003677554704
0.46325744706636146
0.047630282698869354
0.08469794549919532
0.29247999711853223
0.0
0.14420789530373102
0.868137145475094
0.1284721893671464
0.0
0.35871905496837003
0.3250732902811297
0.18281140754464995
0.05142227667840009
0.7378364558935551
0.17359153522165047
0.23724634323619248
0.24002884016525924
0.08757972805549627
0.14602980759658177
0.7239595568717921
0.08188968767055543
0.19983627503215232
0.2379136044232775
0.18215087665553698
0.30258919117427696
0.3834835033913833
0.06296365769846146
0.2492419901514637
0.1473606415225159
0.06556882691378318
0.03953322726433653
0.06251682622446232
0.24712119141864447
0.25998410981149317
0.2239167199243926
0.1912093358231048
0.5314136878236935
0.09302992871587444
0.4761130412966938
0.3302695039927358
0.07965545645538073
0.1439326158865593
0.11796014733103216
0.23257601603420242
0.12421381501616956
0.06785273899764252
0.18807015377588387
0.026030647249494242
0.04821749820246605
0.7940126090347509
0.2159217801316466
0.04291952026146336
0.284936653475981
0.07490352267352574
0.10651556879593377
0.10837778699816085
0.27755919204956436
0.0
0.36423118485569
0.2240818681605996
0.333194424933184
0.0894850120853555
0.3526637408276738
0.12625330263073878
0.17079862565709975
0.18233339244161065
0.046166689642935105
0.0
0.1463303409490237
0.36659145146776445
0.20807741807712588
0.13707932303469336
0.3965164805329109
0.20712547800461986
0.0
0.1281161213628843
0.11742189007156878
0.10893354583233929
0.0
0.15492474665635309
0.04690931996389319
0.11967155058261243
0.20826926634364282
0.03338051666510234
0.025330256700421886
0.2520107383899149
0.04535679665774036
0.12124693846289446
0.35321211297338684
0.3538000623631215
0.18171961260219238
0.24461831654666308
0.03668196053185994
0.26634031795702934
0.22782348261761148
0.1325128982399886
0.4665402377836
0.23863571712828835
0.24178004263474404
0.3510221687759516
0.12354517433944816
0.1940557698801401
0.14699610122775847
0.12086487955296911
0.2778421170542651
0.08613837941465455
0.04628748170257422
0.18121066011290068
0.09177224239299876
0.07288748757108167
0.14708710007150066
0.178087976790421
0.017513146306357336
0.01707421611670484
0.06122779825275821
0.039074177652001545
0.1618957268753021
0.33212509821013037
0.28327568763862054
0.05612382000583283
0.08425141329719511
0.15265256605944777
0.36995294167574494
0.056387313552191495
0.4014681901782853
0.27906760840615424
0.17438822930069994
0.2680184331857689
0.07890766366309562
0.20744974855295661
0.4026687712225077
0.14827003980079415
0.2659624822683313
0.1888526236657081
0.04600401577809482
0.05298845411062297
0.28817902092748127
0.19235708571638133
0.17327601747433333
0.43570950978666306
0.25176960981430585
0.09265879924514521
0.2289892602732012
0.09137832323650129
0.08926409355349912
0.27888902076881816
0.14454492635923272
0.4354167570760925
0.1393792940507727
0.168977613308411
0.36443905172416713
0.054576978704159076
0.36567090740277275
0.29374246567908324
0.14164200417620612
0.25996092524359005
0.08969492308919781
0.38253913399402006
0.11771262744472809
0.04235343130210294
0.10608105288485548
0.18967357576097832
0.0749496984927953
0.15530541740263218
0.4423712359673001
0.053680864470974476
0.2947389751077482
0.23184502464181547
0.11203186938825199
0.2604477526140673
0.3036240628820707
0.5192830683250494
0.10398054070770234
0.03782854671590859
0.3979560463689597
0.014626706037876639
0.11693290090108462
0.2781190149533832
0.4528431389341659
0.09710952372228102
0.5380583743072156
0.04361769826643129
0.049925927026155094
0.07336392325013509
0.10504768809927281
0.17709541521619274
0.11515547888607867
0.3372728272217179
0.3392204599873388
0.11257976819777607
0.4995958049434717
0.20274822905024506
0.06743416291163384
0.1934857126515336
0.18393274836270132
0.2541519254452523
0.014918358522764264
0.09556397886597923
0.38450684915057726
0.24644294209203949
0.17677616230067297
0.15428143022769805
0.31749968619790203
0.09975177742525465
0.07916483598236287
0.21086730577114246
0.32695010778695754
0.19114292811701886
0.26653489200725217
0.08760534845852802
0.10309578110570072
0.20310551564561935
0.09901610507400592
0.12749112323939044
0.19585946059347525
0.16376075968653278
0.2802205465290599
0.3179264984560907
0.31213914022916234
0.2419495020791445
0.4463719580988434
0.19522307417406193
0.12953351443172567
0.31535963747864826
0.26611023875992573
0.23682635519341655
0.2131652237558754
0.3511507226322586
0.21750175101796487
0.15013211107723698
0.4785690891852218
0.31295037727647235
0.07118706728611565
0.24623836607091115
0.24088092424917512
0.21073724170321434
0.04323095586148518
0.030863870632183633
0.28921194911264786
0.1138670496576532
0.33970705255750777
0.05797797249613082
0.17098963094367362
0.14063459935834027
0.3075355595759842
0.0799335069670763
0.0608482511702779
0.08287396275135013
0.17853342110041337
0.09909609803502147
0.21955603654198008
0.1946508038797702
0.14174235243001435
0.32003781230222167
0.46845976765861813
0.09070886675442281
0.17033511115570438
0.09428384559791426
0.16801902599303506
0.13859434582384983
0.07486767012223225
0.2633718017974415
0.04480801643517124
0.18474388710026313
0.2066414633500132
0.06702661314453376
0.25189734216413323
0.07479060159104603
0.4270537391490003
0.12379894478244907
0.0514567459800551
0.09554417314843087
0.11378792040011579
0.23311459411035826
0.2458767244184665
0.05313763177693467
0.20103200768605553
0.10932186790161766
0.1416359024864742
0.14677118297668215
0.03686838075597372
0.3985871179644966
0.09209811137723171
0.2909610921524179
0.32908463788037484
0.536177502377829
0.35219076873337485
0.07591541541107856
0.20136229560437316
0.10475760067249686
0.29395213723157426
0.1284356571785314
0.2923902899918384
0.032610114449471435
0.12353764979984319
0.12155201729900995
0.27700155846584185
0.19092086858561536
0.07578100718009068
0.04618798305021579
0.22734753298516203
0.13540091755508551
0.26085229135368
0.0
0.2502646811833055
0.03703386414777899
0.13794616658715222
0.32815360977521013
0.6152826975472752
0.238566366278123
0.09553496196926843
0.16699162823437652
0.28807575859049245
0.23199460521472756
0.0
0.10310042460309071
0.3018137764453757
0.08826363779622073
0.49995319232131796
0.09889187360214788
0.1487266030556825
0.25877518657865306
0.11905086739478915
0.2918860895595251
0.5288955007542968
0.16003086533403513
0.0
0.11280737033196798
0.09641996493081637
0.0
0.12388406809005598
0.2578039788829526
0.0
0.0
0.23427910483407557
0.14707347532278311
0.2755767122511743
0.0952135919343811
0.1359185042363032
0.23540393231452558
0.4124748763125775
0.07981754928167287
0.43107364269666915
0.27278341612665163
0.04831642587520755
0.2671444284817611
0.25307788832038086
0.3388614982469788
0.36903288544531304
0.12947720994832662
0.35663891043651397
0.16589334135184566
0.04685072450405009
0.2020528450384846
0.6467248622648302
0.15764829221894286
0.0
0.1164986837674402
0.18879918430539647
0.1946798594319731
0.28431144428956245
0.1578880496376359
0.23350320013721923
0.21744533919116674
0.17514435775003068
0.10431706921358679
0.07898293466285258
0.1539881969729534
0.636733463993882
0.05035851151256286
0.35800621166467345
0.20329772768867949
0.16034961418716548
0.2463918875719628
0.0823503620537769
0.09961355916351797
0.23529064613412873
0.012766710827058743
0.13310753957664964
0.2465505599283678
0.6434152729670058
0.3756329029823174
0.19204454122320555
0.2380120553032305
0.17712941292004572
0.05661937422741272
0.3965142073365096
0.053026346974732866
0.3172906525994229
0.032513121055461634
0.32467154991718217
0.29761168572471897
0.24188342705238222
0.1423918954375565
0.2771488506010134
0.04270537506034742
0.04921250173616876
0.20717933524336418
0.3252926925094606
0.1139345545867881
0.2062431609258508
0.13742684643486722
0.37972955873397385
0.0
0.21181117685187975
0.06123028866030186
0.31586618197716465
0.30742942487262975
0.06551772722428839
0.11024720329537113
0.2860398115612533
0.07448800019816561
0.08187021685524117
0.05590729242843953
0.34339511237275394
0.2556700703713216
0.15633336548456925
0.2624864252304984
0.3790506482322128
0.1620568631121608
0.3251597938835756
0.09362716698756136
0.05970295660551283
0.022409635050349364
0.037498631066188316
0.09194905175882183
0.3457110513183347
0.2066992057153593
0.18825635454337683
0.26787150604545695
0.3846708760624791
0.0
0.2644122150858614
0.1768047572456529
0.15160001574706386
0.5771947490221067
0.0
0.05541462262950478
0.16339506716361937
