0.21934429942890082
0.23636461706461306
0.07267718611651457
0.6834504782480699
0.032532816709728546
0.06666666666666667
0.17430318927407637
0.021284397882422545
0.20712185483721585
0.07108305949348437
0.10160690615589368
0.1515199653582669
0.2858196185596614
0.11593412906870042
0.08699815474415194
0.05757351851829737
0.1057275246040011
0.012784784226374787
0.07970338655922612
0.3942566030447408
0.0
0.5574297546951361
0.05652670031284466
0.0
0.2620045774952923
0.16049402645835775
0.09135246021540781
0.2920610303378486
0.0
0.04966209975923078
0.5505226976541452
0.660839798122932
0.12262808858473717
0.35447364051484426
0.05639446318023011
0.0
0.3313229534437575
0.05652670031284466
0.1792179695232196
0.08594174777269382
0.3077050991938775
0.06901021300482381
0.2205301783630907
0.14788890855750086
0.10053990471934517
0.08887527081388936
0.3593834812543608
0.31898103758495516
0.5282226244059368
0.12785545615088564
0.19570237724525924
0.1275002478879895
0.5948476395011629
0.09560418993925308
0.09436623508780323
0.08804177011600667
0.3028567809415162
0.09748974726187812
0.026534593604389003
0.2915391808378833
0.05057607888408385
0.08794194883039147
0.11815788017161476
0.29822949604176296
0.38364914347036727
0.11883146985868934
0.0
0.30738366118435745
0.02802224444249224
0.33642498625538664
0.23141966562950192
0.061120412710438506
0.1804173828448869
0.4499394532974836
0.03892450822346386
0.0
0.018484895311351675
0.03941803758394416
0.04858877496595055
0.06347457397478541
0.14163201837393774
0.06413692850114862
0.1297957632606498
0.0
0.04373502467722413
0.08339288960380664
0.13066585301813946
0.6724935352104012
0.015038002750047305
0.07585480217634089
0.0507457462698907
0.16375323239479936
0.18275773035600518
0.16667253957535078
0.04842496022987378
0.2133151256157581
0.19061013651396583
0.06617825503206345
0.09135246021540781
0.23307160834326454
0.30078517497020635
0.03352774811888721
0.3486021855083161
0.46400959296651206
0.06948586813615404
0.22075398514020433
0.04868945187953424
0.08051116623719293
0.17256501826362794
0.2054778771824477
0.16958010093853398
0.12762140129375515
0.11525361363755487
0.05692877629075982
0.12511857833114962
0.13946559205936707
0.16667253957535078
0.03788841590521726
0.473108023778415
0.0
0.24838996722800608
0.11305340062568932
0.0
0.1831636684889209
0.4394219268671367
0.09431905872563992
0.09705720629525572
0.15877030940368106
0.04870056456492235
0.3050244093718751
0.2937541612266313
0.300898991254626
0.04868945187953424
0.0
0.020742986506894746
0.19522130547833513
0.07132875583804099
0.22815028923620653
0.7227265703297249
0.026534593604389003
0.06364385817449529
0.11305340062568932
0.3277691685225153
0.12268512446406048
0.18980338031582686
0.0
0.18980338031582686
0.07923337194815089
0.17989452591120664
0.2636631593963913
0.15168562829050197
0.08927734679180453
0.16375323239479936
0.45441996400303847
0.09705720629525572
0.11815788017161476
0.079603780813167
0.0
0.5822371626192359
0.10796512650253581
0.12609315500698412
0.25623911672975863
0.027627458329930216
0.1437816632088118
0.4463867339590227
0.13194852897854195
0.04373502467722413
0.7698724389694698
0.3369672728227191
0.0
0.18980338031582686
0.3242886971641243
0.3741855367795572
0.04868945187953424
0.09034833016682425
0.7698724389694698
0.47036527590874033
0.31898103758495516
0.04874744347069205
0.11305340062568932
0.10796512650253581
0.36721288755962633
0.04858877496595055
0.20371592855231563
0.09455281965243068
0.3333333333333333
0.0785677504071871
0.1360675287336485
0.13128830095027255
0.1312050740316724
0.037962421615697156
0.3590180179183724
0.08806194736390616
0.5117811833984982
0.2127408491782735
0.03892450822346386
0.2133151256157581
0.16958010093853398
0.08460286316604088
0.19484483293449983
0.16975316738125268
0.2581610552820691
0.14149287462142301
0.026189250135729033
0.1773789566164648
0.11305340062568932
0.103682207170086
0.02687779490331711
0.29937586419918377
0.12562069457167788
0.25623911672975863
0.024870013311222613
0.2826335015642233
0.49661976907834626
0.15708238839507863
0.21398626751412297
0.1804173828448869
0.11305340062568932
0.6130840136665563
0.14688963472599967
0.04373502467722413
0.10026172499006879
0.0
0.37572912001934655
0.20320741307048676
0.1765449080304199
0.15708238839507863
0.05365266332451218
0.4322558203321912
0.2198040420199795
0.6287585105331771
0.38297332224823033
0.022610680125137863
0.26767173448341697
0.10793714442793247
0.016741464989059606
0.4198233432418755
0.15168562829050197
0.10128377319711473
0.34919157932877953
0.07585480217634089
0.013267296802194501
0.05226531803245644
0.022202910227604664
0.1197894807735197
0.14895117686960302
0.04373502467722413
0.3847274236348543
0.11656431258510062
0.12411356085261822
0.05634361879231616
0.0
0.0
0.20803518757199052
0.31554913229138043
0.0
0.032046331764185566
0.07474125226852804
0.013507800888716323
0.102141397909847
0.44437635406944687
0.1052161521923789
0.13869012504799366
0.2025950559514474
0.2054778771824477
0.37720786842457815
0.3707746928170364
0.3270396681398123
0.02968534820711086
0.018729369859849167
0.4499394532974836
0.5870133883830143
0.13500316876457097
0.15336045443771124
0.06119950229333481
0.05231480179064443
0.12001820771757524
0.10256836639795916
0.053582325282972756
0.2133151256157581
0.0
0.06405920891525584
0.16667253957535078
0.6278248431100186
0.08416067653755632
0.0
0.6004487031787975
0.12785545615088564
0.10072173503382532
0.0
0.40251929631325917
0.04845145741100971
0.2895983086561092
0.08750372843227683
0.15708238839507863
0.041095575436489534
0.02086690794837182
0.09242447655675837
0.016554033253076927
0.1275002478879895
0.31963118998862927
0.0
0.5733697487684838
0.15554461902159686
0.03982509887688469
0.0
0.10324665290424641
0.13572500220881634
0.030569466787731852
0.2133151256157581
0.17989452591120664
0.11115584380127012
0.07100734107499536
0.23109290617878578
0.06575048365491154
0.24877622958269657
0.14909712929482916
0.24090885677657498
0.5477863974972428
0.168197346613752
0.03691153394527705
0.500030613040867
0.14688963472599967
0.2091905908914304
0.15168562829050197
0.1765449080304199
0.4333229066427304
0.08752603649490283
0.23354704934078319
0.02802224444249224
0.0
0.19100183921293562
0.1658907865629344
0.6062493212590764
0.2620045774952923
0.11117713682142148
0.11127853227919497
0.09794013594408552
0.0700582690220267
0.0
0.018657861309092583
0.24090885677657498
0.4591784095946432
0.06934854736921958
0.22271702846033525
0.06901021300482381
0.15431233476735132
0.3720904368505558
0.1503012727892788
0.10058324435666163
0.10115121671651275
0.0
0.4759908450094153
0.19519690025837128
0.6399453768472743
0.2888446602990514
0.0
0.2846438814537991
0.1886250144726683
0.07358466171340144
0.33916020187706797
0.4181912182457284
0.11305340062568932
0.1765449080304199
0.22953464473742968
0.07823939731345042
0.12436117634826119
0.07245225634235107
0.31505092613781455
0.16877215723775263
0.0
0.1741839301124247
0.1843821564637303
0.29520578547398096
0.0931701906328473
0.14970050624920445
0.013613651539294131
0.32197462894140755
0.5125203939802757
0.3539622574022643
0.8425961735954013
0.3156484565771367
0.33901268552929625
0.0
0.04931304879225648
0.09051660521880757
0.1589034397787299
0.12785545615088564
0.15678842530291345
0.0364678993526933
0.12389007127460513
0.05226531803245644
0.08264501001143001
0.08234093804242866
0.11677352467039159
0.03687643129274606
0.327969497901168
0.05623074601357388
0.1503012727892788
0.559440134584712
0.06666666666666667
0.0
0.0701799567406283
0.31554913229138043
0.14183938673892227
0.14041952925215878
0.09883051994131885
0.12540821067998392
0.0
0.0
0.0
0.08752603649490283
0.3600546231527257
0.07474125226852804
0.3463081694078213
0.07210902652470817
0.31616384862134267
0.15780309953994884
0.19425012699391772
0.1804173828448869
0.0
0.09308787786194933
0.26647403091959604
0.032860070869542124
0.4198233432418755
0.38033318604910876
0.0
0.27247155756424707
0.04868945187953424
0.37317398639728644
0.18980338031582686
0.45441996400303847
0.13413972286562223
0.4976723086470105
0.4037896478299498
0.08406673332747672
0.0726833623913474
0.052378500271458066
0.06907408944616514
0.12907565118668263
0.1593105453927648
0.19600689661854248
0.08554356439091403
0.12001820771757524
0.3828952265542921
0.22464728857606506
0.0
0.8687949259683276
0.01842932092610988
0.053953992531498234
0.12199023490877103
0.08806194736390616
0.0
0.10256836639795916
0.0
0.21624341287296803
0.07585480217634089
0.08554356439091403
0.16986445310514972
0.15927833568941865
0.2846438814537991
0.11677352467039159
0.07923337194815089
0.15168562829050197
0.14895117686960302
0.0
0.12762140129375515
0.36427668237493693
0.110493756690928
0.33916020187706797
0.024870013311222613
0.03961048995289644
0.04863203044563698
0.0
0.623804083330867
0.3768785247178952
0.3327543317672522
0.3529791607891096
0.40407831894875335
0.1357116705637953
0.2499201520755876
0.17989452591120664
0.03632484668661443
0.12039975596307716
0.4912596971843981
0.02802224444249224
0.05105923615251682
0.0
0.2626161153590331
0.33449133646549556
0.07132875583804099
0.3512421560908663
0.10026172499006879
0.09914146508680882
0.07245225634235107
0.03668544438825803
0.018484895311351675
0.31898103758495516
0.102225530513194
0.1994185346818216
0.21398626751412297
0.07132875583804099
0.04509263665387667
0.1827283145111948
0.1312050740316724
0.047972266399487144
0.0
0.0
0.12955378871588175
0.07817641598004023
0.0
0.11115584380127012
0.12785545615088564
0.04868945187953424
0.14748069048788456
0.4779231642530867
0.22953464473742968
0.20253382986971338
0.8304198990614661
0.0
0.10429890562666966
0.19661604905763386
0.23976005767916228
0.03965105508923514
0.12001820771757524
0.04792722106960394
0.17843226080358937
0.3028615383280123
0.2611321361538678
0.5169330025768424
0.023986133199743572
0.03892450822346386
0.0
0.04868945187953424
0.3566877557895184
0.2205301783630907
0.17159048082810976
0.09733969152434431
0.4322558203321912
0.0
0.0410518450036729
0.0488637284062214
0.0
0.05870869203201053
0.17928948544101242
0.04373502467722413
0.05652670031284466
0.10611747842312999
0.0
0.03754635486890341
0.10179950999091054
0.12138871327628187
0.08099539932294464
0.0
0.05143637473610367
0.6864231493941731
0.030116110055608086
0.27727342967027513
0.059828010346400326
0.3263685262414474
0.05143637473610367
0.06222895952068424
0.16375323239479936
0.0783370532029421
0.2182695528180682
0.46870686993396654
0.03530898160608398
0.04706804291719221
0.17159048082810976
0.22811718114095444
0.07923337194815089
0.27247832433046837
0.07198543733652499
0.3338471953912298
0.10071613189021379
0.3750579781209817
0.09461214101464213
0.09883051994131885
0.22669024703493865
0.20567666386802974
0.2093700670275935
0.18312916848423474
0.31343421770281227
0.05731280653704108
0.06803465855466258
0.0
0.2364212262240513
0.18166518345666235
0.0
0.1360675287336485
0.07667657457779684
0.09794013594408552
0.12696627833947052
0.2670747974596704
0.14028955415750893
0.3948246647602897
0.168197346613752
0.03352774811888721
0.22815028923620653
0.06364385817449529
0.10987225670690651
0.22953464473742968
0.0597305886626858
0.05193442263146365
0.032532816709728546
0.1437816632088118
0.21361610149533286
0.04868945187953424
0.1491323667469338
0.057840688287791965
0.06405920891525584
0.12001820771757524
0.1460683556386027
0.08703246132971454
0.013267296802194501
0.330450512102333
0.0
0.06229194031648807
0.30774998206209225
0.2626757193936572
0.16958010093853398
0.18773177434451704
0.2620045774952923
0.056379132129961616
0.1503012727892788
0.1052161521923789
0.21731460850629478
0.5733697487684838
0.1853076675970659
0.2895983086561092
0.12299772584850902
0.05567461685873054
0.0
0.3155872304954027
0.1843821564637303
0.0
1.0
0.17981661630481252
0.21760729473065749
0.032532816709728546
0.114028077517612
0.42857142857142855
0.00940513933704205
0.04373502467722413
0.4747677692819337
0.39203212713350877
0.04373502467722413
0.43565971490503025
0.17770921549399593
0.24373980300986212
0.1430571985641942
0.44437635406944687
0.6164336315473431
0.013507800888716323
0.1843821564637303
0.3676158812955736
0.0938983652049118
0.08339288960380664
0.0938983652049118
0.010264981855170894
0.20253382986971338
0.24793503003429007
0.14723431709496262
0.29245629431486575
0.16958010093853398
0.07132875583804099
0.12890793213008844
0.09424491197330771
0.0
0.300898991254626
0.052378500271458066
0.07491379571632077
0.04868945187953424
0.054526857665946254
0.14895117686960302
0.02895764028933542
0.31849861940303076
0.04842496022987378
0.10897454005984329
0.4834672014163708
0.12816736304927537
0.13865029513285854
0.04315138623537275
0.1196441464119252
0.21760729473065749
0.14748069048788456
0.05231480179064443
0.428701857202826
0.1419624279559036
0.06194503563730257
0.16255686534281605
0.03391602018770679
0.12262808858473717
0.049117261892542806
0.4523745512964613
0.0
0.10468220342458359
0.3277691685225153
0.0
0.14285714285714285
0.9095572794994485
0.020262769534131753
0.0
0.45040749373817424
0.311201748982391
0.1804173828448869
0.04143658980256226
0.8334545537034485
0.11137676456581494
0.20399607643260656
0.1665050999462079
0.06904061827907194
0.08738408283913125
0.7557415253426383
0.05661404227731123
0.16958010093853398
0.25623911672975863
0.18025864298235786
0.4322558203321912
0.2546453410538301
0.05237573901173619
0.32958335497434826
0.1275002478879895
0.08645116406643824
0.041095575436489534
0.044646664802357496
0.2173971114766437
0.1449576013574286
0.21398626751412297
0.0902050189037372
0.41174442521425647
0.07923337194815089
0.4385086016512794
0.291878890770345
0.02517082252714257
0.12387607828571147
0.024795566023824073
0.1994185346818216
0.07245225634235107
0.04897006797204276
0.18332475095010323
0.0
0.0
0.9026210962409316
0.19600689661854248
0.03135768506058269
0.24373980300986212
0.08395844298590946
0.10295181789582004
0.0846990988922421
0.21889314973079047
0.0
0.2442584746573617
0.16860034544337704
0.2855983894216585
0.1052161521923789
0.3869772124151777
0.08990717196958718
0.06229194031648807
0.12955378871588175
0.00940513933704205
0.0
0.131318890316092
0.29892739395744605
0.1052161521923789
0.1052161521923789
0.4425575711516094
0.12677772868303624
0.0
0.16102233247438585
0.09634524580222661
0.09469903375907918
0.0
0.07195839959923071
0.04254433881932042
0.04868945187953424
0.16667253957535078
0.0
0.00940513933704205
0.22669024703493865
0.03352774811888721
0.1247608166661734
0.20283204886114045
0.4315846784338263
0.19519690025837128
0.20505420900618193
0.05652670031284466
0.23307160834326454
0.23376232798151164
0.11544512475791578
0.5312001078076904
0.1460683556386027
0.2697215159087616
0.41625785583901365
0.12001820771757524
0.09034833016682425
0.05102494902298407
0.08804177011600667
0.16958010093853398
0.026189250135729033
0.07132875583804099
0.17299334017825427
0.0391855187345151
0.06121216087717495
0.09424491197330771
0.13935605900958237
0.0
0.0
0.030116110055608086
0.0
0.049117261892542806
0.3277691685225153
0.2072222683384954
0.05536730091791557
0.06802362425744235
0.12785545615088564
0.2463300806286715
0.0535410404486195
0.3948246647602897
0.0961389952925567
0.08572588367936336
0.23307160834326454
0.026189250135729033
0.2463300806286715
0.37211393080824734
0.09995531203179421
0.23037087984360544
0.0
0.0
0.0
0.22068857863622235
0.23307160834326454
0.12609315500698412
0.4976723596888032
0.26412531034802
0.05912705637591624
0.24136946194994963
0.028786759259148684
0.07132875583804099
0.2638892532156371
0.1455934847566696
0.4037896478299498
0.06934854736921958
0.07784901644692772
0.27051296782696765
0.07245225634235107
0.4835422972071479
0.33916020187706797
0.2182695528180682
0.13869012504799366
0.0938983652049118
0.35511656757567706
0.07163480532766799
0.04897006797204276
0.09424491197330771
0.1460683556386027
0.04845145741100971
0.049117261892542806
0.4616555861340054
0.04868945187953424
0.34429402955320043
0.10112594374215012
0.09988783214711337
0.36020343231554375
0.3301606051438728
0.4026517092817985
0.06904061827907194
0.01842932092610988
0.3963476358499585
0.02086690794837182
0.16049402645835775
0.15708238839507863
0.5233139141894291
0.08045675390393488
0.6165845655787908
0.024003641543515045
0.0
0.0
0.06863279800210106
0.19600689661854248
0.09014492365123432
0.3750579781209817
0.2421850071567785
0.10923755585461929
0.6164336315473431
0.2307658449783683
0.047972266399487144
0.1721652197852559
0.21099564385212372
0.3539622574022643
0.0
0.07132875583804099
0.40444817281310785
0.15079151709882044
0.15168562829050197
0.09875548424054402
0.3064107440708813
0.06934854736921958
0.03304715502893627
0.14895117686960302
0.16196834798279777
0.04373502467722413
0.2690248562282274
0.02854580363876363
0.12696627833947052
0.07353877749776133
0.04373502467722413
0.11604598782716542
0.189129086058399
0.09308787786194933
0.20276058161932073
0.36778579542680795
0.18773177434451704
0.21792380941676945
0.3361154157387423
0.1077398335463829
0.13124701695321142
0.24592480766734692
0.28368369227941326
0.14832635753816129
0.21639240395670037
0.3338471527308762
0.23307160834326454
0.12285477279459887
0.559440134584712
0.3184691829285948
0.026534593604389003
0.2054778771824477
0.2587285502434434
0.17799239636356773
0.027456960455252376
0.0
0.21731460850629478
0.10804528429115626
0.38356636845265696
0.02687779490331711
0.16280058650917534
0.06904061827907194
0.2266986780826692
0.03352774811888721
0.04266302512315162
0.06979002234253116
0.12785545615088564
0.08631693568676527
0.18583510691190772
0.12411356085261822
0.1312050740316724
0.31920241970650187
0.5029134342718673
0.0
0.17256501826362794
0.02013776071068855
0.1593105453927648
0.14034098847757118
0.020052344998013758
0.2809227839377346
0.020742986506894746
0.09759845012918564
0.17488654176785856
0.057919661731221844
0.24090885677657498
0.054526857665946254
0.48306699742315756
0.07784901644692772
0.030116110055608086
0.09899021265800104
0.04600438330934236
0.1994185346818216
0.14748069048788456
0.012718503443663662
0.2020831070863588
0.0815860839475462
0.1061660326403008
0.119877524459592
0.02517082252714257
0.4005850233951449
0.015038002750047305
0.1803443068661921
0.3277691685225153
0.48718689302169144
0.38529251489113475
0.0
0.06719503941553433
0.030116110055608086
0.33915126871334567
0.15684879095627366
0.27951639725551175
0.0
0.10159378288464728
0.026326534201568014
0.259121756264292
0.21398626751412297
0.09665917496484035
0.03431809616562195
0.2182695528180682
0.12005846760618716
0.17839010028283092
0.0
0.11506378051526511
0.0
0.17989452591120664
0.3299453309869156
0.6215484379745146
0.19223218494019137
0.034983354179186806
0.17981661630481252
0.26614392288206407
0.17430234446847667
0.0
0.07776431202228067
0.24059297126058377
0.06020011949705001
0.5527685257251396
0.07823616526212215
0.0798459954116655
0.279263633585848
0.06666666666666667
0.33916020187706797
0.6043130978100874
0.08703246132971454
0.0
0.11305340062568932
0.1275002478879895
0.0
0.08074136710540136
0.25690899552195046
0.0
0.0
0.25359675746701943
0.06622266753081547
0.15317770845755047
0.06383621865840129
0.09924604793034449
0.16667253957535078
0.4542239823923331
0.05652670031284466
0.3956869021899126
0.32389537950760744
0.03275123411553309
0.19600689661854248
0.2442584746573617
0.23595277753045713
0.4089221679914653
0.10611747842312999
0.2781200053823313
0.18873138076175433
0.014159291459653448
0.20180868431872812
0.5133547601386391
0.20192867143957868
0.0
0.05122971841789166
0.1888205354715088
0.11305340062568932
0.2091905908914304
0.044187652341418394
0.1994185346818216
0.23403861251213673
0.11137676456581494
0.12890793213008844
0.0
0.13946559205936707
0.628371714101073
0.045427787367091424
0.4053116558895952
0.14895117686960302
0.09014492365123432
0.26645039063342246
0.06364385817449529
0.08990717196958718
0.0
0.013400334492697636
0.10053990471934517
0.1460683556386027
0.5958337858272824
0.5029134342718673
0.1735780279946118
0.12001820771757524
0.18693694306866004
0.040118991554428246
0.41310152157006724
0.0
0.23370395183909165
0.023986133199743572
0.32197462894140755
0.2846438814537991
0.259121756264292
0.10611747842312999
0.30738366118435745
0.0
0.03120904119334241
0.1816299460045577
0.05692877629075982
0.09450577701134028
0.12562069457167788
0.07491379571632077
0.41298360959738817
0.0
0.1460683556386027
0.06284959850083835
0.1661019027537467
0.21230827396066215
0.0410518450036729
0.0
0.16049402645835775
0.034983354179186806
0.06428805089516677
0.053953992531498234
0.3141604265581704
0.25759443301494156
0.12785545615088564
0.11677352467039159
0.2895983086561092
0.16622128018140095
0.2620045774952923
0.07132875583804099
0.03632484668661443
0.026998466440981545
0.03530898160608398
0.07132875583804099
0.17311091771061335
0.13342832069463825
0.14149287462142301
0.17372899106418851
0.44240682301406337
0.0
0.316975648313362
0.17843226080358937
0.1512090202127769
0.8151510468864832
0.0
0.020052344998013758
0.1490868200082853
