0.39110980966424613
0.1764699998082724
0.30759248313510984
0.3016918737931603
0.23578477373049356
0.39169837433359295
0.4647775461078043
0.36698170512168815
0.3149204067549851
0.43785222464359946
0.526833533000759
0.21519053433189322
0.09825247013919818
0.2631096176513154
0.10213113486520228
0.32384731396428446
0.20574499249219405
0.30404271584304016
0.07929985783967701
0.2804615153892353
0.0
0.5405158538443953
0.20664142863337398
0.19913921915839897
0.23237496629097973
0.26443817174055645
0.19013170144638658
0.179755538599803
0.19974070130740923
0.30912981333233286
0.2599749461353077
0.06362078691860773
0.22728187464358915
0.36851841801312213
0.2570702914431397
0.16248152146252062
0.431747660833606
0.04019569446521744
0.05430265793923238
0.1507522131344399
0.3846315629565756
0.3902250108218575
0.3911064757898989
0.5398973274640194
0.4356147627078901
0.2710343120839261
0.369666433824377
0.31402371108966215
0.3793342129681491
0.2866410777547202
0.252356981721281
0.0
0.3210642406139635
0.22752652145483757
0.3822442735223708
0.07366424518189103
0.5226866696548403
0.3061507455483443
0.07153789540450343
0.2690586655982093
0.3678888404325094
0.17870814652307607
0.48482707981493833
0.5138932330716347
0.0
0.4845090327536261
0.11132836893274779
0.31032712141124597
0.10284975366565235
0.5058435344074484
0.45275328973754225
0.07484048757827545
0.4858742437406302
0.3764444036409258
0.0747011266485071
0.2699551762320642
0.2119105096177984
0.34748682146445564
0.17158962321937957
0.08998842302261002
0.1629919517343649
0.1901615209897988
0.49508134755633526
0.18979187502246586
0.22204866166626944
0.15293283371060906
0.30529011996219624
0.5536744582743589
0.19423984165668823
0.18017537908028636
0.25391377611300553
0.13232515413166468
0.3242448781242042
0.0
0.23892482800810935
0.25769778417218725
0.2614489190812867
0.6256119891597837
0.11496397001846576
0.33629649438203457
0.13886244510772267
0.4716656398118357
0.18783493435228155
0.12593380684404876
0.2816974139274902
0.0
0.11927286714064096
0.23170768301840033
0.3292591210444331
0.12969953055038602
0.1719385718693258
0.08109962162122804
0.0
0.19339999655121334
0.2566835617652362
0.32243400166270597
0.3131360311748119
0.22732346922120372
0.36053251367250166
0.17024702215031584
0.41603461449260737
0.4051714653298499
0.0
0.2525454900838011
0.41906571350769406
0.1549833856006132
0.3805791456808247
0.22828201763297273
0.25454287870822256
0.5429578364631619
0.20796625035474559
0.24679190294691744
0.08781209352383612
0.19209167216861917
0.28203612539161743
0.4281879137988936
0.2743935739594798
0.31668706655481904
0.06538818361413143
0.21064877808182184
0.15818902702154033
0.21501812762330882
0.4304188878471543
0.39865859525435593
0.0694472366627732
0.34830314824366315
0.33209454326184923
0.0687170623405457
0.11244734445030308
0.10878659082766642
0.24022776079095826
0.47356787982799825
0.21604715192469093
0.5622332289928669
0.32968163304479225
0.32656205480406153
0.050383595205801254
0.19444376159766522
0.07073064474137165
0.32825839176035376
0.08879874028333257
0.4742791525930129
0.2567628642056298
0.060614571797742496
0.2141927154263718
0.32471034846690244
0.4904048927250127
0.4686018551317784
0.2828989621431362
0.09709090477652489
0.3050871344954633
0.28103566643919353
0.2820252464710356
0.4433498120169382
0.6866425791575607
0.16711461504557806
0.1054533601392213
0.33168797581852427
0.5108521977778
0.36507605850740915
0.18980702268286156
0.2784741707797781
0.27059758337549866
0.39559195730444885
0.2495445170126097
0.49348571794764745
0.030579070867895318
0.29345565988415817
0.2877757378007229
0.1371427967314146
0.33173149611804187
0.28162793972802075
0.03214243656276723
0.04439937014166628
0.31255803454211856
0.10267064840149429
0.08815005363331213
0.0
0.2420863242315502
0.22370742080143224
0.529964027918444
0.1618342862667455
0.30102992709733123
0.06205495863089124
0.5285586496836269
0.347143198626116
0.26840408619835604
0.2786803674545102
0.6376354076604193
0.20215122854414908
0.4431297048861483
0.13179309747979412
0.4160265645889523
0.21867623861761798
0.31703287814818
0.0
0.4310964210565278
0.5505292245387546
0.5648554304536135
0.06170227395098346
0.4196251876477204
0.20201805456975497
0.4100342586122322
0.4442206141939912
0.3749456988101914
0.43629269818877153
0.0
0.05795991138419441
0.402494855009678
0.22317045396335228
0.3891761033167777
0.2517977606130379
0.2498288007810039
0.0945329214884081
0.3071504963238962
0.37015686491646393
0.2745015207396164
0.4940392157307657
0.30486777261308984
0.1672779542431068
0.20889053357370901
0.306460198933232
0.3005098321145781
0.08283064803133922
0.4266684728361122
0.1724465701064805
0.31013688369640635
0.23027060823420364
0.11534654619799653
0.3261484315190802
0.21282046814569286
0.0
0.2824132914455531
0.15509895389503814
0.3384799390896986
0.25375727657063973
0.1712579525484721
0.1830118594911734
0.12078213336572897
0.6174245814669677
0.5061209634443071
0.036681961625067545
0.2077841113316374
0.3820059032555209
0.66876070366407
0.4563749188097924
0.24431580524694396
0.31488013093303857
0.2653817905948289
0.2538924339442206
0.5324602174113345
0.3236141803801918
0.279117925194218
0.11785459288085434
0.13382485911018793
0.07279904584163428
0.42799113756589025
0.2669281653010025
0.030499939514475626
0.4526058161290605
0.4700764925931952
0.17258651171381223
0.3441780734691597
0.3309062080013549
0.4144363792518206
0.25774281401019455
0.46375508674358834
0.4650571994100221
0.2588280020703547
0.13786538178876076
0.49099596333637885
0.1923850182443607
0.04754488920932538
0.0
0.36840344649650336
0.26756760436579885
0.24088817636138848
0.5595166570568252
0.22707118468882428
0.0
0.0
0.03766567626407392
0.4158499678810137
0.46344152944542744
0.1958986121361675
0.12286383483104493
0.21781258229137887
0.4446980849894382
0.548442924850185
0.2879344873036125
0.5665260047362345
0.32015266820434435
0.4312053147492524
0.3066076695355866
0.14926279821851712
0.19266939487645734
0.23010976213995077
0.4063381991020327
0.11682540642480083
0.3395822781730722
0.2602959966230495
0.3861691647171222
0.13862960307136335
0.43817091765728255
0.1321817824410472
0.5598557602196901
0.27830696421730194
0.4266143289877399
0.18764419661841608
0.07218717068277139
0.24425846596780398
0.21585869709507624
0.10694822375027606
0.0
0.25910847519806546
0.29794225810973196
0.16349889674590176
0.04029064895341392
0.26073088016827567
0.19039408641022154
0.0
0.3565976696373167
0.29788081594786137
0.15616888859229439
0.34929983434010115
0.35918132334725683
0.356403070953877
0.09913633609216213
0.2248085135442618
0.07937384344854811
0.42057391193815574
0.1691806624304402
0.11969405390476047
0.3210100704810886
0.0
0.17048886182415685
0.351728248090087
0.2825731566609255
0.2559740725134472
0.469374832414832
0.2238570719376415
0.16605566839833102
0.346307264121467
0.08898358727080725
0.19152741387533107
0.20436954537582308
0.30053767128918996
0.21486082113008048
0.2692268936810603
0.591544760634246
0.0
0.2630934961798706
0.34241872381282656
0.46011699107029885
0.28490474680576816
0.049568168046081065
0.17310083148593558
0.5062118124370116
0.22869239851660578
0.3418678980382313
0.26135728252489276
0.40253360375354147
0.5357128219409231
0.33017644864747475
0.4765272605157168
0.2714998765099827
0.3383582027115409
0.12286383483104493
0.08307483005309506
0.30117805998819336
0.046914224805715936
0.19837686891717118
0.3243290828193055
0.15401641258525506
0.4350828594370801
0.3948062880673831
0.4056910776241798
0.04543216235700642
0.09226386617597737
0.6739559082913817
0.14748884823636227
0.2036183431683985
0.16163835206584484
0.3613703998831297
0.18967552320274111
0.28940988906440174
0.13504446547008456
0.40381581168859837
0.33585421907309504
0.50293104568634
0.12439368266000042
0.3865401266452091
0.13568544822490577
0.2759064052866186
0.2972582139057813
0.24951467780523331
0.047264273863216376
0.45627558715366057
0.3618932742355046
0.2802392732831085
0.34667258961025443
0.4413891576405912
0.33525807328373014
0.0903881703756862
0.03531307589901782
0.34804260356980266
0.0
0.26129426666822725
0.5811167122331998
0.0
0.2531127984931553
0.2663984380828777
0.4853101631920842
0.20294907923549135
0.24427339972361306
0.0
0.38320653282409595
0.29402359204331213
0.6302084424708453
0.09452854772643275
0.1643738502050306
0.19787049477258295
0.3841580964219877
0.35729421079992263
0.18531776150917223
0.04406394130322413
0.0
0.37663536671151987
0.15232829064665884
0.12265510189869903
0.31746739659923967
0.2703607272067116
0.19476128354627995
0.392949918370607
0.20133286219746904
0.5003961121664685
0.24816385227837529
0.3253448922312504
0.32790702327894905
0.3021450472498719
0.5014060727005146
0.0
0.4168382857816245
0.27167660880167943
0.20098071217731503
0.17723928414187598
0.17184369534562557
0.18073964288226457
0.30460823216940913
0.368855665143424
0.40695299710944477
0.3833200584837671
0.3432157521935518
0.2912942043050166
0.20175078401843724
0.6025589985945741
0.3851921083707002
0.08595640365769668
0.4037021701864946
0.37362525731246393
0.42351151059560094
0.08973855207472056
0.23452650887298807
0.3819423223790339
0.2528410273995762
0.387230569652322
0.2705965407650011
0.08036018809896846
0.0
0.1533012977200116
0.21199413022155938
0.20064614916981258
0.4477342479632968
0.17169260789485805
0.23745193859681824
0.31888101822554293
0.23715530426534592
0.23429370142723732
0.381483801814352
0.3677649480492874
0.21493896736680165
0.2621807591742545
0.25679025654568666
0.15463727500856597
0.0
0.18038951645367055
0.0
0.0
0.3380128761998012
0.18038951645367055
0.0
0.26989282952365284
0.6470473014426963
0.2989228406551208
0.642834904498874
0.41430146476417967
0.40311186175719027
0.27968632112932107
0.29339729275661514
0.20272735180893398
0.2612169407663367
0.2224191125822858
0.42873340328689147
0.4280960195878063
0.18143400262455098
0.14827514578563825
0.23584486573900193
0.6154897964210198
0.2149480838464057
0.2086272944178306
0.11950707293725185
0.2978967123529972
0.4483099923122361
0.17067283856702653
0.3731092527185942
0.558657184605574
0.2833491141627507
0.5421241115100719
0.24047171995982725
0.278963777668542
0.6540350687938365
0.20461536388664775
0.16788429814632402
0.11883815194425776
0.453779096812313
0.34191137278270345
0.4476654681315201
0.36403277559921693
0.30802750893931213
0.16822078204181584
0.30006492568831333
0.5021110898580383
0.29467532978963706
0.17723928414187598
0.06400837526894343
0.4427793445811497
0.06819418152657013
0.0
0.07712262939615645
0.4352535678114988
0.34102590371716585
0.352310228822573
0.15744006546651929
0.3230560142714032
0.16136331428976602
0.1697136475977482
0.11006469795395753
0.5921635273393601
0.6324607721852301
0.30808170563738635
0.42291447254933534
0.1631465379687857
0.34037349271120554
0.3638590731694361
0.2816735747557691
0.26991296635293904
0.15370741920234002
0.2364249994440555
0.4921282240805945
0.0
0.33065656873830623
0.649599005793734
0.3441563207860233
0.47951112203418
0.16483445112959785
0.15101305622732128
0.12075810712107458
0.25934218214162624
0.38164323892540336
0.3143872503450914
0.0
0.20907411864343015
0.4063179426060514
0.23404365744252054
0.18269868921822918
0.25278847565241575
0.2682609932505729
0.11125625933530249
0.53602551644376
0.38716281397523195
0.2789584015465874
0.13335026966928487
0.043308906075818186
0.3012880708641673
0.6166946687106774
0.08879874028333257
0.07269222260624256
0.34527499981880083
0.19852591118616733
0.3373326958555623
0.4173363317085485
0.484090260836755
0.23177307791062182
0.0
0.14942208770361753
0.46214934805525415
0.405336021793225
0.17907044880387668
0.1301756696434946
0.0
0.0
0.25087467705143934
0.22971440754185918
0.18878357897159118
0.1533809111894103
0.253003808199654
0.38338663421969954
0.569889776139832
0.3233639216103237
0.31139499380659624
0.25772551280248807
0.2427609182031812
0.0
0.4250475815880793
0.0
0.2657091683198993
0.0
0.40157306132473997
0.13052743548794815
0.1915217955861526
0.5568206580545176
0.6645624381563411
0.4482613158956644
0.3551006711387385
0.12373653943976855
0.37689808089917815
0.44640470198214827
0.31980089378682675
0.2340866733487801
0.2501712704847781
0.40021044160476976
0.32084653231210686
0.23159482712960425
0.4571193407253137
0.4830033059711889
0.667826736544209
0.2148910078159214
0.5455925154232859
0.4203302327509461
0.057959622914007615
0.6697829096295663
0.16790723170731686
0.0
0.44556010852978095
0.2750563135838928
0.29503036227421287
0.37965560138637755
0.31820765830461445
0.0
0.4619450738151305
0.622548767026651
0.4809021254212258
0.1173461668848671
0.28188452321869123
0.5175501407597725
0.6007677847769722
0.2576811043228482
0.35165790393098373
0.21507504127462976
0.31989425148482925
0.09635194900503255
0.4550168542797498
0.2175789221798906
0.30584260430538845
0.4367005637348676
0.17827647353966916
0.26905834360087577
0.35996204623671313
0.4552249720873904
0.20003011537264778
0.2742360506075992
0.4826855542551122
0.31513031160321586
0.2657768879947726
0.38546121284525325
0.06981506406630084
0.18288883055451907
0.3080431830594852
0.36647362018075863
0.3076531689884085
0.3528370147810306
0.18833127965610835
0.05887881626950146
0.07925351914189586
0.3230074223884238
0.29927446336937086
0.09915184443804166
0.490306539982113
0.17646426925299108
0.18947917304851195
0.29608737928828033
0.590908589988224
0.3336997920976889
0.5303699240744355
0.2628180992286823
0.2931903542205907
0.2366061470083297
0.5280671841489899
0.5573894543268408
0.48607752999421533
0.5188273922681009
0.12025968121979805
0.12438588372201907
0.4965288471853506
0.10782331864171985
0.20561951536765943
0.17831134289077583
0.2722641140191005
0.07518831057123018
0.4050339522678439
0.1858465164357903
0.4690670279988029
0.3419433834773454
0.5994467523584165
0.026969911791753995
0.3113867621610819
0.02683443631380204
0.3165312406824522
0.14732849036378207
0.24295248782349294
0.24747738073419653
0.1212688634802595
0.28542943266689974
0.06493750629482609
0.5184390442968975
0.19148819648795437
0.4553244606243514
0.08819836018402616
0.6484605587288953
0.3185561028867356
0.5633154217802226
0.0
0.15261743911240813
0.3378800159822919
0.21898479540664278
0.11879175677293771
0.5376302809675845
0.484094063585862
0.18371776546413945
0.2135134867213758
0.23556711205965336
0.0
0.22342550196427455
0.4238529639557735
0.20969899916733656
0.18414890849869037
0.3844766657123063
0.44058311941824885
0.06943122255386133
0.08097835889064542
0.28378926209014543
0.0
0.2067683673817949
0.16434297238581935
0.2998719425105787
0.4042383681042773
0.2488630846472878
0.3946140943484673
0.09599373953144413
0.17043964082196958
0.3612182199648414
0.6619568154126679
0.37378513149342685
0.4664598973786335
0.294712000507574
0.25016852664799594
0.4283854308527436
0.30612480716227647
0.24324176169250694
0.3480659511472754
0.5342510626912639
0.47291314564991976
0.33324886721910907
0.4212008448288961
0.11845265361007272
0.11919337009869028
0.2155254394235447
0.30751835282332624
0.4425182767641575
0.3638530684897321
0.38682852960963204
0.4634117294473099
0.326213043551486
0.2305590937982735
0.48870544648069925
0.31377981020192997
0.11566055651924059
0.4027799835530463
0.14236905549751938
0.29291236584799885
0.6116023202012085
0.2698765809573551
0.0933005661648154
0.283485127029169
0.03151328695444892
0.27784961755170184
0.19893520157267097
0.1701342145892244
0.41878879186589774
0.0
0.18733898810790955
0.5815589693732749
0.43523728094929715
0.1100458815955798
0.21101571854355491
0.4832107611090906
0.0
0.0
0.23253378038362862
0.06077160861314035
0.0
0.4460657613447909
0.21793364526989392
0.5458206772453236
0.03278637181010251
0.2553630868507154
0.20675877026134215
0.2427837886099662
0.18511070033704982
0.6606577956693189
0.2813115693180817
0.16950959912339295
0.0
0.10891396446400634
0.12445416335165123
0.0
0.3149856142637424
0.03401953738220807
0.16711461504557806
0.0
0.14666294283593953
0.7625031412908716
0.16185374032711575
0.0
0.5100730364357016
0.15796653252688997
0.27779494957325196
0.40159379891144775
0.10611318417892887
0.4171303260787967
0.43354753148020786
0.11168861768189636
0.27559590337063566
0.17809389537166367
0.4031933948287941
0.17947710414944112
0.43846134587404545
0.22756184869301055
0.3771304516992652
0.2362901029214641
0.21365216461435466
0.42173091445205696
0.5294585322453165
0.6584704204264514
0.47281489076771577
0.2168953436852081
0.271297568567818
0.06362078691860773
0.5014881567183985
0.12897934833585903
0.2345313789803709
0.5347156112769307
0.5463212856197589
0.4310528481592848
0.0
0.24185647667957338
0.3823761534131813
0.18821953785453469
0.11908254329684873
0.43623118402485217
0.37402626180494286
0.22401501201440632
0.30832014514347567
0.3532688945422769
0.4553166666716893
0.24157107221629998
0.3018901909100938
0.05649043836739634
0.49798224127532736
0.35697766816257914
0.15882783131560704
0.5061364301456241
0.22793553809485284
0.09822924052458769
0.49077418349660157
0.4992856675600958
0.6366179193361565
0.2207984425948838
0.5083846861972229
0.4689164659871123
0.3971492309732345
0.08910101339073477
0.5688314582472364
0.6471416741736656
0.3961872568566708
0.0
0.25013578886687393
0.0933005661648154
0.38228866595149724
0.6849668474439878
0.4563345929341727
0.38377224798071413
0.453722934379568
0.3759383167280038
0.38466428681928433
0.12099672583092791
0.23771249434520883
0.45593009759403264
0.2149420401439852
0.3295300884565491
0.07718277618824354
0.27952867891061434
0.5555832913514643
0.028086270364197745
0.33860276648063264
0.15505380071636563
0.3979145805360563
0.38213683130655995
0.40771337540245733
0.4866070082430533
0.2094301658197079
0.3029662724553084
0.4790524913802493
0.18238653526758516
0.13521667676741192
0.10898646817525856
0.12494435556419833
0.0
0.4510980226465172
0.5189906101446409
0.414228795575146
0.173735869161124
0.23224390517185345
0.14839442344958065
0.42890255052327364
0.40482055301648406
0.2798527680684451
0.2288681387289985
0.30071127431597106
0.3514041508415299
0.2836239379802331
0.11524212956339713
0.05109165719481766
0.5412646776038572
0.03403958939297796
0.1977677846242244
0.0
0.4534119020487938
0.240508336155394
0.16746087705072807
0.4959790197769339
0.4180463515751573
0.03306145305394025
0.48939747665433786
0.33613334309425874
0.3883358954401601
0.3845889153201314
0.35396536923562777
0.2546607083523536
0.3887760762997468
0.3385048992579583
0.19466986172212059
0.5116565610486598
0.0326692416074037
0.3125921253475269
0.34691267375810236
0.14337448900839436
0.22467419686024753
0.05109165719481766
0.29947757092773175
0.3154309567076339
0.10778915486707714
0.09307233749468087
0.2714454417986343
0.11059670737017506
0.13018031013131626
0.3933343983689875
0.0
0.46091395914610545
0.17461033932101952
0.14924501606375665
0.5556602819297165
0.5000364082178373
0.07730350498447396
0.2745768749016512
0.39973812909954004
0.206308153313169
0.14267574942629813
0.23230604207954392
0.4778052681764029
0.42828196215898245
0.12665782525242378
0.1724867693652303
0.27053320332132486
0.4869997402443166
0.07775047273087068
0.1315462317472197
0.07728716879375898
0.4102614479252794
0.3446459213723757
0.0
0.46949996657530585
0.0
0.24952584336074127
0.27655686305802313
0.3404269268162384
0.0
0.0
0.38466254243617287
0.33342652425592184
0.366443447051858
0.1909726969437602
0.30443183261747553
0.5752202147519259
0.41063929983200786
0.14930013623788466
0.2433989033844499
0.2972269730962859
0.18663545242701465
0.12912599164383096
0.2117418762348395
0.5938673125927137
0.30446147495600895
0.028086270364197745
0.34225827561377525
0.32563190487791016
0.24253417861759435
0.3482026133958283
0.48046376962922605
0.43150882557985126
0.06625422567104446
0.19212877778221263
0.4456268997902019
0.08033153522854944
0.1566530345774117
0.27735058004427754
0.18573439827491525
0.18834697667364692
0.06962520205260923
0.3659672794434235
0.18082384845629804
0.5627553586807447
0.39563843613695754
0.19077062728241911
0.37814822510135
0.03683186927370097
0.3827478190305632
0.3187081081448231
0.22876772922586475
0.6477716997266806
0.49316208476572226
0.1633006566108668
0.28380592632914753
0.24093027354579802
0.0
0.09759449831461822
0.15488782428270276
0.42389171459370834
0.16257620821111396
0.3168510925003039
0.3003562629473282
0.06070080577552697
0.47693725370673795
0.32785766036497616
0.3023372094306199
0.5074875462061963
0.2964652913743197
0.4076960692522086
0.39349873909032024
0.41065609837311856
0.6092850262824462
0.16168892838341414
0.41763250192817225
0.18693082094794183
0.3741362815598991
0.38630262200587107
0.11793284142985189
0.2222343786147476
0.3468927951310457
0.44979457586510696
0.12711774381795832
0.2215485361446663
0.1349494399413241
0.1687798488971635
0.16696785596042613
0.2984758553256504
0.22161206588669413
0.33435511783992766
0.5985172229880589
0.2946923974260101
0.031810393459303865
0.21706302638614605
0.4857646921117954
0.15606682433991795
0.4473701999891051
0.2586816814796845
0.06426193881201347
0.2924306428212724
0.3832508182445215
0.5007169550695935
0.4140442604802153
0.41938442940016074
0.3174134404887781
0.44342081354653445
0.5720661331670014
0.0
0.24651779460731865
0.2872766292626027
0.24831243632219424
0.2666788384402363
0.0
0.34150741483960745
0.11564424167473229
