0.34454918757398423
0.11550199458994724
0.20253382986971338
0.23081248654656922
0.25143829789579086
0.4683564189219239
0.4557313789941945
0.18579812842859253
0.18098024452073252
0.4410634978214205
0.5002742478675133
0.15058247806125966
0.05721111475184319
0.220279932707644
0.04110957904407206
0.2108331027148759
0.22539938080009198
0.3232868922118193
0.04268581450187471
0.3124164829772125
0.0
0.5
0.1312050740316724
0.21398626751412297
0.13863671483513756
0.25545605447941166
0.09055639554902153
0.1586131518318684
0.1475706286678421
0.35178863145416206
0.2899845864382504
0.0
0.17767263989610935
0.45911735788017133
0.2567089480971805
0.19164859969507808
0.5117558726499656
0.0
0.0
0.09797563715511069
0.3650590684965299
0.3115269945327159
0.28127076859255545
0.4365461201442501
0.4848453575359935
0.28435497298640044
0.4566005462719583
0.2133151256157581
0.2623202576065513
0.35262298234926054
0.20172936805244185
0.0
0.13466218565595164
0.1571852787907447
0.36360815523976175
0.05609067473291756
0.4269658221806986
0.24869124236526768
0.07048869776114201
0.17360009926630587
0.3577223505228516
0.22249532655302987
0.4464876607157993
0.38482688171160123
0.0
0.5544857073824019
0.07616128774664462
0.22642088543839464
0.05721111475184319
0.3588764312322355
0.3692206827534364
0.0481888543129703
0.583146180424818
0.1846774960753977
0.0
0.22342676530440453
0.11909910389436694
0.3314502975155702
0.08789898487978198
0.0
0.10100474966200776
0.1926043717359399
0.4661432166865291
0.21836974719455368
0.34217577171143165
0.16094347177239363
0.2435809075732329
0.5965459231192326
0.09452929404216628
0.17275523772178805
0.2426750791780348
0.0656025370158362
0.417410012121225
0.0
0.1015705091616788
0.32740432922710233
0.2074370781130327
0.5626356225733666
0.15558916805865902
0.2964609431237059
0.21398626751412297
0.5978340640959144
0.18002731157636284
0.03692644678792359
0.39549765841971984
0.0
0.0
0.3124164829772125
0.3205416576977128
0.08479005046926699
0.10699313375706149
0.0
0.0
0.21282858008428093
0.2738639687978906
0.32795220108897427
0.3985202642423514
0.29231333260610554
0.33916020187706797
0.1178096041790857
0.3834897803406533
0.3496074125148968
0.0
0.30937450320351356
0.4777969167122055
0.1107683683654393
0.29243528182659456
0.2366109894988346
0.17188978831310517
0.3640574504373338
0.1750207189309289
0.22811718114095444
0.07303417781930135
0.18733435468172246
0.0
0.43736437742663337
0.37381935278950773
0.2200667752774047
0.07303417781930135
0.0
0.09147995393492454
0.1312050740316724
0.4375552151060925
0.3190900384327302
0.0
0.20800815643228113
0.5117558726499656
0.09147995393492454
0.10699313375706149
0.062444784893907486
0.27615745001032227
0.4041084078868358
0.21599512450093938
0.501299384519739
0.4258380279449281
0.2899845864382504
0.03923692833171611
0.21590275176620652
0.0
0.3423780096165028
0.11450494890617528
0.3714131786575198
0.16268921352390187
0.07816178950877475
0.27657323469559547
0.2366109894988346
0.5952372611070958
0.33916020187706797
0.31706973630026136
0.0963777086259406
0.24562984859219905
0.24144076297132078
0.16958010093853398
0.5296347240912597
0.7364722471540498
0.1460683556386027
0.0
0.2994459369789954
0.4365461201442501
0.42395025234633493
0.16397610054448714
0.27082514915096356
0.23656906540936168
0.39403581100014995
0.25422943431328465
0.38356636845265696
0.0
0.33210022020195945
0.27622620682106425
0.0
0.3510374157087739
0.2356192083581714
0.04373502467722413
0.0
0.28127076859255545
0.05609067473291756
0.08479005046926699
0.0
0.09452929404216628
0.19333275223360818
0.45133050175223377
0.18684957511322664
0.21001541356174958
0.0
0.3680376334149448
0.25437015140780095
0.1626263496126737
0.2723874400652224
0.6179772147871324
0.1992601321211757
0.512629697164372
0.042851053547322715
0.4226415903341982
0.27657323469559547
0.42003082712349915
0.0
0.4004483476985369
0.4777969167122055
0.7573857212421646
0.0
0.3930068662429385
0.0
0.36136328516486244
0.4121943796963693
0.24734240121580806
0.5316435810780761
0.0
0.07616128774664462
0.5222030832877945
0.22642088543839464
0.44615333563412946
0.27222906898251287
0.2537158204017326
0.0
0.28172669022847735
0.21275934646053052
0.3014953674966741
0.346075261171168
0.283409761409121
0.09843703804143268
0.12456638340881777
0.2532401882604759
0.21976377662582966
0.0
0.41554882022320355
0.0656025370158362
0.30821681577367155
0.13929544298486982
0.0
0.2826335015642233
0.23064201859831632
0.0
0.27657323469559547
0.08478905367474866
0.2074370781130327
0.27653629065829455
0.0
0.1556779249480163
0.0
0.5828475953897844
0.49256835919653486
0.0
0.27303536382951
0.30821681577367155
0.7234267653044045
0.49252697373306176
0.21398626751412297
0.4852285575156707
0.2187822189401814
0.19090696361593046
0.5
0.3254960849000229
0.24778346754929947
0.07048869776114201
0.12994589899212675
0.0
0.4121943796963693
0.3903969859828818
0.0
0.4269658221806986
0.44390932526708243
0.1927110438956621
0.19005120283262697
0.3960224360773022
0.4808124865465692
0.24261427875783534
0.4046620891713743
0.44615333563412946
0.0
0.13520232610395744
0.4534256398725126
0.22610680125137864
0.0
0.0
0.26352775284595026
0.03651708890965068
0.23307160834326454
0.6917831842263285
0.2652321569237092
0.0
0.0
0.0
0.4852285575156707
0.4414323067567125
0.0
0.10699313375706149
0.1843821564637303
0.45860665907761083
0.45134116116133277
0.33916020187706797
0.5
0.12678149370834263
0.40316908904022764
0.12785545615088564
0.17640497356223986
0.19005120283262697
0.24144076297132078
0.4121943796963693
0.18002731157636284
0.41109838151379235
0.25234937694702775
0.49256835919653486
0.062444784893907486
0.4483971138485984
0.1449922932191252
0.6992148250297936
0.11550199458994724
0.5558700947921036
0.27443986180477364
0.10277912027738763
0.1328400880807838
0.0963777086259406
0.0
0.0
0.23518263795437017
0.17561949468384772
0.1724296155484907
0.0
0.14358470862741754
0.12441900488954381
0.0
0.33916020187706797
0.3496074125148968
0.13777597395434457
0.20162237014434933
0.42106708880128985
0.31866958230827125
0.1449922932191252
0.1449922932191252
0.05609067473291756
0.3614638865123025
0.0
0.07303417781930135
0.27622620682106425
0.0
0.2074370781130327
0.38356636845265696
0.21599512450093938
0.26352775284595026
0.4067040568786744
0.07303417781930135
0.11822392699003692
0.42395025234633493
0.0
0.23647224715404974
0.18994751415943856
0.34581054801817945
0.09147995393492454
0.2404062432732846
0.5038537706460682
0.0
0.18897028827540882
0.30821681577367155
0.39211457418843043
0.3064107440708813
0.0724961466095626
0.08447694832226785
0.5493015699830335
0.20108296795204275
0.4777969167122055
0.24712228096930522
0.30078517497020635
0.47312410091906626
0.1973857163973776
0.3263685262414474
0.29902210839682875
0.2054778771824477
0.0
0.0
0.2524011412819101
0.0
0.15633983553037414
0.3305305365376912
0.19709030894034732
0.40938079330824373
0.4254580372635168
0.43774983044960025
0.0
0.13494093150347009
0.6069931337570614
0.03651708890965068
0.17989452591120664
0.08747004935444826
0.2925629218869673
0.20149875454947852
0.25
0.0
0.2931571928784684
0.21001541356174958
0.6876956776501569
0.10699313375706149
0.34166513482404565
0.0
0.13826046897204672
0.15392473882883204
0.1008758776564403
0.0
0.5718958910364866
0.30721238728026334
0.13494093150347009
0.18994751415943856
0.28700876849686524
0.30896839376361235
0.0
0.0
0.36507192176355585
0.0
0.23905058260276665
0.4566005462719583
0.0
0.24562984859219905
0.1658117896423802
0.4736725966540929
0.2074370781130327
0.32740432922710233
0.0
0.3232868922118193
0.2519268853230341
0.7169271019135607
0.12421371516500533
0.0664200440403919
0.15392473882883204
0.3098450011671036
0.3960224360773022
0.18002731157636284
0.0
0.0
0.36136328516486244
0.09586584729229021
0.13407733671589825
0.1052161521923789
0.3135768506058269
0.14376700883892785
0.3903969859828818
0.23452575430277472
0.509483177156062
0.1571852787907447
0.27395762864082146
0.1984849121120978
0.34400436343759627
0.6725956707728977
0.0
0.50635411016099
0.1973857163973776
0.21167089265443892
0.0
0.06363350102452349
0.07303417781930135
0.25322294159196596
0.47036527590874033
0.33912913969659103
0.401779267940374
0.32368751604212126
0.21167089265443892
0.25437015140780095
0.5112120685892306
0.2995367314301307
0.0
0.490516822843938
0.17348950763996088
0.5253379174863518
0.08479005046926699
0.3277254062130079
0.4085331559079051
0.16958010093853398
0.2656801761615676
0.3781293708255031
0.0
0.0
0.178214207332949
0.1312050740316724
0.12456638340881777
0.4269658221806986
0.23644785398007384
0.11218134946583512
0.3626230280082437
0.23889845835610274
0.20748825707202348
0.413054740288622
0.12488956978781497
0.0656025370158362
0.27657323469559547
0.20748825707202348
0.07616128774664462
0.0
0.2532633522125847
0.0
0.0
0.2950252934373401
0.2532633522125847
0.0
0.1641198699415104
0.5730341778193013
0.16958010093853398
0.5758968851610515
0.241019066334632
0.45653902243145444
0.2308584061078697
0.3496074125148968
0.26988186300694017
0.25831200732208665
0.2664410490828974
0.3333333333333333
0.4059732048550699
0.27958880452995916
0.07020838520507416
0.1475706286678421
0.653758310399496
0.16958010093853398
0.13777597395434457
0.06331583805314618
0.38404287582189184
0.4852285575156707
0.10699313375706149
0.24373119831623447
0.4689046712154728
0.30821681577367155
0.3014825874211036
0.0
0.05721111475184319
0.8007398678788243
0.06804733277054317
0.23570627034368255
0.09911338701971979
0.434931940727851
0.4343974629841638
0.5074316408034651
0.3078608070117127
0.3378515398649312
0.07891211414428417
0.24547008354106958
0.4365461201442501
0.29225226669955606
0.0
0.0
0.42565716016856187
0.05609067473291756
0.0
0.0698870609640136
0.5191875134534308
0.3559726372918401
0.2070655350586861
0.24261427875783534
0.31643414107695905
0.13863671483513756
0.16395918427315753
0.08479005046926699
0.6186267698628609
0.5965459231192326
0.31123238560803523
0.5270555056919005
0.1365630608520373
0.3180101306938991
0.4264590168267197
0.2863604454238957
0.15782422828856835
0.1412551297570833
0.1764235478144164
0.44306313311567014
0.0
0.19333275223360818
0.5953379108286256
0.20667977375457677
0.47234765529992506
0.21824580611280348
0.09242447655675837
0.07303417781930135
0.36924790207487657
0.2799332247225953
0.28700876849686524
0.0
0.26884664655049534
0.4729444943080995
0.09147995393492454
0.11787850785767966
0.1846774960753977
0.24540469276375657
0.0724961466095626
0.3650590684965299
0.3285508731885746
0.2992182830174247
0.05609067473291756
0.0
0.18747946392972603
0.5434800153698841
0.11450494890617528
0.06228319170440889
0.3156484565771367
0.15999023502923082
0.31593310886815607
0.4907398638825447
0.4690566138966036
0.1460683556386027
0.0
0.08079700974212714
0.48824412735003436
0.493117635181609
0.21836974719455368
0.07303417781930135
0.0
0.0
0.27657323469559547
0.19178318422632848
0.10913381340669756
0.13494093150347009
0.0
0.26352775284595026
0.6503925874851032
0.33479005046926696
0.27727342967027513
0.27303536382951
0.29572446636497063
0.0
0.22342676530440453
0.0
0.22062105630055087
0.0
0.39846868434942034
0.14087583109978122
0.1992601321211757
0.2914237976948922
0.6872955907355977
0.3419876244445982
0.44916890546849314
0.09404673578265882
0.2541673290619819
0.4690566138966036
0.369238469642432
0.20667977375457677
0.1846774960753977
0.22610680125137864
0.10699313375706149
0.25437015140780095
0.38510338397073934
0.6695801009385339
0.6475706286678421
0.21946847049515358
0.5946432422612117
0.34772558574310103
0.03923692833171611
0.7691415938921303
0.11218134946583512
0.0
0.3877321687870936
0.26481736204562983
0.33916020187706797
0.29790235373920604
0.2830728980864393
0.0
0.4335950583234021
0.6293610419722657
0.5497395679546173
0.0
0.3591091512270422
0.4660410440622399
0.6650824128102306
0.20366130340075966
0.26945044457003553
0.18042931763247386
0.32597253773985774
0.09715088992797466
0.3078608070117127
0.22029995151735873
0.3351401479566068
0.39915829936770736
0.0481888543129703
0.15714022986928233
0.23518263795437017
0.407690382589392
0.07816178950877475
0.29732162113060584
0.660839798122932
0.34697901527992175
0.20108296795204275
0.3684592964389552
0.062106857582502666
0.10026172499006879
0.3014953674966741
0.25717364268496035
0.2182695528180682
0.35648977733328785
0.22377298451393607
0.0724961466095626
0.0656025370158362
0.2788170129100645
0.15392473882883204
0.12796975726725826
0.5542767603272035
0.13494093150347009
0.14265751167608198
0.17124252860931816
0.6766057977088592
0.3517089338146571
0.48824412735003436
0.247843058517974
0.2895983086561092
0.11218134946583512
0.5244641715364452
0.576049747653665
0.35864352496542284
0.49738248473053537
0.0
0.0
0.5795664451503526
0.03651708890965068
0.206527370144311
0.10699313375706149
0.18906468541275154
0.0
0.33082413986422465
0.11450494890617528
0.5025783354487169
0.33157758649130803
0.5953285506777523
0.0
0.45542010632550617
0.0
0.2735791145616054
0.11218134946583512
0.2485671498444239
0.15576349726635794
0.15308719219305383
0.330419899061466
0.0
0.6179367875272247
0.0
0.3550077067808748
0.05725247445308764
0.5963079749640303
0.26369695463934595
0.44350391272802236
0.0
0.23518263795437017
0.35185518015000483
0.22005647996647465
0.07303417781930135
0.6039775639226977
0.5541284678589271
0.10918487359727684
0.08303687541388678
0.13149838969256517
0.0
0.17159048082810976
0.42483124679123646
0.16958010093853398
0.1460683556386027
0.38146454037317495
0.3252535289365844
0.0
0.10918487359727684
0.305534094556093
0.0
0.2521661429585013
0.10907459423739019
0.3022511707901401
0.40777830872726784
0.0664200440403919
0.44429539763691855
0.0
0.15999023502923082
0.26352775284595026
0.7091127596825484
0.34923508979209905
0.5508310945315069
0.2506496922598695
0.19452365502391245
0.5531464693911909
0.41520994953073304
0.19266673841495002
0.3602829857830332
0.39846868434942034
0.40476273889290415
0.27459191595888954
0.46748245467774
0.0656025370158362
0.12858682134248017
0.1263496706036833
0.2200667752774047
0.5743428398314381
0.4637876782827091
0.4226415903341982
0.4464876607157993
0.2450201767671852
0.18073194325615125
0.5677194285601309
0.28736413046829273
0.080103882196149
0.5454406409176621
0.062444784893907486
0.26198984557413035
0.48359452812335496
0.2074370781130327
0.1328400880807838
0.2515334914623603
0.04110957904407206
0.31123238560803523
0.2530614893956642
0.14858638122922851
0.4375552151060925
0.0
0.1410238807171068
0.7426142787578354
0.407690382589392
0.16958010093853398
0.16958010093853398
0.5164729611608047
0.0
0.0
0.2532633522125847
0.0
0.0
0.4777969167122055
0.11450494890617528
0.4729444943080995
0.0
0.20132476391446083
0.13237992859588882
0.14087583109978122
0.23518263795437017
0.6895453293475474
0.16395918427315753
0.23518263795437017
0.0
0.1449922932191252
0.19178318422632848
0.0
0.3623379464499749
0.0
0.1460683556386027
0.0
0.12456638340881777
0.7364722471540498
0.19455212247092984
0.0
0.3916735729769763
0.0656025370158362
0.24090885677657498
0.5454406409176621
0.10699313375706149
0.4912596971843981
0.28700876849686524
0.11822392699003692
0.2413756534263614
0.21011718817595657
0.4513233147414502
0.27657323469559547
0.3739915141062367
0.2366109894988346
0.23647224715404974
0.2413756534263614
0.13494093150347009
0.4338579635514273
0.4528417708767893
0.6530209847200782
0.5110303774437327
0.10799756225046969
0.2610646672630061
0.0
0.5402092776431042
0.1449922932191252
0.0
0.6069931337570614
0.5245136610577601
0.39403581100014995
0.0
0.07398463988616093
0.3078006493312798
0.1453145486230057
0.16397610054448714
0.5117558726499656
0.2791684434614931
0.23518263795437017
0.2212162485439435
0.3310750835497338
0.518983807325362
0.30203925239856333
0.16958010093853398
0.0
0.5362123217172909
0.27657323469559547
0.08748807892265378
0.6164336315473431
0.09110532172311228
0.1015705091616788
0.33860223490422975
0.5383444138659946
0.5296347240912597
0.23094143564763797
0.5171193293848824
0.5395441449594581
0.2994459369789954
0.04536347246128633
0.5074316408034651
0.630761530357568
0.346075261171168
0.0
0.18684957511322664
0.1328400880807838
0.41434560931664854
0.6341394726005227
0.3903969859828818
0.42803264921397205
0.3186640264115004
0.305208665464553
0.2573857212421647
0.0
0.13196233671840338
0.5817744806349033
0.0724961466095626
0.257767025231148
0.09589488873410977
0.2612876200261452
0.5270555056919005
0.0
0.19178318422632848
0.20626656513752686
0.3524293713321579
0.3196184275788678
0.4257578098900917
0.44390932526708243
0.18590524790134566
0.1326160784618546
0.4121943796963693
0.06931835741756878
0.0
0.04868945187953424
0.0656025370158362
0.0
0.40777830872726784
0.584790050469267
0.5255527382303741
0.11548021869754176
0.24144076297132078
0.05863143857569368
0.3602055977350204
0.32179421234660865
0.14094466013099055
0.19823499546895
0.22825216697327425
0.40777830872726784
0.38356636845265696
0.1281677155794042
0.0
0.5624447848939075
0.0
0.25307766306048907
0.0
0.38404287582189184
0.2177676938656416
0.16167742695436735
0.6201049716811229
0.23535517789317673
0.0
0.45137180980240565
0.2356192083581714
0.2888656703323021
0.32992193319857127
0.31920241970650187
0.23647224715404974
0.318531277808137
0.3275546207918305
0.2093984064127078
0.5531464693911909
0.0
0.355733061575039
0.3937481521657307
0.04770534200169881
0.2356192083581714
0.0
0.20340466585199893
0.3156484565771367
0.0
0.0481888543129703
0.18690967639475387
0.0
0.1312050740316724
0.4375552151060925
0.0
0.4269658221806986
0.10918487359727684
0.16958010093853398
0.6469101839391602
0.41745249167478227
0.0
0.2673173921197691
0.3613618169418647
0.1724296155484907
0.15313795785988746
0.2532633522125847
0.48445522496629234
0.27459191595888954
0.10572473378231538
0.16395918427315753
0.08478958919327224
0.5167900916257594
0.0664200440403919
0.07519629374255159
0.0656025370158362
0.41520994953073304
0.15979138807603727
0.0
0.4343974629841638
0.0
0.3600546231527257
0.3059409045623101
0.4846952682307886
0.0
0.0
0.44350391272802236
0.24962455560764382
0.24271250933688274
0.04868945187953424
0.20132476391446083
0.6897769549651137
0.30821681577367155
0.13863671483513756
0.23518263795437017
0.25717364268496035
0.10918487359727684
0.0
0.27727342967027513
0.5956246978997642
0.27303536382951
0.0
0.1660615094042199
0.3660835340600032
0.09181832486274602
0.34400436343759627
0.469115570982802
0.5316435810780761
0.0
0.1655865989353994
0.4669004606832771
0.0
0.04373502467722413
0.2578018982813078
0.11853545962682505
0.0656025370158362
0.05609067473291756
0.318531277808137
0.10918487359727684
0.4528417708767893
0.3550077067808748
0.19124751703754828
0.3761036121562038
0.0
0.4064632187598713
0.29688648533536155
0.09147995393492454
0.5914668440920949
0.330419899061466
0.0
0.2731261217040746
0.15039258748510317
0.0
0.15039258748510317
0.13187026596082052
0.5531464693911909
0.08047517071069664
0.1806554293294529
0.1764235478144164
0.0
0.5033802309216537
0.22460731326140307
0.2166528540460474
0.5625869671814725
0.28702044533342436
0.4488846877288195
0.38146454037317495
0.27555194790868914
0.6072432860562474
0.1502328100056555
0.4528847258702257
0.1968383683648253
0.3494929421268312
0.3022511707901401
0.12363115879223509
0.108600674890537
0.31123238560803523
0.4932686097639037
0.04089990938239698
0.1928149218280156
0.1502328100056555
0.22460731326140307
0.12488956978781497
0.21521395963973747
0.20329451006035784
0.3363512543681695
0.6666666666666666
0.28631482152145726
0.0
0.21748843982868782
0.41520994953073304
0.14265751167608198
0.47036527590874033
0.24261427875783534
0.0481888543129703
0.14796927977232185
0.4678530624981503
0.5074316408034651
0.49791200984433964
0.3455104754435761
0.2825115601713122
0.3181855582412113
0.6101399663538221
0.0
0.18733435468172246
0.2989170320479572
0.11002823998323732
0.2573857212421647
0.0
0.3406679867942498
0.10913381340669756
