0.20631573469733974
0.03203168589052063
0.16177454081940423
0.09653801615419776
0.2873629150257103
0.372261028390088
0.3208175948300491
0.21793293342326475
0.1306993544122697
0.31261667510895663
0.29822949604176296
0.0869775587381243
0.02802224444249224
0.09440568544613315
0.012784784226374787
0.13377010608366738
0.08288237498979065
0.14506792703001145
0.013400334492697636
0.23037087984360544
0.0
0.3333333333333333
0.1312050740316724
0.21398626751412297
0.09242447655675837
0.1862762939010923
0.03222540383949157
0.054526857665946254
0.07923337194815089
0.1925620015569733
0.23354704934078319
0.0
0.06803970088623522
0.4730936716380878
0.09135246021540781
0.13571785858276744
0.3976972820794884
0.0
0.0
0.05567461685873054
0.19600689661854248
0.18084138887874238
0.14717375470368613
0.27883515923614605
0.21404082083593373
0.19425012699391772
0.37572912001934655
0.09142076812103919
0.08321876184787533
0.3064107440708813
0.06405920891525584
0.0
0.06129375784340747
0.10897454005984329
0.27297403336040255
0.030116110055608086
0.2846438814537991
0.08549323822524131
0.03079494556551268
0.1425104140942413
0.19204435348289237
0.11998828059457704
0.2888446602990514
0.28273473591992315
0.0
0.4017346859728688
0.05365266332451218
0.12156951823489388
0.02802224444249224
0.2384975240963912
0.18171398693583052
0.022272476893368132
0.5449430640867015
0.1292728383902881
0.0
0.14895117686960302
0.04050676597394268
0.1349263464759967
0.02759408043873497
0.0
0.05528796277832964
0.07474125226852804
0.2996634964413401
0.16102233247438585
0.2846438814537991
0.1735689621667685
0.08883193441559566
0.5107506827051778
0.03249658242062604
0.0798459954116655
0.0917401612013233
0.04373502467722413
0.32637074049231957
0.0
0.03491715934115746
0.2182695528180682
0.1503012727892788
0.28421661290090816
0.0706169480408395
0.2463300806286715
0.21398626751412297
0.48148207937507326
0.12001820771757524
0.011483860098012584
0.2247413871489623
0.0
0.0
0.23037087984360544
0.15611857816068725
0.05652670031284466
0.07132875583804099
0.0
0.0
0.08075792956598997
0.13413972286562223
0.26412531034802
0.45545943393619964
0.15973348320154773
0.2826335015642233
0.057703639236871114
0.2529005394952424
0.23307160834326454
0.0
0.2211243593768034
0.4315846784338263
0.03941803758394416
0.13302782339591465
0.1077398335463829
0.062103787839981515
0.19434092822736165
0.08572588367936336
0.12199023490877103
0.04868945187953424
0.2346942368322105
0.0
0.19505854869451875
0.3494746268497406
0.11815788017161476
0.04868945187953424
0.0
0.049117261892542806
0.1312050740316724
0.3127804212889341
0.14748069048788456
0.0
0.2652189113365208
0.3976972820794884
0.049117261892542806
0.07132875583804099
0.03352774811888721
0.17839010028283092
0.17146849766478361
0.18773177434451704
0.3683078179689846
0.20333888618005908
0.19462254111731933
0.011427828011308155
0.20018275430807286
0.0
0.21735676902705323
0.07816593393738018
0.1994185346818216
0.06207903862396797
0.0533565521275108
0.1843821564637303
0.0863440555956081
0.5168430484556391
0.2826335015642233
0.1878349060757853
0.0668174306801044
0.16375323239479936
0.15079151709882044
0.11305340062568932
0.473108023778415
0.5613162178632985
0.1460683556386027
0.0
0.1589034397787299
0.252645909100417
0.3956869021899126
0.08804177011600667
0.09455281965243068
0.08982330362528611
0.2592230637446672
0.12149387734045748
0.38356636845265696
0.0
0.22772971696809982
0.17634860198065352
0.0
0.16004168956907222
0.1405781010008848
0.018743582004524625
0.0
0.14717375470368613
0.030116110055608086
0.05652670031284466
0.0
0.03249658242062604
0.09754943257602156
0.2697215159087616
0.08636027777744605
0.1127611200670381
0.0
0.24480156725713098
0.16958010093853398
0.059345589154626545
0.10293512403211467
0.5079662562022093
0.22772971696809982
0.35447364051484426
0.015248978243205629
0.330450512102333
0.1843821564637303
0.3382833602011143
0.0
0.26412531034802
0.3750579781209817
0.7330409953023975
0.0
0.2620045774952923
0.0
0.24090885677657498
0.3878496537566022
0.12285715311957374
0.44685353060880906
0.0
0.05365266332451218
0.4194641446965707
0.12156951823489388
0.3539622574022643
0.18583510691190772
0.07739544248303554
0.0
0.14527488068962136
0.07223153536807495
0.21099564385212372
0.2636631593963913
0.19346752170219356
0.06934506252399683
0.05757351851829737
0.14072253358078265
0.11851519806201033
0.0
0.26671982600627014
0.04373502467722413
0.2054778771824477
0.04863203044563698
0.0
0.16958010093853398
0.07611895444192844
0.0
0.1843821564637303
0.0597305886626858
0.11137676456581494
0.24846171840581338
0.0
0.06325739217051546
0.0
0.4096633593971932
0.37211393080824734
0.0
0.19234278837250585
0.2054778771824477
0.6877623873853841
0.37720786842457815
0.21398626751412297
0.4852285575156707
0.1340215118952898
0.08905604462133258
0.30738366118435745
0.18459095875388648
0.10890114057646448
0.03079494556551268
0.05319702678267979
0.0
0.3313229534437575
0.2587285502434434
0.0
0.2846438814537991
0.27726755112874935
0.0917931568940923
0.09308787786194933
0.30774998206209225
0.2597426989750622
0.2182695528180682
0.20399607643260656
0.3539622574022643
0.0
0.06622266753081547
0.2473399076449397
0.14535437223302913
0.0
0.0
0.14149287462142301
0.009737890375906848
0.09988783214711337
0.5890442456351046
0.12378695522449426
0.0
0.0
0.0
0.4852285575156707
0.2563803137398397
0.0
0.07132875583804099
0.07902092419874156
0.25193075524660224
0.2627502915713813
0.33916020187706797
0.3333333333333333
0.05859732357998256
0.16974152341454019
0.054795195493236706
0.2099203377476262
0.09308787786194933
0.15079151709882044
0.3878496537566022
0.12001820771757524
0.250842356625182
0.10655816515344893
0.37211393080824734
0.03352774811888721
0.2414832404416558
0.07784901644692772
0.6992148250297936
0.03203168589052063
0.3665304847986504
0.34382083324779966
0.07551246758142771
0.06506563341945709
0.0668174306801044
0.0
0.0
0.2133151256157581
0.09051660521880757
0.06020011949705001
0.0
0.06203378595879562
0.036457029660507706
0.0
0.33916020187706797
0.23307160834326454
0.10159378288464728
0.09875548424054402
0.23893009931400253
0.12040699057335741
0.11677352467039159
0.11677352467039159
0.030116110055608086
0.13820893912455007
0.0
0.04868945187953424
0.17634860198065352
0.0
0.11137676456581494
0.3270396681398123
0.18773177434451704
0.14149287462142301
0.23173817299480787
0.04868945187953424
0.052378500271458066
0.3956869021899126
0.0
0.1658907865629344
0.07195839959923071
0.16730515593494158
0.049117261892542806
0.08416067653755632
0.3348447163083701
0.0
0.09224872572180504
0.2054778771824477
0.24064960295610305
0.25359675746701943
0.03892450822346386
0.04084095461788239
0.3873089178770042
0.10796512650253581
0.4315846784338263
0.16280058650917534
0.2442584746573617
0.29680380641426496
0.1395077525801255
0.1883236829430586
0.1339399944070725
0.11228767606941101
0.0
0.0
0.0804679347340196
0.0
0.084311649796642
0.37393694330340776
0.06512881254658
0.41627308959015075
0.36217295798012095
0.24555557340784007
0.0
0.07245225634235107
0.4759908450094153
0.009737890375906848
0.1520719819800442
0.05623074601357388
0.15708238839507863
0.10953575207308731
0.06666666666666667
0.0
0.1497704456554237
0.1127611200670381
0.8122029271941518
0.07132875583804099
0.12498477621460116
0.0
0.04299801418423654
0.08264501001143001
0.031667909318712315
0.0
0.49045777759838677
0.10592694481825193
0.07245225634235107
0.07195839959923071
0.2412613911094551
0.1658907865629344
0.0
0.0
0.20683600598380492
0.0
0.1774678957332365
0.37572912001934655
0.0
0.16375323239479936
0.10923755585461929
0.369266628808059
0.11137676456581494
0.2182695528180682
0.0
0.14506792703001145
0.11161490543612337
0.57553008630748
0.08750372843227683
0.032532816709728546
0.08264501001143001
0.1450873019912118
0.30774998206209225
0.12001820771757524
0.0
0.0
0.24090885677657498
0.034983354179186806
0.05318095015388692
0.04509263665387667
0.201585118246603
0.05298103512195538
0.2976530584669072
0.12837466770464886
0.3072506405762356
0.10897454005984329
0.1527637791598134
0.08045675390393488
0.25792791627681855
0.5634608943638636
0.0
0.34432304736652375
0.1395077525801255
0.18980338031582686
0.0
0.034508635457285795
0.04868945187953424
0.13747074322506161
0.47036527590874033
0.14039153286736897
0.28622821341280796
0.14992012057034623
0.18980338031582686
0.16958010093853398
0.34040424722222334
0.1895025551441649
0.0
0.31384186300215366
0.053953992531498234
0.36470855470468166
0.05652670031284466
0.20904540224150653
0.33411992221796655
0.16958010093853398
0.19519690025837128
0.23336548925824507
0.0
0.0
0.08236908454212144
0.1312050740316724
0.05757351851829737
0.2846438814537991
0.1571355008143742
0.09034833016682425
0.18371006627342146
0.08631693568676527
0.10766712074967755
0.23471819194035126
0.10058324435666163
0.04373502467722413
0.24090885677657498
0.10766712074967755
0.05365266332451218
0.0
0.11993066599871786
0.0
0.0
0.11492941692320538
0.2020831070863588
0.0
0.07585480217634089
0.4307122370924018
0.16958010093853398
0.3848685529453563
0.08566984379288195
0.2942414204036281
0.2025950559514474
0.23307160834326454
0.17843226080358937
0.09876612897246395
0.1286634136566813
0.23976005767916228
0.3800181157143726
0.2577212921913471
0.04792722106960394
0.07923337194815089
0.4914213755493838
0.16958010093853398
0.10159378288464728
0.023986133199743572
0.2553169121801642
0.428701857202826
0.07132875583804099
0.10798384863535736
0.2610557174313542
0.2620045774952923
0.1057981789333128
0.0
0.02802224444249224
0.6746718329027146
0.021284397882422545
0.18807401487289394
0.04667191738991335
0.30911637355751803
0.2895983086561092
0.3869772124151777
0.15079151709882044
0.2739238117894884
0.02104323043847578
0.09427196423184513
0.252645909100417
0.1250779851208608
0.0
0.0
0.4037896478299498
0.030116110055608086
0.0
0.024870013311222613
0.4026517092817985
0.18312916848423474
0.09863056503026392
0.16174285250522355
0.20293174022844743
0.09242447655675837
0.07264126980558983
0.022610680125137863
0.40209485157781255
0.5107506827051778
0.25122328174924763
0.3855541156408052
0.042470132433485644
0.14424033293937133
0.37308879870507367
0.2523254597604423
0.1052161521923789
0.07808303571789266
0.10072173503382532
0.2421850071567785
0.0
0.09754943257602156
0.36743249499596486
0.11412659967474985
0.265638125737568
0.09705720629525572
0.03961048995289644
0.04868945187953424
0.3450665542625814
0.1503012727892788
0.2412613911094551
0.0
0.3427904758042993
0.3808988350184116
0.049117261892542806
0.09455460622101426
0.1292728383902881
0.18087953379651564
0.03892450822346386
0.19600689661854248
0.2400488364160287
0.2824250228817445
0.030116110055608086
0.0
0.09158646552995378
0.43194771910059004
0.07816593393738018
0.028786759259148684
0.259121756264292
0.10353471202391995
0.14939206774959612
0.31648108515042456
0.40512888582116074
0.1460683556386027
0.0
0.023532278657365395
0.4307122370924018
0.4517316010840049
0.16102233247438585
0.04868945187953424
0.0
0.0
0.24090885677657498
0.12785545615088564
0.03982509887688469
0.07245225634235107
0.0
0.1804173828448869
0.5903834836263155
0.1118880269169424
0.27727342967027513
0.2616878508965027
0.1305884125750513
0.0
0.14895117686960302
0.0
0.13581197904220266
1.0
0.2474728790826613
0.06511160594576311
0.09759845012918564
0.1431241260630551
0.5431562783096745
0.31347491378178244
0.3707746928170364
0.06934854736921958
0.15402149196615464
0.40512888582116074
0.21919454536315594
0.11412659967474985
0.1292728383902881
0.12112864352752427
0.07132875583804099
0.16958010093853398
0.37846357652501544
0.559440134584712
0.4658504050806592
0.13776129931899198
0.5561923380856321
0.24980570345848874
0.011427828011308155
0.740878243735708
0.09034833016682425
0.0
0.30397135500814376
0.1765449080304199
0.33916020187706797
0.16728292726969904
0.13865029513285854
0.0
0.25302149298270665
0.6205377804377235
0.541197967331127
0.0
0.22882428609616076
0.3593834812543608
0.6295742257702343
0.13946559205936707
0.1616988897164764
0.08339288960380664
0.20854837085919745
0.03021322995786175
0.15079151709882044
0.2165623231871023
0.20853164761744425
0.2643335522588206
0.022272476893368132
0.04989991745560239
0.15678842530291345
0.23300361871240524
0.0533565521275108
0.19499303244826025
0.5477863974972428
0.2954460445264936
0.10796512650253581
0.23817655113007044
0.018332170111756765
0.04296931071002948
0.21099564385212372
0.20712185483721585
0.1904470088869058
0.13772696574536172
0.2313300852025539
0.03892450822346386
0.04373502467722413
0.16880605432514126
0.08264501001143001
0.047536410554572285
0.5125856259874442
0.07245225634235107
0.09170840036319555
0.07586811789803105
0.6287917045319432
0.30785625208927375
0.3741855367795572
0.07315619058223972
0.22101647567463764
0.09034833016682425
0.3877022475009393
0.5477863974972428
0.19055754016975215
0.2390211350051452
0.0
0.0
0.4233208784146243
0.009737890375906848
0.07823939731345042
0.07132875583804099
0.08738408283913125
0.0
0.1983989483236949
0.07816593393738018
0.38800138863373146
0.2566492926372746
0.6323288956488442
0.0
0.47452018766006937
0.0
0.14688963472599967
0.09034833016682425
0.13582855184930276
0.06901021300482381
0.08301963625313671
0.220279932707644
0.0
0.4976723596888032
0.0
0.22953464473742968
0.01593874672257413
0.4766184208215061
0.13092933988459363
0.29776646595385886
0.0
0.15678842530291345
0.21339199095761838
0.14624233041207615
0.04868945187953424
0.5157051099074879
0.3424737229361448
0.08051116623719293
0.02854580363876363
0.0364678993526933
0.0
0.07353877749776133
0.20584748638895792
0.11305340062568932
0.1460683556386027
0.28266431123332597
0.1593105453927648
0.0
0.08051116623719293
0.22796077556526545
0.0
0.08850362070471686
0.06198159480784177
0.1384888716182947
0.3155872304954027
0.032532816709728546
0.2515722582858174
0.0
0.10353471202391995
0.14149287462142301
0.5716313350531084
0.20225115659449194
0.5289635821928947
0.12276927265632821
0.08990717196958718
0.5531464693911909
0.2768066330204887
0.13152248606489098
0.15409785638757337
0.2474728790826613
0.3828952265542921
0.14918651522222584
0.2884115707972233
0.04373502467722413
0.06904061827907194
0.0367995754595599
0.11815788017161476
0.552475327492826
0.3480900091880516
0.3869772124151777
0.2888446602990514
0.08554356439091403
0.05012163519181594
0.5635047182273559
0.1535044440136082
0.03815551033099099
0.4198233432418755
0.03352774811888721
0.11209520904530303
0.2897668648486459
0.11137676456581494
0.06506563341945709
0.10371448236289421
0.012784784226374787
0.25122328174924763
0.2173971114766437
0.05654335539564311
0.3127804212889341
0.0
0.06907408944616514
0.6568190383437804
0.2068143685766762
0.11305340062568932
0.11305340062568932
0.4523868837427364
0.0
0.0
0.2020831070863588
0.0
0.0
0.4315846784338263
0.07816593393738018
0.34197432679494777
0.0
0.07164344142343573
0.041169208305123446
0.06511160594576311
0.15678842530291345
0.5500198411088806
0.07264126980558983
0.15678842530291345
0.0
0.07784901644692772
0.12785545615088564
0.0
0.28911556841607333
0.0
0.1460683556386027
0.0
0.05757351851829737
0.5613162178632985
0.07593936432951875
0.0
0.19184336210249334
0.04373502467722413
0.10324665290424641
0.4198233432418755
0.07132875583804099
0.4912596971843981
0.2737942078191836
0.052378500271458066
0.1430571985641942
0.15224830447014817
0.4094704647693012
0.1843821564637303
0.2499201520755876
0.1077398335463829
0.12696627833947052
0.1430571985641942
0.07245225634235107
0.26647403091959604
0.3257840464812178
0.5278493037754564
0.2903928087990818
0.03754635486890341
0.12288606211580791
0.0
0.29184014177899703
0.07784901644692772
0.0
0.4759908450094153
0.38704026236086464
0.2592230637446672
0.0
0.026998466440981545
0.1405911976013318
0.04995516209120477
0.08804177011600667
0.3976972820794884
0.2509993309549923
0.2133151256157581
0.06879666663505365
0.22271702846033525
0.3277691685225153
0.17311091771061335
0.11305340062568932
0.0
0.34325452463930733
0.1843821564637303
0.04511400825014192
0.6164336315473431
0.0398018904065835
0.03491715934115746
0.21191784840171815
0.45509433094576834
0.5296347240912597
0.09289914167788517
0.37147130402974254
0.36186943983372205
0.18312916848423474
0.016554033253076927
0.3869772124151777
0.50923240900223
0.2636631593963913
0.0
0.08636027777744605
0.06506563341945709
0.19938810739819668
0.628570351646813
0.2976530584669072
0.3103354805556202
0.2611321361538678
0.11544512475791578
0.17159048082810976
0.0
0.03843427485553866
0.5574297546951361
0.03892450822346386
0.14647600960062038
0.034646827384729136
0.3111447976034212
0.3855541156408052
0.0
0.12785545615088564
0.07965928839089907
0.22815028923620653
0.2017250947326392
0.22207812276293576
0.31619205935221323
0.06384048394130037
0.04839424439175636
0.3878496537566022
0.018484895311351675
0.0
0.02086690794837182
0.04373502467722413
0.0
0.3155872304954027
0.5029134342718673
0.3284835407172639
0.04255678386938036
0.1182587003890919
0.02139577795077481
0.13970873662628575
0.29935129270101674
0.05891630188400433
0.12511857833114962
0.10112594374215012
0.23052902784734164
0.38356636845265696
0.06609082573596066
0.0
0.37443915742213185
0.0
0.09449690449332643
0.0
0.2553169121801642
0.12544593422398903
0.05134070547159218
0.4947922322841031
0.09471586601367632
0.0
0.34215358366036924
0.1405781010008848
0.1886250144726683
0.1459147074917519
0.2590789041679996
0.1658907865629344
0.1607391334804207
0.24153349871157878
0.07198543733652499
0.43201782586366666
0.0
0.1669420817743228
0.3467253126199842
0.016976425596285944
0.1405781010008848
0.0
0.06325739217051546
0.259121756264292
0.0
0.022272476893368132
0.05858958530737919
0.0
0.1312050740316724
0.3127804212889341
0.0
0.2846438814537991
0.08051116623719293
0.11305340062568932
0.5460273793503488
0.25766563275174026
0.0
0.20554329833994775
0.22754952269613218
0.06020011949705001
0.053464849024771416
0.2020831070863588
0.43297901073450856
0.17797327448137454
0.03691153394527705
0.07264126980558983
0.024695124813502656
0.3327543317672522
0.032532816709728546
0.020052344998013758
0.04373502467722413
0.2768066330204887
0.1275002478879895
0.0
0.2895983086561092
0.0
0.3600546231527257
0.2937382861632453
0.310990441086804
0.0
0.0
0.3219921946593637
0.15028940085829218
0.11217964886295533
0.02086690794837182
0.07164344142343573
0.574104396679982
0.2620045774952923
0.09242447655675837
0.2133151256157581
0.168197346613752
0.03519077930809656
0.0
0.27727342967027513
0.4490282327258871
0.19234278837250585
0.0
0.09383546363133154
0.18806499624988565
0.029156930948707648
0.25792791627681855
0.2638892532156371
0.46946421073394695
0.0
0.048227403470868055
0.29816648977888116
0.0
0.018743582004524625
0.1287165666174265
0.06364385817449529
0.02624101480633448
0.030116110055608086
0.1607391334804207
0.08051116623719293
0.3257840464812178
0.19061013651396583
0.06979002234253116
0.20282684785865232
0.0
0.49126851173299635
0.17967203350738756
0.049117261892542806
0.47088704533377324
0.220279932707644
0.0
0.12741039730045695
0.10026172499006879
0.0
0.10026172499006879
0.05459393783603497
0.49661976907834626
0.02375397140776911
0.06428805089516677
0.10072173503382532
0.0
0.39840207319779936
0.10364688325821769
0.13865029513285854
0.488111378746671
0.2626757193936572
0.24788785098747781
0.28266431123332597
0.30478134865394185
0.5828158339645861
0.07358466171340144
0.2889978631383193
0.11165676339277976
0.20371592855231563
0.16247500481803828
0.060555061152220785
0.05319306696963481
0.25122328174924763
0.3915611173761264
0.014279330290256315
0.11161490543612337
0.07358466171340144
0.1792179695232196
0.10058324435666163
0.0950898871263222
0.08759337363712545
0.31062589610484836
0.42857142857142855
0.11143417985900148
0.0
0.11677352467039159
0.2768066330204887
0.09170840036319555
0.47036527590874033
0.2182695528180682
0.022272476893368132
0.08099539932294464
0.3734782980426899
0.3869772124151777
0.3369672728227191
0.2395379862349965
0.15168562829050197
0.17841235766773852
0.38011997116041885
0.0
0.2346942368322105
0.1994185346818216
0.04874744347069205
0.17159048082810976
0.0
0.21520353716672486
0.03982509887688469
