0.249182274599795
0.06039421313269912
0.21888045611183876
0.16870797235754584
0.25060891972728505
0.2649764964189306
0.33593528228389197
0.4067994832617837
0.22351094118058734
0.30163029208358044
0.3957758278009679
0.14700455900661924
0.0522503716060012
0.13384800956572046
0.04482474282672488
0.22109507010211465
0.08117455051308801
0.14393103261738444
0.028519642970607263
0.2218595315802116
0.0
0.4085614007653962
0.19886957117512416
0.19670407441664609
0.16675075684658688
0.18708009891617147
0.2052525315456719
0.06818638848037895
0.1328840202933911
0.18193954276779806
0.20545994461379605
0.06362078691860773
0.10811055648562218
0.38967840424749
0.10316766886449179
0.11982772694896192
0.3245137344209306
0.028285478035386353
0.04600401577809482
0.08100520981980015
0.23865469800418823
0.23782692652895931
0.24812186490573887
0.4034802169061951
0.22386720326025
0.1894092781277816
0.31718641200220393
0.18587410290792136
0.1506557736364436
0.2462976346087621
0.0921125092829288
0.0
0.2861658956305718
0.1728146925241421
0.2766007031873172
0.042145854179823604
0.4172630906774283
0.1374853650083035
0.032049956635490984
0.18952044010177194
0.21166384890125722
0.10598399812988235
0.3645349183429945
0.4458456451744605
0.0
0.36885282873818426
0.08438667120651265
0.19394440340955676
0.05469519332188339
0.3631923673873771
0.25504608862244343
0.03797609531242007
0.46329606452583755
0.3088854024987649
0.04392952688085403
0.21233315759140348
0.08418731772860673
0.16553978115692058
0.07896824775837304
0.12317461054309045
0.09608682996571997
0.07936932906115024
0.32997001057629216
0.14493049323845583
0.18471440164270622
0.1596279326431497
0.1263558587313553
0.4857718974431765
0.12227196346145161
0.09123318177616173
0.10485945508370068
0.0949556656359712
0.2507570897140246
0.0
0.10916015286301864
0.18492224543065452
0.19501781370787258
0.45104560471777694
0.05941051164269056
0.3022567930131778
0.13886244510772267
0.39761896552167364
0.1252232895681877
0.06154567614396884
0.18278170421027964
0.0
0.11327636453787637
0.1832927342871069
0.18955246487643007
0.11269357228218553
0.12338199526376559
0.04860428001947381
0.0
0.07619491201281046
0.13650355526313493
0.24862117032977407
0.36499266587347484
0.1381509437823261
0.30018071049814815
0.09053686039207516
0.28740192371248857
0.30715183522050976
0.0
0.17810634102526993
0.3527410634021826
0.07238278840693231
0.19081303163956492
0.11277171872637308
0.10506003492541616
0.39026459620695053
0.12493835278086304
0.165550905785884
0.05992868964682165
0.21139543328286028
0.3160020491968584
0.2177113344859889
0.24799204818273202
0.21928436869174459
0.045168357017777626
0.24248105721750032
0.11769356799260676
0.21501812762330882
0.3218832386443367
0.2161032100837036
0.04739531567668397
0.37098570872962755
0.2580783227064261
0.0398828928973243
0.07783662745883602
0.08114699800575365
0.16388056192900433
0.2357096343032611
0.17241247296101284
0.42522398172315223
0.17007599180019542
0.2151970672573139
0.01666879805103126
0.18807968855405766
0.03803728671750441
0.2122356231482438
0.06526788484632777
0.3258437929558786
0.10748724763509936
0.04455226368618988
0.1427951436175812
0.25928985505989943
0.404820199433209
0.42087752365474435
0.17525330916481735
0.06662439370348136
0.2278460640803539
0.18860493298148912
0.21010157287103856
0.373450145627826
0.5660929829855248
0.14300586594434503
0.09238698198316235
0.20825012294820824
0.3375749466586364
0.3536479726619111
0.1095774049480484
0.1104975939052565
0.11901224313565001
0.2758101031380022
0.12691887817817885
0.4824433470024734
0.014918358522764264
0.2056758115430968
0.18434310152747674
0.11550385979680707
0.15328447562111477
0.1998448700957176
0.015215739764732145
0.032633942423163885
0.17052232492868177
0.05874141743247054
0.058766702422208085
0.0
0.13907724482954206
0.11551816076337978
0.3948228469546344
0.08194602909651844
0.2589994762199366
0.045318623568501394
0.36481545361410095
0.2712738700694726
0.23534210780121054
0.11592458053003381
0.5364269625974232
0.22327633853311699
0.3276532703258604
0.09174495312438816
0.34886981857355664
0.145784159078412
0.2635410504767129
0.0
0.31923042011140357
0.4469931144209138
0.5490573691633003
0.035301998059989084
0.32304179596169763
0.20148674300208905
0.2733561724081548
0.4168506824780345
0.1977927284814724
0.38031865941192433
0.0
0.04393349181367462
0.3358243140152288
0.12768351032118766
0.2961326960763784
0.1850736529799586
0.08395515335639754
0.06948256038549298
0.18308904036625742
0.2520538979976088
0.19283768780380348
0.4365870538421024
0.22408059633254093
0.12679634005361612
0.13609109694964333
0.18143009868167018
0.17821925919157863
0.04084735691383005
0.2938282225430448
0.1582560509342044
0.21824153378787556
0.09137058595319869
0.1225075549843337
0.19538543621036705
0.07710913700613377
0.0
0.2103602695207169
0.11756468321853464
0.23276630913600282
0.23628097762982328
0.14493017020579488
0.08440162330762592
0.17265501420217294
0.4812789985105724
0.4163824113695866
0.024454641083378366
0.15749992255318607
0.30226898410501274
0.6456169628127829
0.3603376517524943
0.231249427090885
0.31488013093303857
0.16130597292218501
0.12990169043959746
0.367965672655908
0.17914215103751344
0.13561765434006195
0.04780353758414944
0.06342655977642012
0.035123832559868076
0.35408382529967125
0.1885047100724812
0.015449073444292244
0.301737210752707
0.33641689183190554
0.08943388583227213
0.23158830324815857
0.24898517701212214
0.2281272682714487
0.22971743217819224
0.2935335726068954
0.34672009347187466
0.2946353147994846
0.0739308786075207
0.28878689683156133
0.13040425392905813
0.03411790171026646
0.0
0.24506482341485597
0.2565263661545223
0.11117718829232306
0.45598054693898427
0.11698909695924083
0.0
0.0
0.02257363276997957
0.40427809745537013
0.3299755487469198
0.14240912369484932
0.0864585709413258
0.10310915798676462
0.31177046621238047
0.38377774398462694
0.26532024593279485
0.42203467298164604
0.20628381286023073
0.2146732807182132
0.19547416800095216
0.19846795408450954
0.10246101156679209
0.14718016949675375
0.34425605379840835
0.07788360428320056
0.21622875421890542
0.11896979623395586
0.285827148155967
0.09822121412245849
0.2451514564289499
0.07562575458736999
0.5476284396780009
0.1762344726647353
0.30677127482485594
0.25050133209988806
0.0575833842347725
0.14756984559079966
0.15642959309365934
0.062450258427979494
0.0
0.23387558508061526
0.17267273790768783
0.063859362875593
0.024485774379504027
0.1280433982970078
0.06410737171171046
0.0
0.35691306217759766
0.19858721063190757
0.12353764979984319
0.2483662526697406
0.21711194971223097
0.16978032812314198
0.08507897327690349
0.17337591742763864
0.046348755144902734
0.19921095997532096
0.14332613096964963
0.08067962687005567
0.2196909402162425
0.0
0.09754255530594108
0.3019799094021682
0.2167631427851692
0.15053079389540755
0.30863353052167664
0.19745554616089372
0.09311856677515241
0.3243211881285072
0.09578106085070622
0.13793909397930662
0.08773943364079026
0.14740610418598485
0.15639905801711362
0.09657005201847835
0.4635779624828096
0.0
0.1304769428277844
0.22827914920855102
0.3224688630239286
0.21189137010114945
0.02835965775896783
0.07564649648730626
0.3913986650818997
0.14873575745722492
0.3012758530892074
0.18936648976223197
0.31794370315311576
0.42994211804833926
0.25244327679579204
0.33902470754387765
0.13424646581686342
0.21762749333668602
0.11474404897671214
0.05961395501143927
0.10824558410124872
0.034482383562021476
0.11764865851604878
0.35593575025103863
0.058341381422644736
0.42635803261615485
0.32556570873246854
0.23967809354641031
0.030770479168962014
0.05278733855641849
0.565274544388509
0.10748614927512762
0.16335858775797465
0.09853759925526735
0.22565890277516445
0.10987809597490553
0.14367784923819155
0.13450612477762558
0.2369006973055432
0.2287531641161934
0.6758065567901432
0.08926409355349912
0.1818540617786647
0.13568544822490577
0.2055287038199567
0.2073497161221622
0.13098755976399293
0.03582622090438783
0.43472456995491926
0.21565816064720073
0.1774087653690078
0.2883332435586258
0.40613336502918534
0.20888691757499978
0.03845788653219635
0.020203828109636543
0.22299587484042027
0.0
0.20408503223869826
0.5286366904110267
0.0
0.17520597482924427
0.17797495696954937
0.38043034015767385
0.11611416472494031
0.16284893314907536
0.0
0.2057945754975796
0.14344285930735376
0.5769407267521112
0.07165244180877565
0.08741352500709876
0.12960409046444976
0.19425991765537665
0.28778410785070324
0.12354517433944816
0.016932738873925223
0.0
0.2731749863646947
0.06313245800783457
0.05209045276969141
0.2624955460795347
0.1831110097566507
0.08120262561982802
0.30787219632315593
0.11970546755248145
0.3244546274744466
0.18196562786826992
0.17930313316300972
0.2652261815714801
0.24826495546768698
0.40893923518080283
0.0
0.31147872010179906
0.21897350168853244
0.18679019300503893
0.17723928414187598
0.12762389663478646
0.129697586292751
0.1753367773644243
0.368855665143424
0.1919334124278038
0.26841888043887424
0.16755730962500864
0.2566064159402552
0.13450052267895818
0.5218425486543162
0.26316918834332753
0.057764062785283364
0.270800915622743
0.30964947834793033
0.30251912078863386
0.059825701383147044
0.16389205819303687
0.30731445820667624
0.2528410273995762
0.3294540940109702
0.18295906025989997
0.08649891853490871
0.0
0.07762528505728329
0.17947330729355282
0.11518653498559536
0.3196964276150671
0.12564337997789066
0.17568941838488433
0.1751968882515783
0.09623594236292923
0.13566600537065668
0.2416564748734949
0.35660540521356243
0.18852112765283635
0.23602972798641067
0.14619164409849592
0.11721473158653642
0.0
0.09753936200362509
0.0
0.0
0.17799227098695272
0.15282202522064733
0.0
0.13695094927607313
0.529396401923595
0.29014843140714663
0.4769721171423564
0.3402146494516522
0.2834943137471491
0.2613453408633911
0.19559819517107677
0.1448858196254102
0.11348125711341173
0.11634778267755548
0.3058681454242722
0.45122602219443325
0.16724348345227485
0.14346596947586326
0.15513880634707847
0.44187601335563
0.2062551112276871
0.16503495586604586
0.05054987547350071
0.20622288345485415
0.3883583402935129
0.1369256332293048
0.21090446131216703
0.3548055382312704
0.23353494974260552
0.46420773788181713
0.20360615083643555
0.2118437296684654
0.579752461442682
0.10972815575245251
0.14222787970085582
0.06410897365520699
0.32707837760475517
0.24535336613918407
0.3347439401406924
0.22506673165773342
0.2622891853699249
0.1105137335894218
0.2203457978937671
0.35596732824402444
0.13794280050076468
0.17723928414187598
0.045254888566453905
0.41636150486718443
0.039016242186891904
0.0
0.03110583810574356
0.34805793471239505
0.19936297700454753
0.2668421020163218
0.1049600436443462
0.20610188389136794
0.10757554285984401
0.08279679431749651
0.03525666979481282
0.42124250729827345
0.5415438188275997
0.25691258295409686
0.3345862662762998
0.06381753703593043
0.16266399766180914
0.3187184515220816
0.23685690503378068
0.22517046031026128
0.08811806908073605
0.13337993044829408
0.3129232266126364
0.0
0.19364227455732153
0.5001832687324068
0.2960412576283838
0.31383576695528215
0.08316177876355434
0.12393010478041269
0.10496004583076142
0.26313667950586545
0.2556292980367822
0.2739629796590827
0.0
0.2964740191147206
0.3448927517547184
0.15536560838846938
0.12698640856793086
0.18446397994826777
0.20947109500016
0.0639256255972015
0.380077455436918
0.28678533891610497
0.2703048568908036
0.09336850252993813
0.032828060380023776
0.20071287275438904
0.5001689038539057
0.06526788484632777
0.03680826310787635
0.2849231966444473
0.12476995094586225
0.16485985420420526
0.2911398210040376
0.4287137426747374
0.23177307791062182
0.0
0.057028046863578104
0.3995213893339428
0.3668155066646145
0.13859391284569936
0.09010826491081167
0.0
0.0
0.20393174523281948
0.16484155727947378
0.08872372843812877
0.08775450696597248
0.24240034371321936
0.3363325956729068
0.5309479739982318
0.10579409152550596
0.2887807524357786
0.25213861596429343
0.1201049740947057
0.0
0.3530481782170665
0.0
0.1632705971929151
1.0
0.2743853011756118
0.0660935656660491
0.10270435142209546
0.45360184315279556
0.542254595899739
0.4721479591537318
0.30422819143460245
0.09788198798457001
0.23147752767056443
0.4049199808649312
0.21308736430211933
0.13223915062593922
0.18146919334367898
0.2932088622333972
0.26448508560356754
0.15439655141973616
0.41621503871911963
0.40218116295515216
0.5243587704378277
0.13729046623382563
0.5129249597045967
0.3115181868867556
0.019056676416614064
0.6157613098367597
0.1359004940796634
0.0
0.336279949817036
0.1833708757225952
0.2972740038538813
0.25409787714079274
0.1692218869483503
0.0
0.2839478995705581
0.5908988014042725
0.47880303235989957
0.11189377702858117
0.1903308884873813
0.4242279316884735
0.5901433501426302
0.18576582817747775
0.20310334035735292
0.12314427287018555
0.20745021015010034
0.03386528572470158
0.32112523809725263
0.2155788087401833
0.1790841691946457
0.31485042828474485
0.1622750993253815
0.11653928826264147
0.26118162646401133
0.3256054375685812
0.14702396108641808
0.18399928848063085
0.3698347536887913
0.27615598906927374
0.1520601200505975
0.31968574805429634
0.023773371016879267
0.13098189635323518
0.2322318572464914
0.33038113880150993
0.26132825152205097
0.17269148446913285
0.19757582268859145
0.034624893332524075
0.052835679427930576
0.20896287343804276
0.22673106389202585
0.042180499044721605
0.4697874496506809
0.10241860334400539
0.12587660984176316
0.2173351609864931
0.5315244775677632
0.2971258639934024
0.43171545493730984
0.08949461361205496
0.19777432266926429
0.17621899863576032
0.4558370748312354
0.5284450095744763
0.30974091483232147
0.2787236801694802
0.1528220297750986
0.10537698106276017
0.32075754346322904
0.03176110186177544
0.08894528568507835
0.12019053697164638
0.19482053776671263
0.052909579881016106
0.26264793671907843
0.13659888637067835
0.37234995810669685
0.26208720379389394
0.6097933065558946
0.014342518934167936
0.34572640056242715
0.013587822146260172
0.1810984349357154
0.1264375625394708
0.14764914332016943
0.1460531292659085
0.07267833906508703
0.19028628844459983
0.04329167086321739
0.4363881669128132
0.1404384790395206
0.34022920600000006
0.028247221650786563
0.544844723527496
0.19811159084410446
0.4037166482805198
0.0
0.10174495940827208
0.2109884077506023
0.14581208560346642
0.07919450451529181
0.45623874945882126
0.3278773044811992
0.14533023303489429
0.10336556257500615
0.10934514200265409
0.0
0.11432945533332552
0.24000416626115312
0.13979933277822437
0.16390643616548894
0.29376588658981106
0.3153929422556577
0.06943122255386133
0.06405806068144215
0.2258214615758401
0.0
0.082171543759795
0.08789336828421869
0.1492241376484638
0.34441266672113025
0.17727577254266022
0.2244224018129873
0.0357533973563982
0.10983375584077369
0.22879754774715183
0.5666901912950574
0.2176395149729625
0.41593330856343524
0.15765220616729306
0.15476841043890852
0.4283854308527436
0.204083204774851
0.21326729921858206
0.1694046747772632
0.4298128831153101
0.4117830923482868
0.2547954536042048
0.28224687326440284
0.07896843574004848
0.06819463612200403
0.10384064826820755
0.21192250626611983
0.40505806610501816
0.29153999689276844
0.350618410602286
0.3009197307218479
0.23331822529312926
0.09688008028242853
0.49320683026722933
0.1866292014519151
0.06332567468539847
0.3229495341865745
0.10030199117168331
0.13311223133784894
0.4421299643888794
0.1714799118445717
0.04961696378987027
0.13543991011633072
0.011194559841845593
0.21361411671235345
0.16421959029574032
0.07314259570358474
0.31339703684321074
0.0
0.09962631708966413
0.49266602322652947
0.2464882024673003
0.07336392106371988
0.16276188758605142
0.4320332591976835
0.0
0.0
0.19699749713318926
0.05056383666414
0.0
0.3847424502136014
0.19132391489712453
0.4132277798556806
0.019028976368546356
0.11528155441323039
0.1523689906938432
0.1772867175633154
0.13283422855004415
0.5582159020944247
0.1996269679574651
0.11733541225151282
0.0
0.06321288820837644
0.08296944223443416
0.0
0.26684887477658764
0.02321714715927355
0.14300586594434503
0.0
0.07426390326957885
0.6311966472213176
0.07058455040773143
0.0
0.31707302726166864
0.10934524246318471
0.14287342840607598
0.32227087706042445
0.07074212278595259
0.4055584556531531
0.40623291559982905
0.05448860263572682
0.153735773634472
0.12262368932341762
0.3763334957095408
0.11965140276629409
0.32093326742005135
0.11247197959378653
0.2813515686261421
0.1324147238818631
0.13931198496652208
0.2657144757646991
0.3984370623665403
0.518795073468341
0.2949967763007655
0.1269558615361238
0.1368636579096284
0.06362078691860773
0.2878420966231794
0.0737935316346405
0.30218219238788097
0.4027645558871947
0.4217824018412971
0.31192330254835604
0.0
0.15732103148423796
0.19643274060136265
0.08337843699068412
0.06874748828911759
0.3275027498817614
0.3131513086474742
0.1860253018747975
0.1173501553343764
0.23404469431871475
0.31649209434725056
0.14766123964810215
0.2166344276335796
0.043721512644898146
0.3406655115917269
0.2624397531917645
0.09291440377973866
0.4939091096039349
0.18347974425427152
0.03774719261132311
0.40368444670376546
0.43033864900356544
0.6436672647711559
0.09768543030972854
0.42729139282753625
0.3394462383688708
0.26186573428485704
0.03708443808715702
0.4796224056529853
0.5381162092540523
0.3012846556721671
0.0
0.12665817056084117
0.04961696378987027
0.19532757584177463
0.6549966563396818
0.34312326699632695
0.29580298162646446
0.38167646076833717
0.1932516163824088
0.3057193550429279
0.09038995629383377
0.16099258773978997
0.44013203630371944
0.1620860182867352
0.19615278849411127
0.031856421217237946
0.3109588683389803
0.43170798604222455
0.014936195105088548
0.2625844115160866
0.06883048788075004
0.2724158660358741
0.2607795092076954
0.21815301707029305
0.3875001744670377
0.0740731084676072
0.2536314870658292
0.437960731392188
0.11174165378889964
0.09938549196080279
0.048268619401304336
0.11150882682140494
0.0
0.37970045083772663
0.44056459013301635
0.26264503859608895
0.07243641284010034
0.1235066185233445
0.061762752178389724
0.24080741567640232
0.3542465393962633
0.142015345528147
0.14308026021105233
0.1606658995432139
0.17736869453290044
0.27205206755458955
0.06006207334312519
0.04041613736974788
0.3795377363628166
0.020017677434613943
0.08464886327171164
0.0
0.33179787183193066
0.14122301487884464
0.06112468728485269
0.4201825015076714
0.274016992923243
0.013893625161719395
0.4287045765466674
0.2272278882937935
0.28320742122373116
0.22026818287000555
0.26857311681793794
0.17405982821544003
0.2114858912041306
0.26777484348521013
0.07299538679568764
0.4128797133171226
0.019076544794164426
0.1580614280093468
0.3197422977531665
0.05782717314629169
0.13867553155258833
0.04041613736974788
0.20386218611488371
0.24188342705238222
0.10778915486707714
0.0471278902163473
0.1449611275164846
0.07373113824678337
0.11091655282152145
0.2817594846886807
0.0
0.3595818170751553
0.17515965312477913
0.09949667737583777
0.43111362446829526
0.41289737558690676
0.09133418285244159
0.20391927315784417
0.2702058611989387
0.08186236619470834
0.05661324702427321
0.18851327036222454
0.4158504078292294
0.30225810208264414
0.05970084528440176
0.08414969431021714
0.2387899773688803
0.349878789897337
0.04134747031779215
0.039372108867657914
0.051524779195839324
0.2735076319501863
0.2919764336842133
0.0
0.3249902802854456
0.0
0.24952584336074127
0.2785984155609603
0.23715132925741203
0.0
0.0
0.27600736578841806
0.23289700664581203
0.22723292818788635
0.18427194253765752
0.14399097569815109
0.48605611143227423
0.356980876726925
0.10713680183514761
0.2107847304678077
0.20907004013860045
0.07756282693297369
0.09408125943616923
0.20113841174840488
0.5031424123076799
0.2307811623260479
0.014936195105088548
0.2509430043835111
0.1668257570239723
0.10654784661158062
0.25763812313875806
0.3093140930708762
0.3326100155767873
0.06625422567104446
0.06356346313838311
0.30381195713729126
0.05560589991117492
0.08404956438079111
0.14367728394520615
0.18393274836270132
0.13633907815523885
0.03983497836303621
0.22170383368747715
0.14304099534429474
0.4706860191660643
0.2606468998909177
0.07940001181892999
0.22426319986920515
0.025918373676688127
0.46565952494842994
0.2110234193018448
0.1689826848625897
0.5245387180883725
0.3975800340846829
0.09225659595851997
0.14004400129106162
0.18675293867598325
0.0
0.06506299887641215
0.0673593547066169
0.36556391863023974
0.06332246268956401
0.1497816060843052
0.22424298157760028
0.0295953176632379
0.3964326732509422
0.18119878696385658
0.2012429210288345
0.4116889518678507
0.27006376559757195
0.23818042217270194
0.30075994875029394
0.4442492373009947
0.5848457420545465
0.10092188666724929
0.24427906297633448
0.1066648734099896
0.2579859522334439
0.21786442908797649
0.0627163345667684
0.19460334209755342
0.28577565807736727
0.3765298572349001
0.06033616829999339
0.12902561622998904
0.07176571108050789
0.1417944791279758
0.1241312632690794
0.15061997318571924
0.10209958220914121
0.30842992185365553
0.4061056605043701
0.11961680218902619
0.021206928972869243
0.12418924045597436
0.3731196252379353
0.09869546058175081
0.422076501291357
0.2322801557029367
0.032550471515139304
0.2617344737153762
0.30030580368103543
0.4119468089340818
0.29117333519030547
0.34538763731356414
0.1994961241508404
0.3424805795709587
0.3818484675558976
0.0
0.2551476109633729
0.21650459615430043
0.18500117571502056
0.17778589229349087
0.0
0.2191698234106006
0.04770793604137619
