0.5582892207601963
0.9297916147949259
0.0
0.3903800445186212
0.660839798122932
0.0
0.6992148250297936
0.0
0.5074316408034651
0.47036527590874033
0.0
1.0
0.0
1.0
0.3718104958026913
0.47703822813501523
0.27657323469559547
0.0
0.0
0.0
0.0
0.18154178830288964
0.4934732955748305
0.0
0.0
0.0
0.0
0.0
0.47036527590874033
0.6992148250297936
0.0
0.0
0.0
0.5221293345260122
0.0
0.850344894050283
0.786013732485877
0.615263178494034
0.0
0.1951900222593106
0.4121943796963693
0.0
0.21398626751412297
0.0
0.8687949259683276
0.22342676530440453
0.0
0.0
0.16958010093853398
0.27303536382951
0.6164336315473431
0.0
0.24842743033001066
0.0
1.0
0.0
0.8304198990614661
1.0
0.0
0.0
0.0
0.0
0.0
0.3156484565771367
1.0
0.15101961361645377
0.0
0.0
0.0
0.44685353060880906
0.7156488350085173
0.0
0.6309297680854797
1.0
0.33916020187706797
0.0
0.15969697087959372
0.0
0.0
0.09797563715511069
0.0
0.0
0.1460683556386027
0.0
0.09404673578265882
0.5498075430684429
0.21398626751412297
0.2070502313925009
0.0
0.786013732485877
0.1460683556386027
0.6164336315473431
0.0
0.16958010093853398
0.1460683556386027
0.38356636845265696
0.0
0.08479005046926699
0.1312050740316724
0.19687407608286536
0.0
0.33916020187706797
0.8304198990614661
0.0
0.0
0.0
0.10699313375706149
0.0
0.0
0.0
0.0
0.0
0.16812754226873525
0.5536907181505016
0.0
0.34686446837144336
0.21836974719455368
0.0
0.18148604598834192
0.25437015140780095
0.786013732485877
0.7227265703297249
0.0
0.6992148250297936
0.0
0.0
0.4692787228264419
0.0
0.12421371516500533
0.3156484565771367
0.07816178950877475
0.0
1.0
0.1312050740316724
0.586945259711378
0.8687949259683276
0.3903800445186212
0.0
0.0
0.38356636845265696
0.0
0.47036527590874033
0.30078517497020635
0.0
0.3124164829772125
0.0
1.0
0.0
0.0
0.6399453768472743
0.786013732485877
0.0
0.209002768839754
0.8539316443613972
0.4461143980077919
0.0
0.0
0.07020838520507416
0.14837017471384892
0.0
0.3600546231527257
0.660839798122932
0.660839798122932
0.34686446837144336
0.0
0.6399453768472743
0.2070502313925009
0.5531464693911909
0.23518263795437017
0.2532633522125847
0.0
0.0
0.8687949259683276
0.586945259711378
0.16957810734949733
0.0
0.5531464693911909
0.5
0.0
0.5296347240912597
0.1375554903420129
0.0
0.0
0.0
0.1460683556386027
0.09797563715511069
0.0
0.39732200456978667
1.0
0.41755841330718524
0.0
0.788329107345561
0.43067657947540283
0.5087403028156019
0.6399453768472743
0.4912596971843981
0.6992148250297936
0.8687949259683276
0.38356636845265696
0.5730341778193013
0.0
0.27727342967027513
0.0
0.7648173620456298
0.6164336315473431
0.08479005046926699
0.44921462652280614
0.6934264063455403
0.0
0.32298825825800087
0.4603135836050856
0.33916020187706797
0.0
0.0
0.0
0.16958010093853398
0.4254845316565481
0.5895040561993076
0.0
0.0
0.0
0.0
0.6201049716811229
0.1460683556386027
0.5509127142108408
0.0
0.0
0.5346694052538249
0.44685353060880906
0.3903800445186212
0.0
0.5743428398314381
0.13777597395434457
0.3354350485545651
0.0
0.0656025370158362
0.0
0.14038609301738755
0.31939394175918745
0.44685353060880906
0.5531464693911909
0.0
0.16958010093853398
0.0
0.0
0.0
0.0
0.0
0.4226415903341982
0.0
0.6992148250297936
0.0
0.0
0.6309297680854797
0.0
0.4852285575156707
0.786013732485877
0.2532633522125847
0.5296347240912597
0.0
0.6399453768472743
0.16958010093853398
0.0
0.16958010093853398
0.15101961361645377
0.660839798122932
0.0
0.0
0.5531464693911909
0.0
0.27657323469559547
0.7467366477874152
0.0
0.8687949259683276
0.47036527590874033
0.0
0.3868528126910807
0.8539316443613972
0.33916020187706797
0.0
0.0
0.5508310945315069
0.660839798122932
0.30488344558608427
0.33321648400475934
0.0
0.8687949259683276
0.6548086584542047
0.41520994953073304
0.0
0.33916020187706797
0.44685353060880906
0.0
0.1312050740316724
0.5714473519999376
0.0
0.37381935278950773
0.0
0.9269658221806987
0.5296347240912597
0.0
0.5
0.20210735516747766
0.0
0.5147714424843294
0.15039258748510317
0.0
0.0
0.21398626751412297
1.0
0.0
0.0
0.6309297680854797
0.7957607481490262
0.2960819157603371
0.22460731326140307
0.48824412735003436
0.5087403028156019
0.1460683556386027
0.34519134154579534
0.0
0.786013732485877
0.3156484565771367
0.0
0.0
0.19178318422632848
0.33916020187706797
0.0
0.7227265703297249
0.0
0.0
0.0
0.5625869671814725
0.3903800445186212
0.786013732485877
0.6548086584542047
