0.6310841412824717
0.9297916147949259
0.0
0.3903800445186212
0.4288398094788381
0.0
0.7385567776997191
0.0
0.5456102592636964
0.37859880147495134
0.0
1.0
0.0
1.0
0.33288542015711553
0.5459857140021898
0.31384583299812857
0.0
0.0
0.0
0.0
0.47923501252508
0.6392209670926589
0.0
0.0
0.17281748336029412
0.0
0.15901274745062077
0.5116508109474204
0.8048110033707636
0.0
0.0
0.0
0.6012026751946647
0.0
0.850344894050283
0.8611375548922774
0.7146550123300839
0.0
0.1951900222593106
0.44844255138783634
0.0
0.3437842643184017
0.0
0.8512360980477356
0.4800130794161068
0.0
0.13012668538428437
0.2059083988120896
0.22793604824363922
0.7510916732966976
0.0
0.2875271334075878
0.147019502182195
1.0
0.03788716732472555
0.7542686701795144
1.0
0.0
0.0
0.3333333432674408
0.0
0.0
0.4138836208124997
0.9337457743289556
0.38138086140458266
0.0
0.0
0.0
0.43277251017511187
0.644948924853426
0.07839826893635371
0.6309297680854797
1.0
0.36479718120008703
0.0
0.15969697087959372
0.0
0.0
0.30009881738812055
0.0
0.0
0.11838279739679067
0.0
0.22494877763613974
0.5662635130263117
0.2784805940289022
0.21287668562168927
0.0
0.643121137034744
0.1460683556386027
0.7510916732966976
0.13698471016874283
0.34800042871229775
0.23944086234927714
0.32730659563965614
0.09546043429280768
0.06370866695224885
0.11706258998752612
0.19687407608286536
0.0
0.5058519995120764
0.745301623797022
0.10905082182054117
0.0
0.0
0.2851984743906062
0.3562071919441223
0.14804095788016855
0.0
0.0
0.0
0.4214054231296861
0.7061747555073655
0.14201905585496144
0.470862343530528
0.20260977155133614
0.0
0.21875699602900642
0.39160980142032975
0.7241528447235345
0.6168295813846771
0.0
0.5836175886304135
0.0
0.20013668321805902
0.7613569401239443
0.2429718244730397
0.22121986328568882
0.38532599613225554
0.3352467921400597
0.19229432295381432
0.9266360767498649
0.2425963410070623
0.7057973677651632
0.9148568849663433
0.3903800445186212
0.0
0.0
0.5999767540333047
0.0
0.7217553851216095
0.3984279324690237
0.0
0.38843266379455343
0.0
1.0
0.0
0.0
0.41528075982039603
0.7215194059710978
0.0
0.2596870530942061
0.8389574065870765
0.4913384139101044
0.0
0.0
0.16993329609697108
0.2425121608150665
0.0
0.3783033074569998
0.5806020016653269
0.7799082368088404
0.40395546512677677
0.0
0.6235540413464019
0.37095704997253737
0.6023367071173319
0.25910847519806546
0.46812887993546315
0.14201905585496144
0.19409555230491551
0.8364586160299896
0.7057973677651632
0.23658604762941027
0.0
0.5889837132306146
0.5
0.0
0.4131279169990428
0.23370265181892003
0.12987501258965217
0.0
0.0
0.10893649661066122
0.06978418968337607
0.11722325820413583
0.5363781840187862
0.8701249874103478
0.6225971530555302
0.04346365311412228
0.7576852041386604
0.43067657947540283
0.47293279059073584
0.7000949614793539
0.397192196819612
0.5231737985946225
0.7670273934761284
0.2860604284495949
0.4510314149711039
0.0
0.24936270532939694
0.0
0.6808255866728722
0.6777277500465625
0.12445416335165123
0.4188453522453941
0.6934264063455403
0.0
0.2790285009391692
0.4343101679257258
0.42836504471716547
0.0
0.0
0.0
0.17630010726662426
0.5317479081394907
0.550989629826502
0.1353921325704309
0.0
0.3333333432674408
0.0
0.5459648896976177
0.20024172788110028
0.49425595631540925
0.42278983970045675
0.0
0.5517422196965996
0.5079937822286487
0.5032251836073766
0.07336392325013509
0.5244713944900565
0.2663174420751909
0.4122759889995061
0.0
0.2566552746780878
0.0
0.2403991649808475
0.4201515145602031
0.4932163002109027
0.5036067029062804
0.11284513908875529
0.20626588909209242
0.0
0.0
0.0
0.0
0.0
0.41142153356539707
0.0
0.5933607249619408
0.0
0.0
0.6309297680854797
0.09791292548706874
0.5125399106784603
0.6126683575055145
0.2532633522125847
0.6214011985250487
0.22044053289408294
0.6145869949639096
0.3312392963359299
0.0
0.25206493745054126
0.27417080909312025
0.5716349552828345
0.06625422567104446
0.10321968384403947
0.4323181315490174
0.0
0.28143802665384776
0.7105596617257883
0.0
0.8454256624124821
0.5264282929651664
0.0
0.6052602505308277
0.8357804097042597
0.3144956430659947
0.0
0.0
0.46553122297693267
0.7065443135587053
0.4567020712356206
0.5650929768865707
0.0
0.7702043903589452
0.6403089916337149
0.47427027981840464
0.16716045609713098
0.362110819046121
0.6410457917011178
0.0
0.1312050740316724
0.7100246184929285
0.07834851759332907
0.3556970607134603
0.0
0.8026027104757982
0.5501126271677856
0.0
0.5
0.3501483130476462
0.10517431670943896
0.3340514417369591
0.19434239806874817
0.0
0.23001683089089991
0.21398626751412297
0.9337457743289556
0.0
0.0
0.6309297680854797
0.6160473913371584
0.4632423718574681
0.27441144645934273
0.41223876911108664
0.5481540626442727
0.22784037721434805
0.302403829077733
0.28906482458114624
0.8611375548922774
0.2832325182738125
0.10926549247200662
0.0
0.31051160826116814
0.2350455457750841
0.0
0.6901935046348122
0.0
0.10644692186919044
0.0
0.5583768462184939
0.3903800445186212
0.7877736316421422
0.5606114607535242
