0.523644816356194
0.9520727789303961
0.0
0.3903800445186212
0.660839798122932
0.0
0.6992148250297936
0.0
0.3869772124151777
0.47036527590874033
0.0
1.0
0.0
1.0
0.31920241970650187
0.5151571349255532
0.1843821564637303
0.0
0.0
0.0
0.0
0.18154178830288964
0.3937506787409237
0.0
0.0
0.0
0.0
0.0
0.47036527590874033
0.6992148250297936
0.0
0.0
0.0
0.4166158163040628
0.0
0.850344894050283
0.786013732485877
0.5341963188716723
0.0
0.1951900222593106
0.3878496537566022
0.0
0.21398626751412297
0.0
0.8687949259683276
0.14895117686960302
0.0
0.0
0.16958010093853398
0.2616878508965027
0.6164336315473431
0.0
0.2625111852968305
0.0
1.0
0.0
0.8304198990614661
1.0
0.0
0.0
0.0
0.0
0.0
0.3156484565771367
1.0
0.15101961361645377
0.0
0.0
0.0
0.44685353060880906
0.756220131105575
0.0
0.6309297680854797
1.0
0.33916020187706797
0.0
0.12103812654063348
0.0
0.0
0.07817641598004023
0.0
0.0
0.1460683556386027
0.0
0.06934854736921958
0.4054192219127141
0.21398626751412297
0.16520887730975475
0.0
0.786013732485877
0.1460683556386027
0.6164336315473431
0.0
0.16958010093853398
0.1460683556386027
0.38356636845265696
0.0
0.05652670031284466
0.1312050740316724
0.13869012504799366
0.0
0.33916020187706797
0.8304198990614661
0.0
0.0
0.0
0.07132875583804099
0.0
0.0
0.0
0.0
0.0
0.16812754226873525
0.572168335840599
0.0
0.33185624782082734
0.16102233247438585
0.0
0.18583510691190772
0.16958010093853398
0.786013732485877
0.7227265703297249
0.0
0.6992148250297936
0.0
0.0
0.4692787228264419
0.0
0.08750372843227683
0.3156484565771367
0.0533565521275108
0.0
1.0
0.1312050740316724
0.46833353793929294
0.8687949259683276
0.3903800445186212
0.0
0.0
0.38356636845265696
0.0
0.47036527590874033
0.30078517497020635
0.0
0.3108820460807984
0.0
1.0
0.0
0.0
0.6399453768472743
0.786013732485877
0.0
0.14723431709496262
0.8539316443613972
0.4276534843938708
0.0
0.0
0.04792722106960394
0.10128377319711473
0.0
0.3600546231527257
0.660839798122932
0.660839798122932
0.33185624782082734
0.0
0.6399453768472743
0.16520887730975475
0.5531464693911909
0.2133151256157581
0.2020831070863588
0.0
0.0
0.8687949259683276
0.46833353793929294
0.17919176598805742
0.0
0.5531464693911909
0.5
0.0
0.5296347240912597
0.104256572649262
0.0
0.0
0.0
0.1460683556386027
0.07817641598004023
0.0
0.39732200456978667
1.0
0.46067715964400874
0.0
0.766461595006949
0.43067657947540283
0.5087403028156019
0.6399453768472743
0.4912596971843981
0.6992148250297936
0.8687949259683276
0.38356636845265696
0.4307122370924018
0.0
0.27727342967027513
0.0
0.6864231493941731
0.6164336315473431
0.05652670031284466
0.43661235502647944
0.6934264063455403
0.0
0.25906053018255804
0.36729198439611355
0.33916020187706797
0.0
0.0
0.0
0.16958010093853398
0.31374543680754785
0.5177220556386491
0.0
0.0
0.0
0.0
0.4947922322841031
0.1460683556386027
0.5021695362955575
0.0
0.0
0.3942566030447408
0.44685353060880906
0.3903800445186212
0.0
0.552475327492826
0.10159378288464728
0.350985213303715
0.0
0.04373502467722413
0.0
0.10961051039999384
0.24207625308126696
0.44685353060880906
0.5531464693911909
0.0
0.16958010093853398
0.0
0.0
0.0
0.0
0.0
0.3869772124151777
0.0
0.6992148250297936
0.0
0.0
0.6309297680854797
0.0
0.4852285575156707
0.786013732485877
0.2020831070863588
0.5296347240912597
0.0
0.6399453768472743
0.16958010093853398
0.0
0.16958010093853398
0.15101961361645377
0.660839798122932
0.0
0.0
0.5531464693911909
0.0
0.24090885677657498
0.5958337858272824
0.0
0.8687949259683276
0.47036527590874033
0.0
0.3868528126910807
0.8539316443613972
0.33916020187706797
0.0
0.0
0.4724368818800501
0.660839798122932
0.282946615748226
0.3222417739595163
0.0
0.8687949259683276
0.6548086584542047
0.2768066330204887
0.0
0.33916020187706797
0.44685353060880906
0.0
0.1312050740316724
0.46826012979365217
0.0
0.3494746268497406
0.0
0.9026210962409316
0.5296347240912597
0.0
0.5
0.20210735516747766
0.0
0.5147714424843294
0.10026172499006879
0.0
0.0
0.21398626751412297
1.0
0.0
0.0
0.6309297680854797
0.7714160222092591
0.2960819157603371
0.1792179695232196
0.4307122370924018
0.5087403028156019
0.1460683556386027
0.34519134154579534
0.0
0.786013732485877
0.3156484565771367
0.0
0.0
0.12785545615088564
0.33916020187706797
0.0
0.7227265703297249
0.0
0.0
0.0
0.488111378746671
0.3903800445186212
0.786013732485877
0.6548086584542047
