0.5937602132146319
0.9520727789303961
0.0
0.3903800445186212
0.4288398094788381
0.0
0.7385567776997191
1.0
0.44461279258649566
0.37859880147495134
1.0
1.0
0.0
1.0
0.29611852870954297
0.5647950705385467
0.2323742961833728
0.0
0.0
0.0
0.0
0.47923501252508
0.541533924338058
1.0
1.0
0.1839344460359214
0.0
0.17171905009281072
0.5116508109474204
0.8048110033707636
0.0
1.0
1.0
0.5602663413950445
0.0
0.850344894050283
0.8611375548922774
0.6293870544186284
0.0
0.1951900222593106
0.42160211915234913
1.0
0.31580585508953196
0.0
0.8512360980477356
0.43762068300035334
1.0
0.13012668538428437
0.1946746889436718
0.22967478543736697
0.7510916732966976
1.0
0.2895974085986376
0.1370275899171265
1.0
0.02553779760316607
0.7542686701795144
1.0
1.0
0.0
0.3333333432674408
0.0
1.0
0.4138836208124997
0.9337457743289556
0.38138086140458266
0.0
0.0
1.0
0.43277251017511187
0.6988954900595237
0.07839826893635371
0.6309297680854797
1.0
0.3614957436908466
1.0
0.12103812654063348
0.0
0.0
0.2468709290893555
0.0
1.0
0.11838279739679067
1.0
0.2165128886369821
0.4479436602081647
0.2784805940289022
0.17884089216484997
0.0
0.643121137034744
0.1460683556386027
0.7510916732966976
0.13698471016874283
0.3364285582866542
0.23944086234927714
0.32730659563965614
0.09546043429280768
0.04483142096974917
0.11706258998752612
0.13869012504799366
0.0
0.5058519995120764
0.745301623797022
0.09238545437795011
0.0
1.0
0.23946943793540526
0.3562071919441223
0.14804095788016855
0.0
0.0
0.0
0.4214054231296861
0.6857775372804865
0.14201905585496144
0.5002121507477785
0.15228752902282724
0.0
0.21186647597407154
0.3384861001241103
0.7241528447235345
0.6168295813846771
0.0
0.5836175886304135
1.0
0.20013668321805902
0.7613569401239443
0.2429718244730397
0.16154740851758537
0.38138127779293424
0.28325807100954997
0.21861665064653382
0.9266360767498649
0.2425963410070623
0.597935984627889
0.9148568849663433
0.3903800445186212
0.0
1.0
0.5999767540333047
0.0
0.7217553851216095
0.3984279324690237
1.0
0.414033717442696
1.0
1.0
1.0
1.0
0.41528075982039603
0.7215194059710978
1.0
0.19684224404012457
0.8389574065870765
0.5057305650101552
0.0
0.0
0.15829462529794583
0.17824865235034001
0.0
0.3783033074569998
0.5806020016653269
0.7799082368088404
0.41067790132899207
0.0
0.6235540413464019
0.3142666423258573
0.6172780352869557
0.23387558508061526
0.39658847643945244
0.14201905585496144
0.21399300457305176
0.8364586160299896
0.597935984627889
0.26282885311395354
1.0
0.5889837132306146
0.5
0.0
0.4131279169990428
0.17712878953143993
0.12987501258965217
1.0
0.0
0.10893649661066122
0.05911962848758073
0.11077480778284718
0.5363781840187862
0.8701249874103478
0.6240750912423947
0.029865657422480128
0.7819305591474258
0.43067657947540283
0.47293279059073584
0.7000949614793539
0.397192196819612
0.5231737985946225
0.7670273934761284
0.2860604284495949
0.36490785356570427
1.0
0.24936270532939694
0.0
0.6177257864270469
0.6777277500465625
0.10611318308572126
0.41347158189105704
0.6934264063455403
1.0
0.23754377982195213
0.36793800848939695
0.42836504471716547
0.0
0.0
1.0
0.17630010726662426
0.46627591943639374
0.5357406295421808
0.09810357530874071
0.0
0.3333333432674408
0.0
0.5067049014672024
0.18717534972504135
0.4677775625179396
0.42278983970045675
1.0
0.47502336512213283
0.5079937822286487
0.5032251836073766
0.07336392325013509
0.5102808753177804
0.25630672353293665
0.40458731200855264
1.0
0.2424647555058117
0.0
0.18769861463428147
0.3184428101890498
0.4932163002109027
0.5036067029062804
0.11284513908875529
0.20626588909209242
1.0
1.0
1.0
1.0
0.0
0.38437459058470846
1.0
0.5933607249619408
1.0
0.0
0.6309297680854797
0.09791292548706874
0.5048270060193569
0.6126683575055145
0.2020831070863588
0.6214011985250487
0.22044053289408294
0.6145869949639096
0.3312392963359299
0.0
0.25206493745054126
0.27417080909312025
0.5716349552828345
0.06625422567104446
0.108485283316883
0.4323181315490174
1.0
0.23711560632134485
0.6019704951807552
0.0
0.8454256624124821
0.5264282929651664
0.0
0.6052602505308277
0.8357804097042597
0.3214610756988912
1.0
1.0
0.40308687284715305
0.7065443135587053
0.4395564081969755
0.5804628915622428
0.0
0.7702043903589452
0.6403089916337149
0.3618417566018507
0.16716045609713098
0.362110819046121
0.6410457917011178
1.0
0.1312050740316724
0.6182831578838881
0.07834851759332907
0.3283271289975036
1.0
0.7338892092894592
0.5501126271677856
0.0
0.5
0.3501483130476462
0.09457085222300433
0.3340514417369591
0.15076852768536803
1.0
0.23001683089089991
0.21398626751412297
0.9337457743289556
1.0
0.0
0.6309297680854797
0.5670316241895929
0.4632423718574681
0.23247533346769875
0.37353714788277514
0.5481540626442727
0.22784037721434805
0.302403829077733
0.28906482458114624
0.8611375548922774
0.2832325182738125
0.11188388817849912
1.0
0.21850522529978766
0.2350455457750841
1.0
0.6901935046348122
1.0
0.09017948769063674
0.0
0.452986603197542
0.3903800445186212
0.7877736316421422
0.5606114607535242
