0.257767025231148
0.14041677041014833
0.0
0.5585075867873565
0.0
1.0
0.44685353060880906
0.0
0.8304198990614661
0.1460683556386027
0.0
0.786013732485877
0.7618017922112661
0.660839798122932
0.3156484565771367
0.0
0.6473770176507395
0.0
0.0
0.0
0.0
0.0
0.7467366477874152
0.0
0.0
0.27727342967027513
0.0
0.20544919237219525
0.6992148250297936
0.0
0.0
0.0
0.0
0.15979138807603727
0.6309297680854797
0.2640681333451695
0.660839798122932
0.08447694832226785
0.0
0.0
0.1460683556386027
0.0
0.6917831842263285
0.0
0.6399453768472743
0.23819820778873388
0.0
0.0
0.0
0.6421755824957414
0.8304198990614661
0.0
0.29379182251450264
0.3219028163984902
0.8687949259683276
0.4852285575156707
0.30078517497020635
0.0
0.0
0.0
0.0
0.0
0.0
0.34519134154579534
1.0
0.15101961361645377
0.0
0.0
0.0
0.44685353060880906
0.38360109462783126
0.4912596971843981
0.0
0.0
0.4121943796963693
0.0
0.5209090873612188
0.2172350131344699
0.0
0.0
0.5855700667779318
0.0
0.8304198990614661
0.0
0.49392169510324285
0.6685622041261108
0.0
0.26886598231342745
0.0
0.786013732485877
0.34519134154579534
0.660839798122932
0.44685353060880906
0.30078517497020635
0.21398626751412297
0.33916020187706797
0.0
0.0
0.34519134154579534
0.12421371516500533
0.0
0.0
0.8687949259683276
0.6487610106323046
0.20210735516747766
0.0
0.5743428398314381
0.0
0.23463936141322095
0.0
0.0
0.09797563715511069
0.0
0.08447694832226785
0.6548086584542047
0.0
0.08447694832226785
0.0
0.07816178950877475
0.18002731157636284
0.0
0.0
0.0
0.660839798122932
0.0
0.27727342967027513
0.0
0.15101961361645377
0.6421755824957414
0.1460683556386027
0.0
0.0
0.786013732485877
0.0
0.4778706654739878
0.8304198990614661
0.0
0.33916020187706797
0.0
0.8539316443613972
0.3868528126910807
0.0
0.8539316443613972
0.0
0.4501924569315571
0.0
1.0
0.0
0.0
0.21398626751412297
1.0
0.0
0.27303536382951
1.0
0.16095034142139328
0.15101961361645377
0.0
0.0
0.1609514081992451
0.0
0.0
0.21398626751412297
0.21398626751412297
0.07616128774664462
0.0
0.5147714424843294
0.15979138807603727
0.21599512450093938
0.8687949259683276
0.413054740288622
0.5087403028156019
0.4537151149708548
0.6843515434228633
0.12663167610629236
0.19687407608286536
0.0
0.33916020187706797
0.0
0.0
0.5296347240912597
0.0
0.1460683556386027
0.0
0.0
0.27727342967027513
0.6487610106323046
0.5433994537280417
0.0
0.4912596971843981
0.0
0.21398626751412297
0.26481736204562983
0.38685280084609985
0.6843515434228633
1.0
0.5147714424843294
0.5087403028156019
0.0
0.0
0.5
0.0
0.5531464693911909
0.0
0.40476273889290415
0.660839798122932
0.27958880452995916
0.3623379464499749
0.0
0.0
0.16958010093853398
0.10907459423739019
0.0
0.0
0.33916020187706797
0.0
0.8304198990614661
0.5346694052538249
0.11450494890617528
0.0
0.0
0.38685280084609985
0.0
0.0
0.1312050740316724
0.0
0.0
0.0
0.4965085174363662
0.27727342967027513
0.24630239095333292
0.1312050740316724
0.37381935278950773
0.0
0.0
0.0
0.44685353060880906
0.0
0.0
0.0
0.30078517497020635
0.4852285575156707
0.0
0.0
0.0
0.0
0.0
0.0
0.0
0.23518263795437017
0.0
0.4852285575156707
0.0
0.0
0.0
0.16958010093853398
0.4034540768807674
0.0
0.0
0.660839798122932
0.0
0.1312050740316724
0.21398626751412297
0.0
0.4912596971843981
0.41442993322206817
0.1460683556386027
0.1460683556386027
0.0
1.0
0.0
0.27727342967027513
0.7467366477874152
0.0
1.0
1.0
0.0
0.0
0.30078517497020635
0.0
0.0
0.0
0.7840048754990606
0.0
0.0
0.0
0.0
0.660839798122932
0.660839798122932
0.3930068662429385
0.4692787228264419
0.8687949259683276
0.6843515434228633
0.0
0.0
0.2959909948945172
0.33916020187706797
0.5
0.0
0.22342676530440453
0.47036527590874033
0.0
0.0
0.2960819157603371
0.42565716016856187
0.6399453768472743
0.6578242282885683
0.0
0.33916020187706797
0.1460683556386027
0.5147714424843294
0.0
0.5769742438819121
0.0
0.5656025370158362
0.0
0.0
0.21167089265443892
0.786013732485877
0.6399453768472743
0.3600546231527257
0.0
1.0
0.0656025370158362
0.0
0.0
0.5
0.0
0.0
0.0
0.0
0.36684161946853816
0.0
0.5
0.0
0.660839798122932
0.6843515434228633
