0.541533924338058
0.5237881160136086
0.0
0.2519013185377548
0.7819835821424668
0.9060254394071405
0.35359815128972316
0.0
0.6555412851877703
0.42914113466620046
0.0
0.7951657506625412
0.8475305923961671
0.7818048754938743
0.23379120648393342
0.4702396210827577
0.6538651114957525
0.0
0.09364787652281743
0.0
0.0
0.5307212771735581
0.30018266674316324
0.0
0.0
0.3756707763574989
0.0
0.5151571349255532
0.8006937648564865
1.0
0.0
0.0
0.0
0.10512364426567555
0.6309297680854797
0.3868528126910807
0.6851198690669614
0.6681670958333477
0.0
0.5716190985969279
0.16354138397001033
0.0
0.5118207898983884
0.23463936141322095
0.5548010251182706
0.4338574841478524
0.0
0.11284513908875529
0.5319051358319805
0.0800013722675296
0.7848572838778015
0.0
0.6527145048204376
0.2953716645768526
0.7162874498902326
0.34000836809110674
0.9337457743289556
0.28906482458114624
0.0
0.0
0.0
1.0
0.0
0.35895420829888225
1.0
0.38535857040233246
0.0
0.0
0.0
0.905211632258121
0.3148267934502369
0.07839826893635371
0.0
0.0
0.34225720693252965
0.0
0.3463328257305289
0.19797631824100687
0.0
0.5534110321892217
0.16812754226873525
0.0
0.291810456262864
0.0
0.16879675398843538
0.54005711406845
0.2837125501097673
0.07994251074851268
0.14209201530075388
0.5552448564773093
0.32097940127118446
0.7116179491265561
0.32806229945311305
0.5766693009690531
0.5135285458864002
0.483314843366361
0.19092086858561536
0.056570956070772706
0.3748920266923742
0.44884805433825176
0.0
0.1883391857897703
0.4858136339234479
0.31505885724199584
0.0
0.0
0.6039793634395118
0.0
0.6132756757567165
0.0
0.43067657947540283
0.6776909951664492
0.0
0.6528389412960601
0.44803002402881265
0.0
0.4674725850349516
0.3816216860025858
0.32523863007817555
0.46754404681811096
0.1993062351435135
0.5309999101055379
0.0
0.772159622785652
0.0
0.0
0.3826803192933895
0.4822987255187547
0.3251477658485171
0.22320663502095664
0.07133100152435058
0.0
0.8572048541960036
0.0707557629915963
0.2559799136675525
0.9305687774461386
0.0
0.28263350493347716
0.0
0.4451010912584244
0.18457570391786032
0.5447919810413959
1.0
0.0
0.5986129265974903
0.0
1.0
0.0
0.0
0.6618313197487639
0.7885497215911772
0.0
0.3568671036466421
1.0
0.3120464011691621
0.23599633456542177
0.0
0.0
0.3528228170824897
0.0
0.1517621921864888
0.3693362610745074
0.2588097835478442
0.3305327398879481
0.0
0.5135081597508221
0.6041764618680686
0.5093185899731152
0.7799082368088404
0.5510298231435069
0.9363792130813923
0.29340055496518996
0.9266360767498649
0.6222542630904915
0.0405745822142244
0.0
0.30260241035219154
0.0
0.15642624560401258
0.5114532005527739
0.12103812654063348
0.0
0.0
0.39273186551524736
0.6855770498215018
0.34599058151320267
0.5487483612939745
0.0
0.8899541184044202
0.522961921579006
0.04077296660618265
0.3209196659236018
1.0
0.8115558494680665
0.8236998927333757
0.7799082368088404
0.5370079561354381
0.6049224012265877
0.4465180074655807
0.2786458754892135
0.0
0.12987501258965217
0.0
0.33658734450611194
0.9305687774461386
0.37859880147495134
0.35070567023206384
0.0
0.0
0.19518899662923644
0.47430330547635097
0.06362078691860773
0.43067657947540283
0.6563033055548185
0.0
0.8669479905275309
0.6293870544186284
0.1323842108315131
0.0
0.0
1.0
0.45221360587201115
0.0
0.309430613418579
0.20183923950717902
0.0
0.0
0.6646294197645778
0.6618313197487639
0.23036124778812891
0.2832325182738125
0.6805593676616047
0.08834125889379281
0.27814919429840784
0.0
0.3920507780068886
0.0
0.07307367577776107
0.7262287592438008
0.6874708863780898
0.7254521066673716
0.11751610869937361
0.24968908741568754
0.0
0.0
0.0
0.0
0.0
0.3930406323313588
0.0
0.4204996498838636
0.0
0.0
0.3562071919441223
0.0
0.17066196998227634
0.24342516114551993
0.505065936759799
0.8899541184044202
0.24952584336074127
0.7257345281086799
0.3499667757808118
0.14804095788016855
0.5884673964986288
0.0
0.6500332242191882
0.0
0.3154144490843966
0.7136540111377959
0.0
0.3392718114641968
0.5234154382024976
0.3562071919441223
0.8899541184044202
0.571160190521162
0.2342643127028629
0.17723928414187598
0.5559026766674611
0.6998929954327833
0.0
0.0
0.5278224671940147
0.2972715997682094
0.21982963285215848
0.0
1.0
0.7093753627057885
1.0
0.5187987817250626
0.7039180842396628
0.9363792130813923
0.2024832320263304
0.0
0.0
0.4856705825679335
0.3875426792111126
0.6249016514901573
0.0
0.3158243203914759
0.7759944398586207
0.0
0.0
0.93252109468391
0.24573132982048557
0.5730379254601418
0.3748873178985318
0.0
0.27001990632357054
0.1312050740316724
1.0
0.0
0.2881895400883104
0.6309297680854797
0.6306845689033618
0.0
0.2982922005582309
0.21568932082564996
0.6062415682946528
0.8521705085097849
0.8236998927333757
0.0
0.7877736316421422
0.1320791334073282
0.30972517818651285
0.0
0.6263495204282147
0.0
0.0
0.13698471016874283
0.0
0.4561790215243321
0.0
0.4385158228782864
0.0
0.8414929617162082
0.8165901951542851
