0.3937506787409237
0.28395972765713756
0.0
0.0
1.0
0.9060254394071405
0.44685353060880906
0.0
0.8304198990614661
0.33916020187706797
0.0
0.6843515434228633
0.9026210962409316
0.8687949259683276
0.1312050740316724
0.307725635249678
0.7994765500198624
0.0
0.09364787652281743
0.0
0.0
0.5307212771735581
0.32958335497434826
0.0
0.0
0.1843821564637303
0.0
0.5151571349255532
1.0
1.0
0.0
0.0
0.0
0.07817641598004023
0.6309297680854797
0.3868528126910807
0.5147714424843294
0.6779553350512283
0.0
0.44149241321264354
0.1312050740316724
0.0
0.4322558203321912
0.23463936141322095
0.6548086584542047
0.17989452591120664
0.0
0.0
0.5733697487684838
0.0
0.857342488323918
0.0
0.7116092911482483
0.10128377319711473
0.660839798122932
0.2739238117894884
1.0
0.0
0.0
0.0
0.0
1.0
0.0
0.5531464693911909
1.0
0.24630239095333292
0.0
0.0
0.0
0.8539316443613972
0.21050145428078584
0.0
0.0
0.0
0.33916020187706797
0.0
0.3463328257305289
0.0
0.0
0.36729198439611355
0.16812754226873525
0.0
0.3600546231527257
0.0
0.21215165392290058
0.5329536977831799
0.33916020187706797
0.1010415535431794
0.0
0.5147714424843294
0.21398626751412297
0.8687949259683276
0.16958010093853398
0.660839798122932
0.6843515434228633
0.5296347240912597
0.21398626751412297
0.07132875583804099
0.0
0.05365266332451218
0.0
0.0
0.5147714424843294
0.4166158163040628
0.0
0.0
0.702097646260794
0.0
0.47762370406322674
0.0
0.43067657947540283
0.4835422972071479
0.0
0.47190437855518425
0.47036527590874033
0.0
0.142803106553681
0.0
0.0
0.4670156580279536
0.0
0.27727342967027513
0.0
0.8539316443613972
0.0
0.0
0.23463936141322095
0.24630239095333292
0.20803518757199052
0.0
0.0
0.0
1.0
0.0
0.20567666386802974
1.0
0.0
0.16958010093853398
0.0
0.3600546231527257
0.0
0.1312050740316724
1.0
0.0
0.5463148473655206
0.0
1.0
0.0
0.0
0.786013732485877
1.0
0.0
0.21657937961895948
1.0
0.12907565118668263
0.0
0.0
0.0
0.2640010408492879
0.0
0.0
0.3600546231527257
0.30078517497020635
0.141156391756789
0.0
0.47036527590874033
0.5958337858272824
0.6011647793723602
0.660839798122932
0.3937506787409237
1.0
0.23919165903941852
1.0
0.6917222925066713
0.0
0.0
0.33916020187706797
0.0
0.0
0.34519134154579534
0.12103812654063348
0.0
0.0
0.39273186551524736
0.6992148250297936
0.39015712195925273
0.5029134342718673
0.0
0.8304198990614661
0.5958337858272824
0.04868945187953424
0.3028567809415162
1.0
0.8304198990614661
0.8304198990614661
0.660839798122932
0.6164336315473431
0.6843515434228633
0.38356636845265696
0.220279932707644
0.0
0.0
0.0
0.44437635406944687
1.0
0.47036527590874033
0.28911556841607333
0.0
0.0
0.30078517497020635
0.3031246606295382
0.0
0.43067657947540283
0.47036527590874033
0.0
1.0
0.5341963188716723
0.07816593393738018
0.0
0.0
1.0
0.33916020187706797
0.0
0.18980338031582686
0.23449780181214053
0.0
0.0
0.7331906683149848
0.786013732485877
0.0
0.3156484565771367
0.7557415253426383
0.0
0.27814919429840784
0.0
0.428701857202826
0.0
0.0
0.7262287592438008
0.6164336315473431
0.786013732485877
0.0
0.21398626751412297
0.0
0.0
0.0
0.0
0.0
0.15678842530291345
0.0
0.21398626751412297
0.0
0.0
0.0
0.0
0.16375323239479936
0.1312050740316724
0.28911556841607333
0.8304198990614661
0.3600546231527257
0.6843515434228633
0.33916020187706797
0.0
0.786013732485877
0.0
0.660839798122932
0.0
0.1312050740316724
0.660839798122932
0.0
0.1312050740316724
0.43062490851752766
0.0
0.8304198990614661
0.33916020187706797
0.0
0.0
0.3156484565771367
0.7557415253426383
0.0
0.0
0.7112741326853153
0.3600546231527257
0.21982963285215848
0.0
1.0
0.786013732485877
1.0
0.4724368818800501
0.7039180842396628
1.0
0.21398626751412297
0.0
0.0
0.4611392561856105
0.33916020187706797
0.702097646260794
0.0
0.3976972820794884
0.6548086584542047
0.0
0.0
0.765360638586779
0.16958010093853398
0.5531464693911909
0.4026517092817985
0.0
0.16958010093853398
0.1312050740316724
1.0
0.0
0.22068857863622235
0.6309297680854797
0.6043130978100874
0.0
0.26625043085293415
0.16958010093853398
0.4912596971843981
1.0
0.8304198990614661
0.0
0.786013732485877
0.04868945187953424
0.30972517818651285
0.0
0.4759908450094153
0.0
0.0
0.0
0.0
0.4166158163040628
0.0
0.3333333333333333
0.0
0.8687949259683276
0.8304198990614661
