0.47133666894633486
0.14041677041014833
0.0
0.5585075867873565
0.2874476404113946
1.0
0.6410457917011178
0.0
0.7119027318963097
0.16104259341292343
0.0
0.8611375548922774
0.7159891922418262
0.7104770142549791
0.39076651178999955
0.3106733448504959
0.6274479932988123
0.06362078691860773
0.22754083823600943
0.0
0.0
0.0
0.6383180419337273
0.0
0.0
0.32024790445152695
0.0
0.20544919237219525
0.7314470801206284
0.20827328152600588
0.0
0.0
0.0
0.17806915889328623
0.6309297680854797
0.2640681333451695
0.7136540111377959
0.2670050373277337
0.0
0.0
0.09478836774187899
0.0
0.6935706398710384
0.0
0.6216966925430002
0.4448826366805129
0.0
0.0
0.1791842474432183
0.7012801472049183
0.818556545502422
0.0
0.3220501335931622
0.45477943512347757
0.6968404671088101
0.4819741091694036
0.46785915502288505
0.0
0.0
0.0
0.28906482458114624
0.0
0.0
0.36362370906255886
0.9363792130813923
0.15101961361645377
0.0
0.0
0.0
0.42566281259602123
0.43732759342407845
0.4666234193734733
0.0
0.0
0.3879136615387604
0.0
0.5209090873612188
0.31082574460194934
0.0
0.0
0.5855700667779318
0.0
0.8625618352163589
0.0
0.5248150586357679
0.6543394272645329
0.07839826893635371
0.20203776631099463
0.06794339945805446
0.6618313197487639
0.34519134154579534
0.5022037327289732
0.6410457917011178
0.4087218912955235
0.21222636835785774
0.3499667757808118
0.0
0.07518831057123018
0.3079834585731415
0.32657649636364994
0.1595552103310951
0.1952608675333654
0.7155506498228299
0.5163895883203932
0.20210735516747766
0.0
0.5666570444846286
0.0
0.23463936141322095
0.0
0.0
0.3488508540346324
0.0
0.20036340070972528
0.5579780220010875
0.04940390285159495
0.14591675013328212
0.0
0.16658100438180146
0.31026773066063357
0.2726701583936486
0.06943122255386133
0.0
0.6371130910048439
0.0
0.37937082862783333
0.0
0.2900757930654533
0.5654185171578883
0.11867423857014502
0.17758444418985947
0.0
0.8611375548922774
0.0
0.6281078278456745
0.8899541184044202
0.11284513908875529
0.4599715050069
0.0
0.7631925764031596
0.3868528126910807
0.0
0.905211632258121
0.0
0.541136541854077
0.0
1.0
0.0
0.0
0.21726071404407635
1.0
0.0
0.2961945978136245
1.0
0.26821999715813666
0.4042974944774046
0.0
0.0
0.31016825939970477
0.0
0.06362078691860773
0.20829366766158397
0.2024832320263304
0.15248845911062717
0.0
0.5494344208420556
0.1138131157811662
0.21755322449092304
0.8414929617162082
0.3584586753469568
0.6812060721167417
0.43693980097739354
0.6505132560551431
0.2656600171687708
0.21383065235289173
0.0
0.30260241035219154
0.0
0.14804095788016855
0.6311443348565761
0.0
0.16104259341292343
0.0
0.28719453489841884
0.2067880883538868
0.5784872374232388
0.6074212513845596
0.13012668538428437
0.6698623552132605
0.0
0.31547223839325594
0.3781094138481256
0.38685280084609985
0.6652907380728891
1.0
0.5333576768804726
0.4631896542592085
0.1993062351435135
0.07979453935750246
0.5974914510169475
0.0
0.43735247723523596
0.11305340399494321
0.44016388472112594
0.7162874498902326
0.3260864972319491
0.5365142759469923
0.0
0.0
0.1834098048457149
0.24104301967926228
0.0
0.0
0.571160190521162
0.0
0.6172839600107716
0.7125717565957888
0.1890658429768162
0.253395850631168
0.0
0.38685280084609985
0.0
0.1144324985491314
0.18544586357733192
0.09306836272133587
0.0
0.0
0.565995033426661
0.17993148277553564
0.36945358642999937
0.14876390195226435
0.42195128638450474
0.05398557420265905
0.07684094044494104
0.0
0.42696207453985824
0.0
0.08116136270340722
0.0
0.4034622781552423
0.4595326255404367
0.0
0.0
0.0
0.0
0.0
0.0
0.0
0.31029232469540297
0.0
0.5181190667728258
0.0
0.0
0.3010300099849701
0.13743816478364115
0.43842596281520296
0.15787352968221577
0.0
0.5716349552828345
0.13869916244965078
0.22212782520239946
0.3568788629652559
0.15642624560401258
0.5007882081554316
0.6504262677874899
0.09478836774187899
0.16421959029574032
0.0
0.8579809441450386
0.0
0.42558088009580153
0.7073363790064724
0.0
1.0
0.8579809441450386
0.0
0.0
0.5462574239592387
0.20155975549538327
0.0
0.0
0.5871637857749049
0.14782949149021504
0.0
0.0
0.0
0.7799082368088404
0.7799082368088404
0.4270139286565933
0.4692787228264419
0.772061739162347
0.7218018274124061
0.0
0.0
0.5041736308483391
0.3058013087666804
0.5
0.0
0.32478232785562017
0.5926825186362108
0.21840743783974695
0.0
0.2960819157603371
0.3093494832019522
0.5580759056243925
0.6763318704138369
0.0
0.31877045961460043
0.1460683556386027
0.5333576768804726
0.0
0.5930874627849342
0.0
0.615547435792446
0.0
0.12116260100270314
0.2015155214616364
0.6766261017769948
0.6145869949639096
0.584719240179604
0.0
1.0
0.18694500869444414
0.0
0.0
0.6243151961836566
0.0
0.0
0.06362078691860773
0.0
0.3724960612138465
0.0
0.5164277705753118
0.0
0.7799082368088404
0.7951657506625412
