0.6392209670926589
0.5720253587380815
0.0
0.2519013185377548
0.7819835821424668
0.9060254394071405
0.35359815128972316
1.0
0.677187120619379
0.42914113466620046
1.0
0.7951657506625412
0.8467313539001462
0.7818048754938743
0.22563262345988416
0.4751975587285157
0.720799266387726
0.0
0.12355844094281776
0.0
0.0
0.5307212771735581
0.3543324728447358
1.0
1.0
0.44303921824220355
0.0
0.47703822813501523
0.8006937648564865
1.0
0.0
1.0
1.0
0.12408684762260844
0.6309297680854797
0.3868528126910807
0.6851198690669614
0.7424734596326872
0.0
0.5716190985969279
0.16354138397001033
1.0
0.6237321273322903
0.23463936141322095
0.5548010251182706
0.4633136567288618
1.0
0.11284513908875529
0.5329214962827632
0.1080201521567597
0.8190433956742628
1.0
0.636367001838147
0.32223322569316304
0.7162874498902326
0.3791323725269881
0.9337457743289556
0.28906482458114624
1.0
0.0
0.0
1.0
1.0
0.35895420829888225
1.0
0.38535857040233246
0.0
0.0
1.0
0.905211632258121
0.36654378887263594
0.07839826893635371
0.0
0.0
0.3333457942437406
1.0
0.4569494321012003
0.16904170793110046
0.0
0.604714646759725
0.16812754226873525
1.0
0.291810456262864
1.0
0.21338273401728863
0.6129568523155186
0.2837125501097673
0.09515663069234233
0.14209201530075388
0.5552448564773093
0.32097940127118446
0.7116179491265561
0.32806229945311305
0.5766693009690531
0.5135285458864002
0.483314843366361
0.19092086858561536
0.08039138893043488
0.3748920266923742
0.4501544010564434
0.0
0.1883391857897703
0.4858136339234479
0.37189217215432546
0.0
1.0
0.6701860459702779
0.0
0.6132756757567165
0.0
0.43067657947540283
0.6895339002905494
0.0
0.6997230693271547
0.44803002402881265
0.0
0.49703741519198913
0.3816216860025858
0.3064156762601423
0.5052713000071297
0.1993062351435135
0.5309999101055379
0.0
0.772159622785652
1.0
0.0
0.3826803192933895
0.4822987255187547
0.29683399636347296
0.22983133208065648
0.09704777615245776
0.0
0.8572048541960036
0.0707557629915963
0.3021560065158947
0.9305687774461386
0.0
0.28263350493347716
1.0
0.4451010912584244
0.18457570391786032
0.5447919810413959
1.0
1.0
0.6545472498972483
1.0
1.0
1.0
1.0
0.6618313197487639
0.7885497215911772
1.0
0.4235379512596102
1.0
0.36836294182159746
0.23599633456542177
0.0
0.0
0.43562571070641515
0.0
0.1517621921864888
0.3693362610745074
0.2588097835478442
0.3887959508676004
0.0
0.5135081597508221
0.713163561677139
0.5095461729734044
0.7799082368088404
0.5902999858820167
0.9363792130813923
0.3288081348635495
0.9266360767498649
0.6568128688011317
0.05478496706057585
1.0
0.30260241035219154
0.0
0.15642624560401258
0.5114532005527739
0.15969697087959372
0.0
1.0
0.3943825433542437
0.6855770498215018
0.4084036552098936
0.6099210277501576
0.0
0.8899541184044202
0.6357178416421556
0.05933711928507251
0.3897318214110039
1.0
0.8115558494680665
0.8236998927333757
0.7799082368088404
0.5370079561354381
0.6155258657130223
0.4465180074655807
0.38830603919535883
1.0
0.12987501258965217
0.0
0.3948351351635881
0.9305687774461386
0.37859880147495134
0.42150574671220004
0.0
1.0
0.19518899662923644
0.5029560915130245
0.06362078691860773
0.43067657947540283
0.6563033055548185
1.0
0.8669479905275309
0.7146550123300839
0.1801123352307148
0.0
0.0
1.0
0.45221360587201115
0.0
0.34825938117255767
0.18512923297605252
0.0
1.0
0.6753479318037684
0.6618313197487639
0.23036124778812891
0.2832325182738125
0.7225701905700282
0.11167572186001937
0.26582598057817397
1.0
0.45253192950608123
0.0
0.09359073146747944
0.6387878835183749
0.6874708863780898
0.7254521066673716
0.11751610869937361
0.24968908741568754
1.0
1.0
1.0
1.0
0.0
0.42685054988191734
1.0
0.4204996498838636
1.0
0.0
0.3562071919441223
0.0
0.23782542443432025
0.24342516114551993
0.542766401477975
0.8899541184044202
0.24952584336074127
0.7257345281086799
0.3499667757808118
0.14804095788016855
0.5884673964986288
0.0
0.6500332242191882
0.0
0.3001050347007448
0.7136540111377959
1.0
0.3267546011991043
0.6178340960042322
0.3562071919441223
0.8899541184044202
0.571160190521162
0.20002614392691992
0.17723928414187598
0.5559026766674611
0.7001598871543346
1.0
1.0
0.5509662080453018
0.2972715997682094
0.2131043800953799
0.0
1.0
0.7093753627057885
1.0
0.6043834750168663
0.7039180842396628
0.9363792130813923
0.2024832320263304
1.0
0.0
0.6063213986743775
0.3875426792111126
0.718676238617618
1.0
0.4117174418163189
0.7759944398586207
0.0
0.0
0.93252109468391
0.24573132982048557
0.5730379254601418
0.4741809232144856
1.0
0.27001990632357054
0.1312050740316724
1.0
1.0
0.27497414445082513
0.6309297680854797
0.6789383998608652
0.0
0.35210098637883147
0.24280133894094533
0.6062415682946528
0.8521705085097849
0.8236998927333757
0.0
0.7877736316421422
0.15891956564281542
0.36297209197668384
1.0
0.7345079249701939
0.0
1.0
0.13698471016874283
1.0
0.5384689346334149
0.0
0.5834988337804264
0.0
0.8414929617162082
0.8165901951542851
