0.4934732955748305
0.33780962500589146
0.0
0.0
1.0
0.9060254394071405
0.44685353060880906
1.0
0.8304198990614661
0.33916020187706797
1.0
0.6843515434228633
0.9269658221806987
0.8687949259683276
0.1312050740316724
0.32470874940594907
0.8496074125148968
0.0
0.12355844094281776
0.0
0.0
0.5307212771735581
0.413054740288622
1.0
1.0
0.27657323469559547
0.0
0.47703822813501523
1.0
1.0
0.0
1.0
1.0
0.09797563715511069
0.6309297680854797
0.3868528126910807
0.5147714424843294
0.7816302528054463
0.0
0.44149241321264354
0.1312050740316724
1.0
0.5413905967412252
0.23463936141322095
0.6548086584542047
0.20423925185097375
1.0
0.0
0.5952372611070958
0.0
0.8930068662429386
1.0
0.7148359434136013
0.14837017471384892
0.660839798122932
0.3378515398649312
1.0
0.0
1.0
0.0
0.0
1.0
1.0
0.5531464693911909
1.0
0.24630239095333292
0.0
0.0
1.0
0.8539316443613972
0.2988120409530826
0.0
0.0
0.0
0.33916020187706797
1.0
0.4569494321012003
0.0
0.0
0.4603135836050856
0.16812754226873525
1.0
0.3600546231527257
1.0
0.2877085577022035
0.6287161410364838
0.33916020187706797
0.12663167610629236
0.0
0.5147714424843294
0.21398626751412297
0.8687949259683276
0.16958010093853398
0.660839798122932
0.6843515434228633
0.5296347240912597
0.21398626751412297
0.10699313375706149
0.0
0.07616128774664462
0.0
0.0
0.5147714424843294
0.5221293345260122
0.0
1.0
0.7765732346955955
0.0
0.47762370406322674
0.0
0.43067657947540283
0.4462144522583669
0.0
0.5307862301717662
0.47036527590874033
0.0
0.19366182191954467
0.0
0.0
0.5309433861033964
0.0
0.27727342967027513
0.0
0.8539316443613972
1.0
0.0
0.23463936141322095
0.24630239095333292
0.19687407608286536
0.0
0.0
0.0
1.0
0.0
0.257767025231148
1.0
0.0
0.16958010093853398
1.0
0.3600546231527257
0.0
0.1312050740316724
1.0
1.0
0.6031065687005197
1.0
1.0
1.0
1.0
0.786013732485877
1.0
1.0
0.30743980688118666
1.0
0.18322609171618134
0.0
0.0
0.0
0.38673401788868816
0.0
0.0
0.3600546231527257
0.30078517497020635
0.20037500291164995
0.0
0.47036527590874033
0.7467366477874152
0.6473770176507395
0.660839798122932
0.4934732955748305
1.0
0.2596478354971167
1.0
0.7578356048696948
0.0
1.0
0.33916020187706797
0.0
0.0
0.34519134154579534
0.15969697087959372
0.0
1.0
0.3943825433542437
0.6992148250297936
0.4889696225562673
0.584790050469267
0.0
0.8304198990614661
0.7467366477874152
0.07303417781930135
0.3812509935929729
1.0
0.8304198990614661
0.8304198990614661
0.660839798122932
0.6164336315473431
0.6843515434228633
0.38356636845265696
0.330419899061466
1.0
0.0
0.0
0.4969844301656363
1.0
0.47036527590874033
0.3623379464499749
0.0
1.0
0.30078517497020635
0.3798950283188771
0.0
0.43067657947540283
0.47036527590874033
1.0
1.0
0.615263178494034
0.11450494890617528
0.0
0.0
1.0
0.33916020187706797
0.0
0.21167089265443892
0.22900989781235057
0.0
1.0
0.7720604653450553
0.786013732485877
0.0
0.3156484565771367
0.7840048754990606
0.0
0.26582598057817397
1.0
0.4852285575156707
0.0
0.0
0.6387878835183749
0.6164336315473431
0.786013732485877
0.0
0.21398626751412297
1.0
1.0
1.0
1.0
0.0
0.23518263795437017
1.0
0.21398626751412297
1.0
0.0
0.0
0.0
0.24562984859219905
0.1312050740316724
0.3623379464499749
0.8304198990614661
0.3600546231527257
0.6843515434228633
0.33916020187706797
0.0
0.786013732485877
0.0
0.660839798122932
0.0
0.1312050740316724
0.660839798122932
1.0
0.1312050740316724
0.5396864163949143
0.0
0.8304198990614661
0.33916020187706797
0.0
0.0
0.3156484565771367
0.7840048754990606
1.0
1.0
0.7469385106043358
0.3600546231527257
0.2131043800953799
0.0
1.0
0.786013732485877
1.0
0.5508310945315069
0.7039180842396628
1.0
0.21398626751412297
1.0
0.0
0.6053125778076113
0.33916020187706797
0.7765732346955955
1.0
0.5117558726499656
0.6548086584542047
0.0
0.0
0.765360638586779
0.16958010093853398
0.5531464693911909
0.5191875134534308
1.0
0.16958010093853398
0.1312050740316724
1.0
1.0
0.2371116291680379
0.6309297680854797
0.660839798122932
0.0
0.33368190749879323
0.16958010093853398
0.4912596971843981
1.0
0.8304198990614661
0.0
0.786013732485877
0.07303417781930135
0.36297209197668384
1.0
0.6069931337570614
0.0
1.0
0.0
1.0
0.5221293345260122
0.0
0.5
0.0
0.8687949259683276
0.8304198990614661
