0.3993060446372022
0.1437816632088118
0.0
0.5585075867873565
0.2874476404113946
1.0
0.6410457917011178
0.0
0.6786850260390574
0.16104259341292343
0.0
0.8611375548922774
0.7049466823338738
0.7104770142549791
0.4048961220412568
0.28483319787829353
0.5495514727676573
0.06362078691860773
0.2586879070392984
0.0
0.0
0.0
0.540768986030537
0.0
0.0
0.3077660475037566
0.0
0.2218661127620858
0.7314470801206284
0.20827328152600588
0.0
0.0
0.0
0.150856269401877
0.6309297680854797
0.2640681333451695
0.7136540111377959
0.2112147630268476
0.0
0.0
0.09478836774187899
0.0
0.5757760565462033
0.0
0.6216966925430002
0.3882250628581148
0.0
0.0
0.18566331743296732
0.71790164927998
0.7947573545350892
0.0
0.29302373078345534
0.4066233265024819
0.6968404671088101
0.4873110654237989
0.46785915502288505
0.0
0.0
0.0
0.28906482458114624
0.0
0.0
0.36362370906255886
0.9363792130813923
0.15101961361645377
0.0
0.0
0.0
0.42566281259602123
0.3672503587328899
0.4666234193734733
0.0
0.0
0.3796083023438859
0.0
0.39480936729683264
0.3274924734802101
0.0
0.0
0.5855700667779318
0.0
0.8625618352163589
0.0
0.4959880686229434
0.5816743141125009
0.07839826893635371
0.16973495370115027
0.06794339945805446
0.6618313197487639
0.34519134154579534
0.5022037327289732
0.6410457917011178
0.384083642713821
0.21222636835785774
0.3499667757808118
0.0
0.052909579881016106
0.3079834585731415
0.27946285262959025
0.14473141455385136
0.1952608675333654
0.7155506498228299
0.43747388563041434
0.20210735516747766
0.0
0.5465811876755187
0.0
0.23463936141322095
0.0
0.0
0.278353989541584
0.0
0.19644220628339676
0.5579780220010875
0.03704224599243932
0.10967536832352887
0.0
0.15223539297675173
0.261963612907364
0.2726701583936486
0.06943122255386133
0.0
0.6371130910048439
0.0
0.37937082862783333
0.0
0.2900757930654533
0.6193514552765422
0.12231889981854797
0.13052618783668044
0.0
0.8611375548922774
0.0
0.5321191175373569
0.8899541184044202
0.11284513908875529
0.4599715050069
0.0
0.7631925764031596
0.3868528126910807
0.0
0.905211632258121
0.0
0.42806692936127916
0.0
1.0
0.0
0.0
0.21726071404407635
1.0
0.0
0.2245148867126824
1.0
0.20331019782449605
0.4042974944774046
0.0
0.0
0.26482512047680945
0.0
0.06362078691860773
0.20829366766158397
0.2024832320263304
0.15141215452683812
0.0
0.5494344208420556
0.09641996493081637
0.19316794236987825
0.8414929617162082
0.3036782946225243
0.6812060721167417
0.42460189060932085
0.6505132560551431
0.2250613153248873
0.15836624259024326
0.0
0.30260241035219154
0.0
0.14804095788016855
0.6311443348565761
0.0
0.16104259341292343
0.0
0.29730913156757083
0.2067880883538868
0.49008164623592204
0.5787791959734468
0.13012668538428437
0.6698623552132605
0.0
0.31022802834156793
0.30325586407581734
0.38685280084609985
0.6652907380728891
1.0
0.5333576768804726
0.4631896542592085
0.1993062351435135
0.07979453935750246
0.45644289435943464
0.0
0.43735247723523596
0.11305340399494321
0.3912611519611822
0.7162874498902326
0.311895978059673
0.49495033472359606
0.0
0.0
0.1834098048457149
0.20420633724657708
0.0
0.0
0.571160190521162
0.0
0.6172839600107716
0.6093169147806885
0.17581373873331507
0.2754115594831798
0.0
0.38685280084609985
0.0
0.09694469236979435
0.17321854303564274
0.06764588985354046
0.0
0.0
0.5377094967427657
0.17993148277553564
0.36945358642999937
0.14876390195226435
0.39458135466854805
0.04270537506034742
0.05360209870483762
0.0
0.42696207453985824
0.0
0.06336908592204825
0.0
0.4034622781552423
0.4595326255404367
0.0
0.0
0.0
0.0
0.0
0.0
0.0
0.2226637439157482
0.0
0.5181190667728258
0.0
0.0
0.3010300099849701
0.13743816478364115
0.3558622634966009
0.15787352968221577
0.0
0.5716349552828345
0.13869916244965078
0.22212782520239946
0.3568788629652559
0.15642624560401258
0.48772182999937264
0.6504262677874899
0.09478836774187899
0.16421959029574032
0.0
0.8579809441450386
0.0
0.4418838956965406
0.5992398010544638
0.0
1.0
0.8579809441450386
0.0
0.0
0.5462574239592387
0.2025404580913755
0.0
0.0
0.5688228055089749
0.14782949149021504
0.0
0.0
0.0
0.7799082368088404
0.7799082368088404
0.30676069432807707
0.4692787228264419
0.772061739162347
0.7218018274124061
0.0
0.0
0.4074208397727871
0.3058013087666804
0.3333333333333333
0.0
0.24198205034434106
0.5926825186362108
0.21840743783974695
0.0
0.2960819157603371
0.284116593084502
0.5580759056243925
0.5684424938851159
0.0
0.31877045961460043
0.1460683556386027
0.5333576768804726
0.0
0.6035786686053151
0.0
0.5105403219078817
0.0
0.10264628693646881
0.18042099462430966
0.6643987812353056
0.6145869949639096
0.584719240179604
0.0
1.0
0.14908464687967446
0.0
0.0
0.4712655468226338
0.0
0.0
0.06362078691860773
0.0
0.3155704587524322
0.0
0.3480974908620232
0.0
0.7799082368088404
0.7951657506625412
