0.20567666386802974
0.1437816632088118
0.0
0.5585075867873565
0.0
1.0
0.44685353060880906
0.0
0.8304198990614661
0.1460683556386027
0.0
0.786013732485877
0.7261374142922457
0.660839798122932
0.3156484565771367
0.0
0.6011647793723602
0.0
0.0
0.0
0.0
0.0
0.5958337858272824
0.0
0.0
0.27727342967027513
0.0
0.2218661127620858
0.6992148250297936
0.0
0.0
0.0
0.0
0.1275002478879895
0.6309297680854797
0.2640681333451695
0.660839798122932
0.06229194031648807
0.0
0.0
0.1460683556386027
0.0
0.5890442456351046
0.0
0.6399453768472743
0.20253382986971338
0.0
0.0
0.0
0.6785815604408115
0.8304198990614661
0.0
0.26669549442033424
0.26767173448341697
0.8687949259683276
0.4852285575156707
0.30078517497020635
0.0
0.0
0.0
0.0
0.0
0.0
0.34519134154579534
1.0
0.15101961361645377
0.0
0.0
0.0
0.44685353060880906
0.27023204294347164
0.4912596971843981
0.0
0.0
0.3878496537566022
0.0
0.39480936729683264
0.254418797702449
0.0
0.0
0.5855700667779318
0.0
0.8304198990614661
0.0
0.4658036811283277
0.5734981614398315
0.0
0.21453270921770404
0.0
0.786013732485877
0.34519134154579534
0.660839798122932
0.44685353060880906
0.30078517497020635
0.21398626751412297
0.33916020187706797
0.0
0.0
0.34519134154579534
0.08750372843227683
0.0
0.0
0.8687949259683276
0.5176573698472422
0.20210735516747766
0.0
0.552475327492826
0.0
0.23463936141322095
0.0
0.0
0.07817641598004023
0.0
0.06229194031648807
0.6548086584542047
0.0
0.06229194031648807
0.0
0.0533565521275108
0.12001820771757524
0.0
0.0
0.0
0.660839798122932
0.0
0.27727342967027513
0.0
0.15101961361645377
0.6785815604408115
0.1460683556386027
0.0
0.0
0.786013732485877
0.0
0.3813010766095784
0.8304198990614661
0.0
0.33916020187706797
0.0
0.8539316443613972
0.3868528126910807
0.0
0.8539316443613972
0.0
0.3319646627282527
0.0
1.0
0.0
0.0
0.21398626751412297
1.0
0.0
0.19234278837250585
1.0
0.11338325198719798
0.15101961361645377
0.0
0.0
0.10987225670690651
0.0
0.0
0.21398626751412297
0.21398626751412297
0.05365266332451218
0.0
0.5147714424843294
0.1275002478879895
0.18773177434451704
0.8687949259683276
0.32958335497434826
0.5087403028156019
0.433615249461118
0.6843515434228633
0.1010415535431794
0.13869012504799366
0.0
0.33916020187706797
0.0
0.0
0.5296347240912597
0.0
0.1460683556386027
0.0
0.0
0.27727342967027513
0.5176573698472422
0.5190547277882746
0.0
0.4912596971843981
0.0
0.21398626751412297
0.1765449080304199
0.38685280084609985
0.6843515434228633
1.0
0.5147714424843294
0.5087403028156019
0.0
0.0
0.3333333333333333
0.0
0.5531464693911909
0.0
0.3828952265542921
0.660839798122932
0.2577212921913471
0.28911556841607333
0.0
0.0
0.16958010093853398
0.08703246132971454
0.0
0.0
0.33916020187706797
0.0
0.8304198990614661
0.3942566030447408
0.07816593393738018
0.0
0.0
0.38685280084609985
0.0
0.0
0.1312050740316724
0.0
0.0
0.0
0.428409319661043
0.27727342967027513
0.24630239095333292
0.1312050740316724
0.3494746268497406
0.0
0.0
0.0
0.44685353060880906
0.0
0.0
0.0
0.30078517497020635
0.4852285575156707
0.0
0.0
0.0
0.0
0.0
0.0
0.0
0.15678842530291345
0.0
0.4852285575156707
0.0
0.0
0.0
0.16958010093853398
0.3176588364667125
0.0
0.0
0.660839798122932
0.0
0.1312050740316724
0.21398626751412297
0.0
0.4912596971843981
0.41442993322206817
0.1460683556386027
0.1460683556386027
0.0
1.0
0.0
0.27727342967027513
0.5958337858272824
0.0
1.0
1.0
0.0
0.0
0.30078517497020635
0.0
0.0
0.0
0.7557415253426383
0.0
0.0
0.0
0.0
0.660839798122932
0.660839798122932
0.2620045774952923
0.4692787228264419
0.8687949259683276
0.6843515434228633
0.0
0.0
0.20205600521198533
0.33916020187706797
0.3333333333333333
0.0
0.14895117686960302
0.47036527590874033
0.0
0.0
0.2960819157603371
0.4037896478299498
0.6399453768472743
0.5437656377180912
0.0
0.33916020187706797
0.1460683556386027
0.5147714424843294
0.0
0.5451460263306637
0.0
0.4208033826877816
0.0
0.0
0.18980338031582686
0.786013732485877
0.6399453768472743
0.3600546231527257
0.0
1.0
0.04373502467722413
0.0
0.0
0.3333333333333333
0.0
0.0
0.0
0.0
0.2927091251977443
0.0
0.3333333333333333
0.0
0.660839798122932
0.6843515434228633
