0.5368012399157581
0.5390512399157581
0.5375512399157582
0.5343012399157582
0.5350512399157581
0.5374317740248212
0.5394317740248212
0.5354317740248212
0.5356817740248212
0.5386817740248212
0.5379229736330807
0.5396729736330808
0.5384229736330807
0.5366729736330808
0.5396729736330808
0.5378942875709042
0.5396442875709042
0.5368942875709042
0.5388942875709042
0.5388942875709042
0.538678595068372
0.5371785950683721
0.540428595068372
0.539428595068372
0.539928595068372
0.5396578507072873
0.5409078507072873
0.5406578507072873
0.5406578507072873
0.5406578507072873
0.5420894284639831
0.5425894284639831
0.5403394284639831
0.5445894284639831
0.5425894284639831
0.542230079020827
0.542980079020827
0.540730079020827
0.539980079020827
0.5447300790208269
0.5405605382219032
0.5430605382219031
0.5390605382219033
0.5403105382219032
0.5403105382219032
0.5425898143542343
0.5405898143542343
0.5420898143542343
0.5448398143542342
0.5408398143542342
0.5414853171338493
0.5404853171338493
0.5404853171338493
0.5424853171338493
0.5424853171338493
0.5471356017884931
0.5478856017884931
0.5446356017884931
0.5448856017884931
0.5488856017884931
0.5472277366579901
0.5452277366579901
0.5472277366579901
0.5482277366579901
0.5489777366579901
0.54442773665799
0.546126367605072
0.544376367605072
0.546376367605072
0.546126367605072
0.5436263676050721
0.5475900030291199
0.5485900030291199
0.5468400030291198
0.5460900030291199
0.5473400030291199
0.5463900030291199
0.5499894678794675
0.5514894678794674
0.5484894678794675
0.5497394678794675
0.5509894678794675
0.5525444690933343
0.5542944690933344
0.5527944690933343
0.5520444690933344
0.5530444690933343
0.5487595962430398
0.5475095962430399
0.5475095962430399
0.5480095962430398
0.5492595962430398
0.5488396350375622
0.5478396350375622
0.5480896350375621
0.5510896350375621
0.5500896350375621
0.5517559380636373
0.5515059380636373
0.5495059380636373
0.5517559380636373
0.5502559380636374
0.5541559380636373
0.550517518151551
0.5492675181515511
0.5490175181515511
0.5522675181515511
0.552017518151551
0.5479162187227629
0.5454162187227629
0.5486662187227629
0.5504162187227628
0.5491662187227628
