0.6201049716811229
0.5610974358952637
0.0
0.29623393784609847
0.623450117066721
0.4091105787777192
0.3853660177779339
0.29947649694610706
0.4295620844501094
0.44813571379191786
0.19178318422632848
0.8613632851648625
0.4279056210124027
0.6695801009385339
0.5837457082387107
0.4343974629841638
1.0
0.6505070578731688
0.5117558726499656
0.4374130328185275
0.4174497923156759
0.8671599119192163
0.8671599119192163
0.31997268842363713
1.0
0.3930068662429385
0.41520994953073304
0.19687407608286536
0.5656025370158362
0.659617267912426
0.5633158380531462
0.4046620891713743
0.5395833870158616
1.0
0.5326974536940831
0.8259725377398578
0.5670025910938995
0.4956677140829974
0.915209949530733
0.2588334848961925
0.24049739903735787
0.4624023654510672
0.6179772147871324
0.5593773305288339
0.3664521834323627
0.6349362175538243
0.8274043292271023
0.6285868213424801
0.3739915141062367
0.439674609847434
0.4912214590655489
0.36422650969242043
0.6843515434228633
0.1984849121120978
0.7310570105520738
0.7825115601713122
0.5150039279805984
0.754370151407801
0.47341036674115994
0.584790050469267
0.6800273115763629
0.5
0.7351826379543702
0.6917831842263285
0.3896590354249346
0.5083711525182059
0.8304198990614661
0.7691415938921303
0.6438542788511018
0.41520994953073304
0.32255027072806663
0.6747464710634156
0.746073727095803
0.6382458298447741
0.8589761192828932
0.407042936524975
0.6503925874851032
0.5922216912727322
0.4947763946810856
0.6531920181223881
0.3916735729769763
0.495686117035948
0.35387386665022197
0.4166158163040628
0.7501150865030927
0.5155952900839833
0.08478905367474866
0.2952424280745283
0.5936819543916197
0.6910316062363876
0.5326974536940831
0.330419899061466
0.6421755824957414
0.0
0.30078517497020635
0.6438542788511018
0.6487610106323046
0.660839798122932
0.0
0.6503925874851032
0.21274226582827405
0.6059942090117266
0.5847842005988679
0.5572123872802633
0.4970865657281327
0.5804751707106967
0.32659600906119407
0.46348291109034934
0.76018752923815
0.19973194651968698
0.3771850757039005
0.5804751707106967
0.34574480290553217
0.8082168157736715
0.5991200032890064
0.38557522543947337
0.4671987314920819
0.291212472132739
0.5169568401197736
0.4010470197981372
0.0
0.518983807325362
0.5
0.763701262426878
0.5159161184783274
0.4673025463059169
0.6668156241758312
0.4343974629841638
0.5
0.7040741970160198
0.6386367148351375
0.5
0.518983807325362
0.5531464693911909
0.702097646260794
0.28702736967163506
0.5
0.46300768005691956
0.5222030832877945
0.6354765739714707
0.4603135836050856
0.5026993561406925
0.7234267653044045
0.6652642243854453
0.6069931337570614
0.8284095191718902
0.7234267653044045
0.41597214869263993
0.6503925874851032
0.3587232648733723
0.13979440226497958
0.413054740288622
0.5656025370158362
0.6642400625884712
0.6236503144629908
0.7426142787578354
0.7351826379543702
0.660839798122932
0.2894664555993551
0.2524011412819101
0.26352775284595026
0.34574480290553217
0.4759908450094153
0.21398626751412297
0.1843821564637303
0.41520994953073304
0.09797563715511069
0.518983807325362
0.6503925874851032
0.38356636845265696
0.10699313375706149
0.5117558726499656
0.777349246793562
0.5044236998500479
0.8687949259683276
0.30896839376361235
0.7018784738237885
0.3496074125148968
0.41520994953073304
0.6386367148351375
0.584790050469267
0.31997268842363713
0.47924414458739645
0.6669006122485867
0.7765732346955955
0.8496074125148968
0.6438542788511018
0.27555194790868914
0.6144247745605267
0.5687076928093064
0.8539316443613972
0.518983807325362
0.3916735729769763
0.4279056210124027
0.4343974629841638
0.6001255129499087
0.49256835919653486
0.5396864163949143
0.27727342967027513
0.3160445996480357
0.6800273115763629
0.6917831842263285
0.17852368410492667
0.4689046712154728
0.32681999553197916
0.2513478771171604
0.46348291109034934
0.3615715509178957
0.46300768005691956
0.2171987314920819
0.6599332655897131
0.7234267653044045
0.35123898936769543
0.6399453768472743
0.5
0.8098296578678222
0.5
0.34006673441028684
0.5552089544308872
0.7234267653044045
0.2596478354971167
0.637662053550025
0.2988838599214321
0.35361814661419516
0.584790050469267
0.6487610106323046
0.6695801009385339
0.5
0.28166312975761404
0.2851640565863986
0.6695801009385339
0.4754863389422399
0.5545372971186951
0.584790050469267
0.8274043292271023
0.5026957542343208
0.20510207397200833
0.29015665906812177
0.915209949530733
0.754370151407801
0.33916020187706797
0.6917831842263285
0.8613632851648625
0.6356211450007738
0.27222906898251287
0.6539247388288321
0.3916735729769763
0.5
0.1745983257880773
0.5019962897255725
0.6695801009385339
0.42483124679123646
0.3496074125148968
0.34322053640743394
0.5419063829826318
0.5
0.4777969167122055
0.47653078755607353
0.45487861631222976
0.7816302528054463
0.5
0.28144069168399455
1.0
0.33602389945551286
0.43819949768961625
0.7467366477874152
0.5804751707106967
0.5773725067006563
0.3285657552070911
0.4275038533904374
0.586945259711378
0.4774364260213324
0.6069931337570614
0.4275038533904374
0.5
0.3930068662429385
1.0
0.38585201836382693
0.32740432922710233
0.44436116960836614
0.584790050469267
0.70122368201661
0.3869645758687609
0.42060299740599877
0.535104192602537
0.4269658221806986
0.40777830872726784
0.5222030832877945
0.535104192602537
0.6438542788511018
1.0
0.209002768839754
0.6069931337570614
1.0
0.3480099269743841
0.47404506341993446
0.09797563715511069
0.1460683556386027
0.5497395679546173
0.27958880452995916
0.26252283298929374
0.6039775639226977
0.4870394655742292
0.23769097658734267
0.5157051099074879
0.28702044533342436
0.509483177156062
0.48460207933295957
0.5044236998500479
0.2738639687978906
0.26481736204562983
0.3930068662429385
0.5346694052538249
0.41203156911409833
0.5545372971186951
0.6725956707728977
0.6132659821113118
0.3672788927457005
0.5245136610577601
0.6069931337570614
0.3609270644941502
0.5339589559377601
0.7642937296563175
0.43050145477210033
0.34519134154579534
0.7467366477874152
0.27898430058514867
0.48359452812335496
0.13622793832034244
0.31958277615207453
0.7467366477874152
0.2988120409530826
0.4931599275159135
0.5231745260979913
0.1711002031852476
0.7047575719254717
0.7044401825249077
0.5104472106378288
0.5500771736438521
0.798538184021702
0.786013732485877
0.0
0.9059532642173412
0.5919117787727016
0.34574480290553217
0.3171236354806576
0.5190632459804465
0.46300768005691956
0.23776320014834498
0.6767131077881807
0.5002742478675133
0.291212472132739
1.0
0.27968866526441694
0.4773202557088224
0.18399995623138835
0.38360109462783126
0.38356636845265696
0.44973971394251216
0.6432115320911648
0.25169443119341606
0.8068234234472501
0.5141687492157387
0.7264208854383947
0.4813078935553893
0.8022999468069708
0.6309297680854797
0.7234267653044045
0.5
0.22642088543839464
0.5516638080062071
0.2877085577022035
0.5030155698343637
0.576036892989149
0.2504016576301978
0.8304198990614661
0.0
0.1460683556386027
0.19366182191954467
1.0
0.8310951874970542
0.9343974629841638
0.7570807633338492
0.7467366477874152
0.6934264063455403
0.5932959431213256
0.4529077549577908
0.37214081421292244
0.6917831842263285
0.3219271394255509
0.5025783354487169
0.30386466818364277
0.8347367060926464
0.6303835997477936
0.4275038533904374
0.4278585065363829
1.0
0.33553050396478246
0.47784857696541355
0.7227265703297249
0.7074370781130327
0.4374130328185275
0.6992148250297936
0.39648307002520766
0.31123238560803523
0.6747464710634156
0.6695801009385339
0.518983807325362
0.5632605056108927
1.0
0.3331590462506034
0.786013732485877
0.16958010093853398
0.26886598231342745
0.3623379464499749
0.5437713003958233
0.6917831842263285
0.4934732955748305
0.41952482928930335
0.2989170320479572
0.30078517497020635
0.7467366477874152
0.5296347240912597
0.5541284678589271
0.28571470165976837
0.660839798122932
0.5
0.6725956707728977
0.5945017903834471
0.295311114124298
0.0
0.13777597395434457
0.45809361701736817
0.4275038533904374
1.0
0.584790050469267
0.1586609003303495
0.12663167610629236
0.3672207296876712
0.7162550444861286
1.0
0.6349409315034701
1.0
0.7510877824786673
0.5625869671814725
0.3124164829772125
0.39759543037682593
0.49738248473053537
0.5656025370158362
0.37806216885122684
0.27350592952777436
0.4564436288640164
0.3648797119031289
0.8344134010646006
0.41715240461021563
0.5043931674495447
0.6164336315473431
0.5486350791280086
0.5478979569957816
0.7573857212421646
0.32599490240516166
0.370712756066045
0.0
0.3843987013374403
0.07989569403801863
0.6005053044174076
0.2318227097370034
1.0
0.39359043106539277
0.7079841020497981
0.8613632851648625
0.5
0.4275038533904374
0.5
0.4262574118213207
0.5
0.7765732346955955
0.48603473144810816
0.6578242282885683
0.45809361701736817
0.5264568335923001
0.42998139201506236
0.5221293345260122
0.7426142787578354
0.3550077067808748
0.4269658221806986
0.39840198717960207
0.7074370781130327
0.5656025370158362
0.1460683556386027
0.716590238590879
0.3916287815708316
0.4562614555456913
0.2070502313925009
0.9269658221806987
0.0
0.707522883407808
0.30743980688118666
0.39989778812762744
0.672384233040242
0.1178096041790857
0.786013732485877
0.6164336315473431
1.0
0.6027509210054847
0.6725956707728977
0.4220830496445941
1.0
0.35224082505780807
0.3960224360773022
0.0
0.5730341778193013
0.38356636845265696
0.6639761005444872
0.3916735729769763
0.2413756534263614
0.5632605056108927
0.4237474300005159
0.5011869255584637
0.5730341778193013
0.5
0.4529077549577908
0.19687407608286536
0.5711171531035676
0.8687949259683276
0.6281895041973087
0.5
0.6069931337570614
0.35782441750425864
0.5
0.4918452761545183
0.7343198238384324
0.4970865657281327
0.5725158465210546
0.7765732346955955
1.0
0.13863671483513756
0.4912214590655489
0.5195312674392069
0.47036527590874033
1.0
0.4087949031111279
0.6069931337570614
0.2530391524483786
0.2366109894988346
0.5
1.0
0.5952372611070958
0.5724961466095626
0.5804751707106967
0.1708787190543504
0.5656025370158362
0.2532633522125847
0.7160414604131305
0.7328286323410357
0.24673664778741525
0.6487610106323046
0.23266529737308755
0.45083096274929635
0.5640940544051425
0.47908149122933796
0.4275038533904374
0.584790050469267
0.6201049716811229
0.5307862301717662
0.8320902479859057
0.3826772669754009
0.5151322914481651
0.2485671498444239
0.5545668133880691
0.7798963597571601
0.3344624582251331
0.43329862694083326
0.27968866526441694
0.5135100548879235
0.2960819157603371
0.0
0.47354316640769983
0.3916735729769763
0.5222030832877945
0.5965459231192326
1.0
0.5214627941595207
0.5191875134534308
0.584790050469267
1.0
0.7234267653044045
0.4254845316565481
0.3275546207918305
0.6201049716811229
0.6029060372545169
0.13777597395434457
0.20951974116161157
0.28040282773805375
0.4116123330968303
0.44685353060880906
0.584790050469267
0.5346694052538249
0.0
0.5424236497569489
0.6725956707728977
0.400064605907265
0.08961554885016511
0.5995614929535963
0.4067040568786744
0.5627638356392048
0.17355508125846286
0.21398626751412297
1.0
0.6695801009385339
0.7351826379543702
0.46914979410747765
0.4343974629841638
0.7654742456972253
0.8539316443613972
0.5400341304674886
0.4808124865465692
0.8687949259683276
0.5221293345260122
0.4034540768807674
0.786013732485877
0.2318227097370034
0.6566364584573413
0.32783598098042943
0.6131471873089194
0.30284669551682153
0.4956677140829974
0.5110303774437327
0.6652642243854453
0.7613037753051055
0.43067657947540283
0.535104192602537
0.6438542788511018
0.49211302502882626
0.35258146460419937
0.30078517497020635
0.5253379174863518
0.5
0.20210735516747766
0.6800273115763629
0.41520994953073304
0.8304198990614661
0.0
0.38596937299710093
0.0
0.14704033742702738
0.7990560874953347
0.6144247745605267
0.2778396295798501
0.33602389945551286
0.3812509935929729
0.0
0.5852187370031022
0.6668409537493967
0.16958010093853398
1.0
0.5422384741611339
0.2791875721445851
0.6053125778076113
0.5730341778193013
0.8687949259683276
0.4808124865465692
0.4778706654739878
0.4034540768807674
0.42565716016856187
0.6096728899317472
0.6713860779939196
0.38013075756767667
0.6106886650461973
0.4121943796963693
0.7467366477874152
0.4912596971843981
1.0
0.47036527590874033
0.5656025370158362
0.4852285575156707
0.15048880932256667
0.6131471873089194
0.2927091251977443
0.7426142787578354
0.7816302528054463
0.515387642340258
0.44436116960836614
0.5060783048967572
0.49221965326651457
0.19103160623638765
0.5085161257383062
0.4406226694711661
0.360028896230957
0.5981691668620518
0.44685353060880906
0.34603728264369527
0.330419899061466
0.37147240187094266
0.777349246793562
0.498007199169245
0.6386367148351375
0.4778706654739878
0.7648173620456298
0.8304198990614661
0.7351826379543702
0.4529077549577908
0.19027287099897525
0.6695801009385339
0.6399453768472743
0.8550077067808748
0.5452023661570334
0.4566005462719583
0.608989759361214
0.8613632851648625
0.42235614247126296
0.5825475083252177
0.5088013244975679
0.5331443612292089
0.3600546231527257
0.34585741471314596
0.23570627034368255
0.47739087724731133
0.5
0.5221293345260122
0.5891029366388006
0.34877772802350887
0.5372406386061436
0.5817247758096032
0.36619938009959135
0.6386367148351375
0.4343974629841638
0.7648173620456298
0.5375693613025727
0.3391090170642138
0.35614572114889825
1.0
0.584790050469267
0.8687949259683276
0.5730341778193013
0.6069931337570614
0.0
0.0
0.41681646284429386
0.6559956365624037
0.510971510207858
0.3892589952088177
0.6578242282885683
0.7471222809693052
0.6328581672353707
0.15232257549328923
0.44685353060880906
0.0
0.8421757717114317
0.30932158291309403
0.2760661133328505
0.8304198990614661
0.8539316443613972
0.293472629855689
0.7467366477874152
0.7530391524483786
0.0
0.47036527590874033
0.5523934231782524
0.41149855418989656
0.36184003701128065
0.4747677692819337
0.08374867734475196
0.777349246793562
0.47036527590874033
0.5
0.6722745937869922
0.4488846877288195
0.6843515434228633
1.0
1.0
0.0
0.5
0.3672788927457005
0.7469385106043358
0.43736437742663337
0.6208418801623858
0.7426142787578354
0.0
0.691040901509018
0.6065160405609648
0.6917831842263285
0.6083264270230238
0.5117558726499656
0.9206606927639699
0.31005248584056144
0.42176315637973333
0.5656025370158362
0.6992148250297936
0.4852285575156707
0.3496074125148968
1.0
0.52514095733956
0.6131471873089194
0.51818228644685
0.535104192602537
1.0
0.6694679005097534
0.6077886487535682
0.0
0.8421757717114317
0.9562707618283143
0.7245436428945796
0.2964480675295818
0.4912214590655489
0.716590238590879
1.0
0.5191875134534308
0.5956779475157272
0.4757669996488822
0.7309689393063571
0.5253670429962938
0.811631019831163
0.922494694636421
0.7428263573150397
0.8622240260456554
0.6354765739714707
0.8082168157736715
0.5823903741799431
0.43647174782810483
0.3934839594390353
1.0
0.3869645758687609
0.6386367148351375
0.6566364584573413
0.704688885875702
0.5481327457920727
0.40852004606507547
0.32739496485214425
0.5577401093487708
0.28576503678700876
0.5698801579650019
0.37581997723283256
0.8775416467901241
0.5216391186326133
0.7894779395504506
1.0
1.0
0.34574480290553217
0.3410075833342802
0.33916020187706797
0.34121754014524364
1.0
0.35911628545494767
1.0
0.4934732955748305
0.6914896058110643
0.6534151114360532
1.0
0.9224340968549656
0.30388335690064944
0.7302756732865153
0.6763712440609098
1.0
0.738691902289324
0.7265177357975902
1.0
0.7760997794718746
0.9047172226631208
1.0
0.6689832837780362
0.9073130232131891
0.7925629218869673
0.1951900222593106
0.4921851902071634
0.6952884725149636
0.7573857212421646
0.8613618169418648
0.6438542788511018
0.6578242282885683
0.8930068662429386
0.5958337858272824
0.7100154135617496
0.7467366477874152
0.8421757717114317
0.5817247758096032
0.9015629619585673
0.7968409771958099
0.8687949259683276
1.0
0.8375161007706464
0.9343974629841638
0.7859770127216661
1.0
0.6064249920158233
0.535104192602537
0.9110983815137923
1.0
0.5407925679733859
0.576049747653665
1.0
0.609334627550834
0.7364722471540498
1.0
0.6725956707728977
0.0
0.8558112420248054
0.8304198990614661
0.9392915575917032
0.6053125778076113
0.7947520280996537
1.0
0.8274043292271023
0.8508342816032615
0.48436158822219194
0.6539247388288321
0.9013035727021285
0.5270555056919005
0.9343974629841638
0.5670025910938995
0.7093099142766928
0.8930068662429386
0.6652642243854453
0.8647976738960426
0.8687949259683276
0.8304198990614661
0.7136343707828654
0.44685353060880906
0.41952482928930335
0.0
0.32597253773985774
0.6531920181223881
0.6349409315034701
0.7688146749422036
0.5914799539349246
0.9293724351214584
0.3020041078807374
0.6929649111121461
0.7706166090286444
0.0
0.6619964371953706
0.7573857212421646
0.39815813462707267
0.4262328035938076
1.0
0.27727342967027513
0.8687949259683276
0.535104192602537
0.5793199957868614
0.660839798122932
0.6680073407559073
0.42235614247126296
0.469115570982802
0.699534379988689
0.6578242282885683
0.3926009899634035
0.9013035727021285
0.5538466643658706
0.8318724577312647
0.4179029274813381
0.6069931337570614
0.584087013832777
0.7698818630069402
0.7423945371243903
0.6309297680854797
0.6932185179430661
0.7825115601713122
0.482038132669264
1.0
1.0
0.4393341235725304
0.586945259711378
0.5817247758096032
0.6503925874851032
1.0
0.9269658221806987
0.9343974629841638
0.653635750523499
0.48625873681084997
0.5993516499149099
0.8304198990614661
0.786013732485877
0.716590238590879
0.9065280358634525
1.0
0.5177253832844056
1.0
0.5245136610577601
0.3156484565771367
0.8930068662429386
0.9343974629841638
0.44306313311567014
0.49875489562210645
0.5245136610577601
0.2123061181652099
1.0
0.4501924569315571
0.3743013510628929
1.0
0.3161248256298911
1.0
0.41382062027988337
0.7050387145361331
0.5298905191215519
1.0
0.7765732346955955
0.47111094219498506
0.3492244719932341
0.44813571379191786
0.6025478898122207
0.7530391524483786
1.0
0.6410701036739882
0.5887744583640836
0.9343974629841638
0.4562614555456913
1.0
0.6487165100204861
0.7833471459539526
0.7264208854383947
0.6103409645750655
0.7562815443068066
0.6438542788511018
0.7467366477874152
0.6438542788511018
0.6907700714471059
0.9269658221806987
0.8550077067808748
0.5190632459804465
0.6901549988328964
1.0
0.7467366477874152
0.5538466643658706
0.4852285575156707
0.586945259711378
1.0
0.6542772491076484
0.5931906682960022
1.0
0.7467366477874152
0.786013732485877
0.6131471873089194
0.31629965805927124
0.6884532707876707
0.9015629619585673
0.9110983815137923
0.7227265703297249
0.6508205111293316
0.5925120268290973
0.37317398639728644
0.6917831842263285
0.6201049716811229
0.6596165534920533
0.7467366477874152
0.490807628901436
0.7015306209225893
0.4027475757908304
0.42135918309349024
0.660839798122932
0.7648173620456298
0.42106708880128985
0.41648497959168757
0.5523455212535477
1.0
0.4499475709894454
1.0
0.5214627941595207
0.3733683238937076
0.34519134154579534
0.7291714720762752
0.34574480290553217
0.8304198990614661
0.0
0.3843987013374403
0.47703822813501523
0.4849926841180137
0.0
0.5284555696935643
1.0
0.8550077067808748
0.12092200469328841
0.3930068662429385
0.584790050469267
0.42585106487818114
0.1711002031852476
0.3869645758687609
0.12421371516500533
0.4275038533904374
0.8792872116637793
0.0
0.6917831842263285
0.5056070458502085
0.6992148250297936
0.4899486382843449
0.5759032211964539
0.19366182191954467
0.41382062027988337
0.16958010093853398
0.5245136610577601
0.3572582252446757
0.32298825825800087
0.3550077067808748
0.6887676143919648
0.8550077067808748
0.5724961466095626
0.24673664778741525
0.6539247388288321
0.5804751707106967
0.6843515434228633
0.5773584096658019
0.6658637278653669
0.29572446636497063
0.5266330075445754
0.5
0.7590911432234251
0.6725956707728977
0.4583497016980729
0.3600546231527257
0.3672788927457005
0.5510170519781843
0.5335127900918502
0.0
0.16958010093853398
1.0
0.12907565118668263
0.0
1.0
1.0
0.5
0.6132659821113118
0.8447122849425259
1.0
1.0
1.0
0.2578240461785741
1.0
0.5
0.844236502733642
0.8687949259683276
0.3826772669754009
0.8687949259683276
0.5974404381524477
1.0
0.4357934648462097
0.4013373584795838
0.3117250585333605
0.6438542788511018
1.0
0.8550077067808748
1.0
0.209002768839754
0.8550077067808748
0.8539316443613972
0.6449922932191252
1.0
0.6258472155967081
1.0
0.8360238994555128
0.535104192602537
0.16958010093853398
0.33876933289866695
0.5871285982055098
0.41648497959168757
0.6666666666666666
0.3940057909882734
0.4918452761545183
0.535104192602537
0.6578242282885683
0.4849926841180137
0.6438542788511018
1.0
0.1130822349057753
0.43067657947540283
0.8304198990614661
1.0
0.8539316443613972
0.5958337858272824
0.6452870449642866
0.5369923199430805
0.42235614247126296
0.5
0.9161872340347363
0.7124353055585652
0.48824412735003436
0.5678011371078903
0.48359452812335496
0.5279207729756549
0.5802705572083069
0.6025478898122207
1.0
0.5804751707106967
1.0
0.5724961466095626
0.7174884398286878
0.660839798122932
0.16958010093853398
0.49655735328323464
0.584790050469267
0.7291795659185131
0.5656025370158362
0.5339589559377601
0.6217429421572644
0.4254845316565481
1.0
0.3868528126910807
0.6800273115763629
0.8304198990614661
1.0
0.699534379988689
0.509483177156062
0.8496074125148968
0.2752298498346043
0.8687949259683276
0.4887879314107694
0.851048823130397
0.9269658221806987
0.7467366477874152
0.0
0.43668416194685383
0.5730341778193013
0.7467366477874152
0.46289313259244436
0.5724961466095626
0.5956237585187741
0.15232257549328923
1.0
0.5656025370158362
0.2532633522125847
0.597791621837658
0.0
0.786013732485877
0.30078517497020635
0.4406226694711661
0.5804751707106967
0.4970865657281327
0.3168395058380371
0.786013732485877
0.15247426251955518
0.324538708488939
0.060835276117134816
0.27727342967027513
1.0
0.0
0.5892309233365721
0.6436609879261415
1.0
1.0
0.7467366477874152
0.7109706976797593
1.0
1.0
0.7716392286688483
0.5656025370158362
0.6789122087521293
0.0
0.6475706286678421
0.4154677470586708
0.518983807325362
0.12663167610629236
0.8539316443613972
0.3219028163984902
0.6925562326101534
0.7234267653044045
0.31036882600607335
0.8304198990614661
0.4411338814854586
0.7467366477874152
0.5002420887735161
0.5
0.5
0.43468542764502377
0.45335204309313887
0.24562984859219905
0.5794007563036382
0.5825475083252177
0.34574480290553217
