0.4947922322841031
0.38253688844630374
0.0
0.09262390118491737
0.326496449828061
0.2573079173041112
0.1732470845873258
0.10295181789582004
0.2561134451586987
0.16191145248347522
0.12785545615088564
0.8151510468864832
0.1827653309406126
0.559440134584712
0.37480575628674695
0.2895983086561092
0.0
0.44539881946856585
0.4542239823923331
0.362937444383726
0.18265521783324107
0.7397374663221716
0.7397374663221716
0.2133151256157581
0.0
0.2620045774952923
0.15477863974972428
0.13869012504799366
0.4208033826877816
0.482422679720381
0.28536106693384616
0.300898991254626
0.2710548101570605
1.0
0.32999154099482364
0.7244804029027523
0.2876518886832955
0.17396620675597602
0.8869465993743106
0.12677772868303624
0.11115584380127012
0.36112017388698847
0.3868376126746849
0.41247582896544566
0.3178818910360511
0.4898207198059729
0.7698724389694698
0.5233139141894291
0.2499201520755876
0.186335288477823
0.2547237305398433
0.370434037482361
0.6843515434228633
0.08045675390393488
0.5763865924242311
0.6107549177653614
0.24228549322893084
0.6724935352104012
0.38715184345380704
0.4463867339590227
0.5733697487684838
0.3463081694078213
0.6469101839391602
0.6455709459479493
0.17808212309823282
0.24486033278174588
0.7738931987486214
0.740878243735708
0.4747677692819337
0.3333333333333333
0.1130956049476524
0.46914395236821044
0.5111597692237956
0.36288665724232544
0.7797481311003239
0.17295721952780485
0.5338567833134709
0.500030613040867
0.2876567976637971
0.3486674205798913
0.19184336210249334
0.34919157932877953
0.15053138944793254
0.23038674182559046
0.6166096238281514
0.2501327957128295
0.0597305886626858
0.1077398335463829
0.37903629025223184
0.5125203939802757
0.32999154099482364
0.220279932707644
0.6785815604408115
0.0
0.30078517497020635
0.4747677692819337
0.5176573698472422
0.660839798122932
0.0
0.5338567833134709
0.06856779588243188
0.3835309262108379
0.3279098949837719
0.368963276803722
0.28321705633839944
0.4089221679914653
0.11622247352663043
0.1805242192481863
0.68852887818819
0.07473219030748607
0.22494142754263172
0.4089221679914653
0.12616915447249277
0.7442890876982287
0.457045119564691
0.30078517497020635
0.18250599012911034
0.13334533328785128
0.2150482229392673
0.2789733446394926
0.0
0.3277691685225153
0.3333333333333333
0.6670734703648306
0.39143248377456275
0.2939523844989153
0.49118475915128507
0.2895983086561092
0.3333333333333333
0.6316202648119769
0.51818228644685
0.3333333333333333
0.3277691685225153
0.5531464693911909
0.5685312306385825
0.09108266608371067
0.3333333333333333
0.21175226627559202
0.4194641446965707
0.48101647615767906
0.36729198439611355
0.43829264771226
0.6312356870725394
0.528383345316837
0.4759908450094153
0.7058448900089547
0.6312356870725394
0.18140733749595428
0.5338567833134709
0.22550022775498582
0.051544258438269416
0.32958335497434826
0.4208033826877816
0.531639991884888
0.3619110016041321
0.6568190383437804
0.6469101839391602
0.6043130978100874
0.12824661816948912
0.09262390118491737
0.1804173828448869
0.12616915447249277
0.32627394358353395
0.21398626751412297
0.07902092419874156
0.2768066330204887
0.07817641598004023
0.3277691685225153
0.5338567833134709
0.38356636845265696
0.07132875583804099
0.3976972820794884
0.6863024180874526
0.24386228884620806
0.8687949259683276
0.1658907865629344
0.6094828117022287
0.23307160834326454
0.2768066330204887
0.51818228644685
0.5029134342718673
0.2133151256157581
0.20915754526534439
0.554970685963136
0.702097646260794
0.7994765500198624
0.4747677692819337
0.30478134865394185
0.5296347240912597
0.3251836860345565
0.8539316443613972
0.3277691685225153
0.19184336210249334
0.1827653309406126
0.2895983086561092
0.27173929430448474
0.37211393080824734
0.43062490851752766
0.27727342967027513
0.18282221756802072
0.5733697487684838
0.5890442456351046
0.13164048768570766
0.2610557174313542
0.1712195461324519
0.11617084209827994
0.1805242192481863
0.3001806259572152
0.21175226627559202
0.057919661731221844
0.37365244329620784
0.6312356870725394
0.280259523066399
0.6399453768472743
0.3333333333333333
0.7140856393487363
0.2
0.1169358340867129
0.2787794481873655
0.6312356870725394
0.17724662340211594
0.5088013244975679
0.12778749597897157
0.24139474277179748
0.4463867339590227
0.5176573698472422
0.559440134584712
0.3333333333333333
0.19842071371067949
0.2008869804194748
0.559440134584712
0.27394705210983916
0.2787098637395869
0.4463867339590227
0.7698724389694698
0.3197257670356911
0.08251464378111552
0.12235025514434282
0.8869465993743106
0.6724935352104012
0.33916020187706797
0.5890442456351046
0.8151510468864832
0.5854902825057394
0.18583510691190772
0.4726736812072175
0.19184336210249334
0.3333333333333333
0.12299772584850902
0.2141785320760247
0.559440134584712
0.18613846759698585
0.23307160834326454
0.13302782339591465
0.33901268552929625
0.23738880053435904
0.3750579781209817
0.2500384858851941
0.20581935222626216
0.6779553350512283
0.3333333333333333
0.08752603649490283
1.0
0.1804173828448869
0.1998723205387491
0.5958337858272824
0.4089221679914653
0.4002849620839148
0.15704241905154276
0.22953464473742968
0.46833353793929294
0.29129494462921435
0.4759908450094153
0.22953464473742968
0.3333333333333333
0.2620045774952923
1.0
0.21416276271428625
0.2182695528180682
0.30333977840910004
0.4463867339590227
0.6729603318601877
0.19317983439610387
0.26520947486783597
0.3652848140464026
0.2846438814537991
0.3155872304954027
0.4759908450094153
0.3652848140464026
0.4747677692819337
0.0
0.14723431709496262
0.4759908450094153
1.0
0.15249820002664932
0.20732319282484804
0.07817641598004023
0.1460683556386027
0.541197967331127
0.2577212921913471
0.0921385439164044
0.5157051099074879
0.2304133078280588
0.09888166378375977
0.4148223053186765
0.2626757193936572
0.3072506405762356
0.23993681233633238
0.2787794481873655
0.13413972286562223
0.1765449080304199
0.2620045774952923
0.3942566030447408
0.30382543902806686
0.2787098637395869
0.5634608943638636
0.47199791830142424
0.16975316738125268
0.32197462894140755
0.4759908450094153
0.18525249442808195
0.4273013931298811
0.8119259851271061
0.1802396928744616
0.34519134154579534
0.5958337858272824
0.12023624042316292
0.2897668648486459
0.07346561539622322
0.3825007436639685
0.5958337858272824
0.21050145428078584
0.2991412362449808
0.33030135361434926
0.06005162829372857
0.4737740646159734
0.5809719978283355
0.4603163481427945
0.37350737245139276
0.8358268626508468
0.786013732485877
0.0
0.9306514526307804
0.36900746468764933
0.12616915447249277
0.13227875453766508
0.31559939308656004
0.25454382217714167
0.06966893882233513
0.5087843365012867
0.29822949604176296
0.10731765471522041
1.0
0.09014492365123432
0.19832114031592346
0.05391533124553702
0.27023204294347164
0.3270396681398123
0.20206877688019625
0.34589532876177276
0.1718172923442091
0.6351427711983676
0.22961275384663657
0.5505226976541452
0.30482071846768105
0.6790438494889128
0.6309297680854797
0.6877623873853841
0.23738880053435904
0.12156951823489388
0.39891278615033327
0.21215165392290058
0.45040749373817424
0.36721288755962633
0.08883193270705984
0.8304198990614661
0.0
0.1460683556386027
0.142803106553681
0.0
0.7693968244703733
0.9125299506455518
0.6447059564334909
0.5958337858272824
0.6934264063455403
0.3893543305835814
0.24424613149069
0.13445449202822285
0.5890442456351046
0.10375857519052845
0.34907688041026763
0.09876612897246395
0.6762133764160503
0.5149088146939588
0.22953464473742968
0.20452832232989562
1.0
0.1836626304829785
0.4234304437593588
0.7227265703297249
0.5301371903159873
0.362937444383726
0.6992148250297936
0.16596250014907565
0.25122328174924763
0.46914395236821044
0.559440134584712
0.3277691685225153
0.5169330025768424
1.0
0.15019779691268115
0.786013732485877
0.16958010093853398
0.21453270921770404
0.28911556841607333
0.5437713003958233
0.5890442456351046
0.3937506787409237
0.29553891600426735
0.16049402645835775
0.30078517497020635
0.5958337858272824
0.5296347240912597
0.3424737229361448
0.1265444625651315
0.660839798122932
0.3333333333333333
0.5634608943638636
0.3328106517422308
0.20803518757199052
0.0
0.10159378288464728
0.25690899552195046
0.22953464473742968
1.0
0.4463867339590227
0.09560418993925308
0.1010415535431794
0.20247294937716434
0.5512227948909844
0.0
0.45228817386905956
0.0
0.6039992969251715
0.488111378746671
0.23037087984360544
0.18633589345772208
0.2390211350051452
0.4208033826877816
0.18399862322811797
0.16179981367675722
0.18764393847163569
0.17827671597694075
0.7540211989077498
0.2595093563735019
0.3675084351909704
0.6164336315473431
0.3163832512684414
0.37481486220810994
0.6765142949895528
0.12426274547947985
0.13317778660842017
0.0
0.30671821741120914
0.030267130913963276
0.3776656791774649
0.17094233025386688
0.0
0.4385699028665446
0.5917920028850772
0.8151510468864832
0.3333333333333333
0.22953464473742968
0.3333333333333333
0.2201954361735365
0.3333333333333333
0.702097646260794
0.2771223238338374
0.5437656377180912
0.25690899552195046
0.39943783590371756
0.40171804185864
0.4166158163040628
0.6568190383437804
0.19061013651396583
0.2846438814537991
0.21302117096871112
0.5301371903159873
0.4208033826877816
0.1460683556386027
0.6130649565956129
0.17948403103920096
0.3214184395591885
0.16520887730975475
0.9026210962409316
0.0
0.5727098762696933
0.21657937961895948
0.3301287289826419
0.6221319735115504
0.057703639236871114
0.786013732485877
0.6164336315473431
1.0
0.49395962971494684
0.5634608943638636
0.20016975390846903
0.0
0.1272646250987461
0.30774998206209225
0.0
0.4307122370924018
0.38356636845265696
0.4834672014163708
0.19184336210249334
0.1430571985641942
0.5169330025768424
0.25092440678817407
0.36830074844635396
0.4307122370924018
0.3333333333333333
0.24424613149069
0.13869012504799366
0.31525799236776986
0.8687949259683276
0.5755814281011192
0.3333333333333333
0.4759908450094153
0.3214184395591885
0.3333333333333333
0.2849002044178474
0.6096061994832574
0.28321705633839944
0.42504246217690383
0.702097646260794
1.0
0.09242447655675837
0.23073759734009974
0.452442531545987
0.47036527590874033
0.0
0.16268977394551976
0.4759908450094153
0.08155566496292378
0.0863440555956081
0.3333333333333333
1.0
0.5168430484556391
0.38523267763128516
0.4089221679914653
0.060620552658330454
0.4208033826877816
0.3031246606295382
0.5826271021750569
0.7328286323410357
0.09347200133589761
0.5176573698472422
0.07498907918974951
0.23744372688845616
0.3270740489959596
0.3206031512478194
0.22953464473742968
0.4463867339590227
0.4947922322841031
0.47190437855518425
0.8440905777287169
0.13826131286015625
0.3253614858680252
0.13582855184930276
0.3423468310958167
0.7497927280600821
0.1638211176600011
0.19496058451450476
0.09014492365123432
0.24861090812781178
0.2960819157603371
0.0
0.3178978528629564
0.19184336210249334
0.4759908450094153
0.5107506827051778
1.0
0.45485397366933633
0.4591784095946432
0.4463867339590227
1.0
0.6877623873853841
0.31374543680754785
0.24153349871157878
0.4947922322841031
0.6040770146545154
0.10159378288464728
0.1873442926380227
0.1685545815715507
0.14446499985440373
0.39032683029596443
0.4463867339590227
0.3942566030447408
0.0
0.269831345412003
0.5634608943638636
0.32102828661092775
0.04897006797204276
0.5147714424843294
0.23173817299480787
0.49039871246721284
0.057495090781975705
0.21398626751412297
1.0
0.559440134584712
0.6469101839391602
0.1912893896395616
0.2895983086561092
0.48650132918140454
0.8539316443613972
0.38701867672288104
0.4208033826877816
0.8687949259683276
0.4166158163040628
0.3176588364667125
0.786013732485877
0.17094233025386688
0.5162274946404897
0.1997948433842982
0.6131471873089194
0.22331427279087393
0.17396620675597602
0.40775977095438853
0.528383345316837
0.7027639897917807
0.43067657947540283
0.3652848140464026
0.4747677692819337
0.2698531465353059
0.1725053192096284
0.30078517497020635
0.36470855470468166
0.3333333333333333
0.20210735516747766
0.5733697487684838
0.3333333333333333
0.8304198990614661
0.0
0.20706403306484444
0.0
0.10654372999620976
0.7436487964636883
0.5296347240912597
0.08653478952527507
0.1804173828448869
0.3593834812543608
0.0
0.45830591627830014
0.3637985413782277
0.16958010093853398
1.0
0.24577325734051914
0.1505615298261959
0.4611392561856105
0.4307122370924018
0.8687949259683276
0.4208033826877816
0.3813010766095784
0.3176588364667125
0.4037896478299498
0.44297152223934044
0.6713860779939196
0.14692832207879325
0.4884960771788159
0.3313229534437575
0.5958337858272824
0.4912596971843981
0.0
0.47036527590874033
0.4208033826877816
0.4852285575156707
0.10834265722205313
0.6131471873089194
0.16186687835132366
0.6568190383437804
0.6779553350512283
0.28108723176238026
0.3652848140464026
0.37317398639728644
0.33891204425068
0.10256836639795916
0.2780368169296939
0.3249080556755212
0.3670732889704299
0.4726811096458363
0.44685353060880906
0.18909072665788298
0.220279932707644
0.2616878508965027
0.6863024180874526
0.4736398185024367
0.51818228644685
0.3813010766095784
0.6864231493941731
0.8304198990614661
0.6469101839391602
0.24424613149069
0.10397386999921693
0.559440134584712
0.6399453768472743
0.688603934212289
0.24932221876224195
0.37572912001934655
0.610936923102029
0.8151510468864832
0.17856067897453845
0.42955394595932567
0.2813649285508331
0.305228499746372
0.3600546231527257
0.12745541542590896
0.18807401487289394
0.25749906468829026
0.3333333333333333
0.4166158163040628
0.47473068199232477
0.1489860745527897
0.2347084957863665
0.378019117826392
0.31192826191889184
0.51818228644685
0.2895983086561092
0.6864231493941731
0.2968744071922536
0.13982605639314752
0.2626161153590331
1.0
0.4463867339590227
0.8687949259683276
0.4307122370924018
0.4759908450094153
0.0
0.0
0.18712800288721346
0.45712856566893023
0.2829439814240092
0.3165520064025644
0.5437656377180912
0.6329848342027081
0.3357159075159287
0.16095798997353655
0.44685353060880906
0.0
0.7895676956152422
0.25908325097362517
0.11521732768402461
0.7738931987486214
0.8539316443613972
0.11117713682142148
0.5958337858272824
0.6357901017563196
0.0
0.47036527590874033
0.43070113345075295
0.36462131461380604
0.13334533328785128
0.23154157421943775
0.024539884535296628
0.6863024180874526
0.47036527590874033
0.3333333333333333
0.4516859836254607
0.24788785098747781
0.6843515434228633
1.0
0.0
0.0
0.3333333333333333
0.16975316738125268
0.7112741326853153
0.2344765862784629
0.521337108861148
0.6568190383437804
0.0
0.7033908021813906
0.4099232660188406
0.6455709459479493
0.46914395236821044
0.4542239823923331
0.8775258354928083
0.11745813453564119
0.16558245618819808
0.4208033826877816
0.6992148250297936
0.428701857202826
0.23307160834326454
1.0
0.3410666539740562
0.6131471873089194
0.3805200825745215
0.3652848140464026
1.0
0.4597507389172524
0.4502136854202199
0.0
0.7895676956152422
0.9355095289691446
0.6718508397810306
0.10414985296728725
0.23073759734009974
0.6130649565956129
1.0
0.4026517092817985
0.34449076909960225
0.21942983720631454
0.5344498702439537
0.37510082888132046
0.6952465870006617
0.9076971607923717
0.5982556040454649
0.7968124342307055
0.48101647615767906
0.7442890876982287
0.39215287115213693
0.22549335399095433
0.2121997997265044
1.0
0.19317983439610387
0.51818228644685
0.5162274946404897
0.583929624856019
0.3133126614463512
0.2971909075152785
0.35583991455375114
0.25759380828906336
0.2231193337136147
0.40341386749239483
0.25673787328605996
0.832809470009426
0.25454382217714167
0.7033908021813906
1.0
1.0
0.12616915447249277
0.2514534964910598
0.33916020187706797
0.11987852352061745
1.0
0.12422914207033037
1.0
0.3937506787409237
0.3785074634174784
0.4345701662216546
1.0
0.889589573972365
0.09400315068213934
0.6799835367811884
0.6131563669303578
1.0
0.6863656198127676
0.5283290627986298
1.0
0.5794639089382532
0.9047172226631208
1.0
0.3900841825590295
0.8286434837904201
0.6215484379745146
0.1951900222593106
0.48541543766797784
0.5111597692237956
0.6765142949895528
0.7624827065766218
0.4747677692819337
0.5437656377180912
0.857342488323918
0.3294935026810589
0.5329059013184336
0.5958337858272824
0.7895676956152422
0.378019117826392
0.8613098749520063
0.6244065391803528
0.8687949259683276
1.0
0.7603739823892958
0.9125299506455518
0.7521109320883121
1.0
0.34231467783823094
0.3652848140464026
0.8090683744347215
1.0
0.34823185822748665
0.5477863974972428
1.0
0.5433596629499415
0.5613162178632985
1.0
0.5634608943638636
0.0
0.7698987084867115
0.8304198990614661
0.8683105298612961
0.4611392561856105
0.7197780608506346
1.0
0.7698724389694698
0.7525360115343057
0.32658953069715757
0.4726736812072175
0.8652512666095812
0.3855541156408052
0.9125299506455518
0.2876518886832955
0.6728934136101115
0.857342488323918
0.528383345316837
0.7854509749310232
0.8687949259683276
0.7738931987486214
0.5872590271686516
0.44685353060880906
0.29553891600426735
0.0
0.2474728790826613
0.3486674205798913
0.45228817386905956
0.5437473168144005
0.405618184969443
0.9479446428547382
0.12610678788398977
0.5445869311909984
0.5065932294141715
0.0
0.5975141245632818
0.6765142949895528
0.16918467688868388
0.41378361453537416
1.0
0.27727342967027513
0.8687949259683276
0.3652848140464026
0.49061935696041076
0.660839798122932
0.3982278142399548
0.17856067897453845
0.2638892532156371
0.49342639630013424
0.5437656377180912
0.14689654012839928
0.8652512666095812
0.51818228644685
0.8318724577312647
0.2194519033613533
0.4759908450094153
0.38033318604910876
0.6642481827915362
0.5091839431201713
0.6309297680854797
0.5523845277353227
0.6107549177653614
0.3395771054674685
0.0
0.0
0.19646045663548692
0.46833353793929294
0.378019117826392
0.5338567833134709
0.0
0.9026210962409316
0.9125299506455518
0.5076249396416023
0.2402056745806798
0.4138181505406655
0.8304198990614661
0.786013732485877
0.6130649565956129
0.8508342816032615
1.0
0.2526733819375069
0.0
0.32197462894140755
0.3156484565771367
0.857342488323918
0.9125299506455518
0.2421850071567785
0.38105223625859375
0.32197462894140755
0.08796207261293904
1.0
0.3319646627282527
0.1501753247192023
1.0
0.33927379996918383
1.0
0.19954980131226058
0.6421677828244962
0.29140922080088133
1.0
0.702097646260794
0.20898796430126834
0.19083235387647696
0.16191145248347522
0.5678156014003527
0.7163012679935125
1.0
0.4307277767227182
0.375575289431342
0.9125299506455518
0.3214184395591885
0.0
0.47556556966385893
0.57553008630748
0.628371714101073
0.31816946409348
0.4954091981329234
0.4747677692819337
0.5958337858272824
0.4747677692819337
0.49351969326595485
0.9026210962409316
0.688603934212289
0.31559939308656004
0.4196507920351528
1.0
0.5958337858272824
0.51818228644685
0.4852285575156707
0.46833353793929294
0.0
0.47326311727992665
0.3299673385751471
1.0
0.5958337858272824
0.786013732485877
0.6131471873089194
0.23323427057035492
0.6367179613173
0.8613098749520063
0.8090683744347215
0.7227265703297249
0.6508205111293316
0.5925120268290973
0.18199485697787599
0.5890442456351046
0.4947922322841031
0.5298958966909245
0.4243328032061543
0.38297332224823033
0.5291129916566845
0.21841119929760183
0.22850432888093444
0.660839798122932
0.6864231493941731
0.29130859958546057
0.15348309399853985
0.3309515090199317
0.0
0.18981041225950987
1.0
0.45485397366933633
0.14144426773538477
0.34519134154579534
0.6835984757427073
0.12616915447249277
0.8304198990614661
0.0
0.30671821741120914
0.5151571349255532
0.26301296433822025
0.0
0.2887724898205625
1.0
0.688603934212289
0.09441335938724482
0.2620045774952923
0.4463867339590227
0.20067110113732545
0.06005162829372857
0.19317983439610387
0.08750372843227683
0.22953464473742968
0.829925076553037
0.0
0.5890442456351046
0.21916964282107348
0.6992148250297936
0.29659014097520414
0.37231627399569267
0.142803106553681
0.19954980131226058
0.16958010093853398
0.32197462894140755
0.14062601630817126
0.25906053018255804
0.19061013651396583
0.6287585105331771
0.688603934212289
0.38523267763128516
0.09347200133589761
0.4726736812072175
0.4089221679914653
0.6843515434228633
0.48516733143393664
0.5283423832390599
0.1305884125750513
0.5477096209737233
0.3333333333333333
0.5870133883830143
0.5634608943638636
0.21121387841375372
0.3600546231527257
0.16975316738125268
0.40577759156489046
0.37905929735965316
0.0
0.16958010093853398
1.0
0.04488641288235308
0.0
1.0
1.0
0.23738880053435904
0.47199791830142424
0.7521866177873628
1.0
1.0
1.0
0.09825370234659928
1.0
0.3333333333333333
0.7644846870489683
0.8687949259683276
0.13826131286015625
0.8687949259683276
0.3537450223104304
0.0
0.1818766488241432
0.18466637309844192
0.10883214994268699
0.4747677692819337
1.0
0.688603934212289
0.0
0.14723431709496262
0.688603934212289
0.8539316443613972
0.46308169407821287
1.0
0.4891748853210078
1.0
0.8239164597679867
0.3652848140464026
0.16958010093853398
0.12996741967325268
0.36581271797427034
0.15348309399853985
0.42857142857142855
0.16794498273707212
0.2849002044178474
0.3652848140464026
0.5437656377180912
0.26301296433822025
0.4747677692819337
1.0
0.06179334725746223
0.43067657947540283
0.7738931987486214
1.0
0.8539316443613972
0.3294935026810589
0.4375621297657032
0.2657491991575551
0.17856067897453845
0.5
0.8357926199853084
0.6040336177757251
0.3741855367795572
0.5031209113944549
0.2897668648486459
0.2595093563735019
0.3829184898817905
0.5678156014003527
0.0
0.4089221679914653
1.0
0.38523267763128516
0.696628743418996
0.660839798122932
0.16958010093853398
0.30475173523914395
0.4463867339590227
0.6688571549435322
0.4208033826877816
0.4273013931298811
0.4231662281551833
0.31374543680754785
1.0
0.3868528126910807
0.5733697487684838
0.7738931987486214
1.0
0.49342639630013424
0.3072506405762356
0.7994765500198624
0.10142773685327806
0.8687949259683276
0.283658458957292
0.7446551253663948
0.9026210962409316
0.5958337858272824
0.0
0.18941653413487192
0.4307122370924018
0.5958337858272824
0.2976530584669072
0.38523267763128516
0.3085407550591047
0.16095798997353655
0.0
0.4208033826877816
0.2020831070863588
0.36454932163099696
0.0
0.786013732485877
0.30078517497020635
0.3249080556755212
0.4089221679914653
0.28321705633839944
0.14207847505409
0.786013732485877
0.053568141479359066
0.15878501601498585
0.02241902315869181
0.27727342967027513
1.0
0.0
0.4742954156836263
0.601219841910532
1.0
1.0
0.5958337858272824
0.6583626215835698
0.0
1.0
0.7483129828107051
0.4208033826877816
0.547612293039459
0.0
0.4658504050806592
0.21429812116798896
0.3277691685225153
0.1010415535431794
0.8539316443613972
0.26767173448341697
0.6006999396175856
0.6312356870725394
0.16831393057914107
0.8304198990614661
0.4250267659513262
0.5958337858272824
0.23892741873241602
0.3333333333333333
0.3333333333333333
0.25501262595885155
0.2220261047637034
0.16375323239479936
0.47368946085155905
0.42955394595932567
0.12616915447249277
