0.4356453417648614
0.3711087028993744
0.1473606415225159
0.2243601817837452
0.3934078406423384
0.4218324322842241
0.3851601814122798
0.3423152435937257
0.23111128503782888
0.38238095349232215
0.3584138860630383
0.6858696280174156
0.2569226681092516
0.6129319988897821
0.5330515245690296
0.3640158543498577
1.0
0.5301217102470116
0.6045865302780798
0.5147570860432994
0.3394985100780432
0.5496703515411262
0.7415422875151345
0.4259594485310796
1.0
0.5685043161081688
0.2580859859005691
0.39311952656086585
0.3920980920324045
0.6018875790706246
0.2825726784847317
0.4848459015227634
0.32936808683239194
0.9363792130813923
0.28051798956399665
0.7614487738077947
0.1996097904906505
0.4831902864209285
0.880348597233706
0.20889863539328538
0.3963508457229922
0.2466700949346573
0.5420228661783005
0.4869052435790238
0.6484899922318299
0.5105940318399187
0.644319694879633
0.5207961759252703
0.21246464550741642
0.23998764215553117
0.27089801988256607
0.22547937857610537
0.6788993475151395
0.18268709960519058
0.4538932343837696
0.6381828880521799
0.546063059557586
0.5234749576144277
0.573880146570088
0.3814700748479489
0.5380098240664911
0.3380323268653563
0.7958409025661989
0.5847907928043282
0.20638895383895367
0.18668393906736216
0.7105496797650539
0.6719401799417546
0.5951787417000071
0.32091265601376423
0.3464651922040436
0.5308034193884282
0.6165835494571552
0.5651855731648333
0.8628511086765157
0.37408729690927645
0.6109216075797244
0.5176824637025282
0.3719712872572683
0.4075849239882727
0.31707302726166864
0.3592168195045793
0.41276019904329714
0.6257144408294836
0.5916214862219993
0.3502423527940356
0.12355048510643361
0.1495406212121865
0.48598743242432135
0.604423957019652
0.5175130137828381
0.3206052192103027
0.20803518757199052
0.0
0.5422491087216585
0.5450693436474608
0.7026028675307927
0.8200685172244644
0.0
0.4087529001294828
0.15412783298758223
0.39950447459256655
0.37628151176079805
0.3919105304938143
0.5221210460007784
0.5159958241639143
0.19558639029571367
0.351238564961965
0.7967075897977922
0.1603460487252863
0.17342529765113374
0.5876482659726899
0.17995037952618528
0.6424293552568686
0.5195828649372284
0.4480679327264033
0.18287122076342896
0.22872726742207003
0.34726386564628886
0.5790967844373925
0.0
0.4089590884841591
0.5977617328112761
0.5159958241639143
0.40069801431505725
0.4615907487382472
0.5449003989311136
0.5480406063856269
0.407388448524637
0.6141351966804913
0.5919511883632714
0.47692198607006436
0.35006660186451305
0.4978780322394905
0.6467225887217212
0.14066942903271493
0.48706187647012106
0.3139304240346342
0.3018802177711271
0.4898762677195475
0.5366245446875221
0.2543273387477218
0.5867764846065802
0.6537013632104758
0.4908986877261442
0.5691052196027935
0.5184780367976525
0.31605886296219304
0.5326977293083047
0.38480576513483367
0.19756482331773817
0.3074519043128982
0.48317417596989076
0.5491737724013185
0.49720159902843647
0.5432534206220258
0.5123686110664991
0.6741397022671354
0.22992546110418824
0.3022783384496637
0.27444106865316537
0.19951859512996858
0.21425190125419394
0.06943122255386133
0.169827787098158
0.3897301387489264
0.2148004827663686
0.29811523552869224
0.5799715422753278
0.44803002402881265
0.3666166848942911
0.589454206295136
0.8115024932018823
0.44540006575900987
0.9074250365948515
0.2939201850097573
0.4684666132859286
0.4459294158182273
0.43188632766014334
0.554462449974683
0.44526574922555406
0.30581821274121784
0.37857124440526085
0.6150386052606589
0.42976832973826545
0.7734390058422436
0.6629354825347357
0.4071660043708974
0.6016863558277308
0.450114162007383
1.0
0.5878262453896174
0.49569146600082586
0.30008257662991383
0.35213680287021537
0.0927138327038465
0.35912519908813806
0.47430330547635097
0.37326896177078117
0.21024680569439633
0.5773497439975604
0.49927221780220166
0.5650644984813831
0.3511860040294008
0.31624952183905
0.17850847921738336
0.20912102123421583
0.5941325461774936
0.3719520485684328
0.46982946612077137
0.387754058246276
0.6179020486634154
0.3570963285434306
0.4615890736872547
0.461370860933293
0.457893049380218
0.25554497804308907
0.2654297165608011
0.31164214916542743
0.5449192007089408
0.31869562811203955
0.5741027779971125
0.6231908354529716
0.6459046026904538
0.4690157653388074
0.7607699856634633
0.5289704576275298
0.43188632766014334
0.032828060380023776
0.49492634439926825
0.456172345841957
0.42140146634738895
0.37261030375252274
0.4066972543970532
0.3744408366042378
0.4213027754080666
0.6171554465124973
0.1394760434408609
0.8109900401899195
0.7640796181793124
0.2200917631911596
0.7333178360222031
0.7804414674644079
0.5604055397945992
0.18963463800486496
0.4353379721193619
0.22543762233744163
0.3844102382201917
0.22954230437401024
0.31078720357112494
0.42379029881660385
0.3028314512606908
0.37997936591889103
0.21621212954127503
0.39132420806299645
0.3091077188345725
0.5738307749899512
0.36337905717830693
0.48733091714366406
0.7437677572742314
0.3333333333333333
0.40080855816720123
1.0
0.2371636678876962
0.2583125746919879
0.8871958794203381
0.48180892038444173
0.5037266016633899
0.20864416110731882
0.2934934838951174
0.6352363210711246
0.5633138048730931
0.4206039939374687
0.2646946271577349
0.37962081503590756
0.5374924307671345
0.7059053971146075
0.29066482626782586
0.3473661529345196
0.42472257944968683
0.41136450476966974
0.6913386374236253
0.2563916268889481
0.4117251780245007
0.44011532855035734
0.37197703612242367
0.3613461510416996
0.5058761625566051
0.40439518068776803
0.378665853063025
1.0
0.11959394035549842
0.3997755404263639
0.9266360767498649
0.18626049434181952
0.3996975325508367
0.3028860797063858
0.21950220069798465
0.546074738333178
0.4477275487870408
0.1376314459051942
0.5779354846369184
0.312445932918323
0.47200813041585526
0.4743071754381728
0.4672807957213341
0.33852256001386494
0.24976734039025475
0.3153614821009527
0.21440109958340206
0.31009406151083885
0.40355806281992923
0.41128171137200814
0.4460943201315215
0.33840849616775703
0.4826703734275862
0.5591227874980469
0.25293954407007346
0.3858487595844078
0.6599539149584833
0.4682069337784964
0.41177723532209576
0.7166519560168079
0.2559081121637307
0.5056427649175202
0.6943559495587053
0.3720766440945558
0.2654897911788648
0.0909549075623591
0.3834688148227932
0.5521280698578496
0.3535189914902798
0.3801223635750098
0.6451274859450887
0.07189814123895617
0.7113522933322132
0.7587469471021957
0.555281180150465
0.45458957386881704
0.794633072519905
0.9148568849663433
0.49585798190236086
0.5821032077952398
0.4715356133841071
0.4087799903188103
0.5627560905112319
0.4709487112712041
0.42043756278220973
0.2597327100906236
0.6427618916503158
0.43215725761270746
0.6666295103673001
1.0
0.18837894948747366
0.4669050685080431
0.10468609856312122
0.8500389007570347
0.6090116104563676
0.33632977833184713
0.27663552951557546
0.3084745377915999
0.6397484132424486
0.33235941955778125
0.6703972831280399
0.793830296491345
0.5383117851949467
0.5
0.6957780682721929
0.24254428714881704
0.4115538665645635
0.4310547807014533
0.8891910808181513
0.5294954365089635
0.7717605868808924
0.22845621810970604
0.6618313197487639
0.06625652887242027
0.7227265703297249
0.5340477954492436
1.0
0.6508417557194793
0.723526933077208
0.7208140666644612
0.6943559495587053
0.6509209460362502
0.47030833437753017
0.9159319576796476
0.43112211655519833
0.7700465345334219
0.2006096672335554
0.7451717738658729
0.30200304884902335
0.7360576474326791
0.4347016505837044
0.45543791870493766
0.2745094949548415
1.0
0.08619989091024988
0.5012101707267764
0.7007731678050839
0.6576668766164867
0.4967274970913297
0.08671382943303665
0.453559444462649
0.3460518528267501
0.4667705428313266
0.5713843155732683
0.5950287311047028
0.7052009599811266
0.9216017310636463
0.4893682551195226
0.9492756646493955
0.14782949149021504
0.5737694650358397
0.2646429080892743
0.5706417269996291
0.5978252121290116
0.7827068933837892
0.4755426447710763
0.22224416028105617
0.4639264543266113
0.7863639811148949
0.6936634702259933
0.4902409253673356
0.19993354787605627
0.7136540111377959
0.3860341785769191
0.5542060031462733
0.468371891505964
0.28892322109525237
0.6131471873089194
0.17330235169173125
0.5076493710501169
0.45293810748033786
0.8572048541960036
0.5309679846101683
0.11728693954991151
0.284180943812468
0.5538759247535427
0.666657609992586
1.0
0.4928830745051167
1.0
0.6391525024152139
0.5361023615435823
0.267495415413657
0.16464124134919314
0.4195756025055525
0.48722892068801665
0.48162022386308245
0.2095835586478985
0.41687334054635555
0.3769258483853423
0.509868787284275
0.4658827791903144
0.45425433163473633
0.757382140767906
0.32066620298408965
0.3813538674758503
0.6186028778275009
0.39573976433298275
0.3074943878411439
0.10466386443416495
0.293108808428166
0.11872974093463529
0.4825037380458797
0.25815006100094084
1.0
0.4320829562268198
0.5371487632796352
0.5235838353836756
0.5958389544702314
0.4817850163840603
0.447510754785319
0.5737282437655014
0.44072763216505645
0.6215454210326783
0.29323993912761975
0.5766182831561424
0.440995593126001
0.45143015581469637
0.41802472056752016
0.2492419901514637
0.5513195746910653
0.3429573091734075
0.6448100534469676
0.2704536295387873
0.5840786012152223
0.5851687950210182
0.9363792130813923
0.49500295882964745
0.26456809800394937
0.44434338235513865
0.1644966095503409
0.6708806474955001
0.17723928414187598
0.36783418971986687
0.35956677452112085
0.48811332553550085
0.5889097461437085
0.31175781818993653
0.7577493557645543
0.5478527374569102
1.0
0.5856287630897511
0.6303247637975574
0.2704694990180631
1.0
0.18235411406293722
0.6562227558314345
0.06362078691860773
0.4846198206697307
0.43984030515921835
0.5146793298889654
0.3743023939010497
0.20369351941977074
0.8783116902768
0.424817658579229
0.3958430867880653
0.4572854762685094
0.576730842184601
0.4593585306754301
0.11356643073951146
0.5840396654391679
0.9216017310636463
0.5818589105597985
0.4351869266139601
0.4781738093627176
0.4106389215428694
0.4377903838238897
0.45517502835303014
0.6001592564399725
0.36825038218694484
0.4963356057922678
0.7055069622949305
0.8227785067468346
0.3439678488376951
0.2799337702021956
0.44418493570292644
0.5239295024080795
1.0
0.4979538353505316
0.5514447239033364
0.28527593455644584
0.16845280634910575
0.3589414355468912
0.905211632258121
0.5457536214169342
0.5338105392914159
0.43623611144585184
0.2561446180149304
0.7951303963332412
0.42237285827426985
0.6346169369833509
0.9060254394071405
0.18523253636257805
0.5870263386057164
0.6500473108198748
0.46436595701210626
0.5335215746718353
0.34656117202521297
0.489951914796951
0.5729828353556145
0.6019704951807552
0.4552061555395598
0.8128361581541651
0.19622519535618524
0.38980875763811756
0.6453668549202003
0.3987884416114425
0.4101750057462373
0.23989764331558291
0.5801739169285879
0.10847988340067935
0.4432908992727614
0.7864724828228213
0.2754115594831798
0.7354112467645993
0.7735966070593578
0.5686307748459881
0.17155910096410557
1.0
0.5119473245907841
0.5410307750305382
0.525419451765512
0.7818048754938743
0.6618865311060802
0.3167930005406244
0.271157116707179
0.6179449369483817
0.6864522501701671
0.2550131736185644
0.20697477688942365
0.26251031405295217
0.7033839905940581
0.6057222967757628
0.5190951537237929
0.4556350492222987
0.3333333432674408
0.5984270040596694
0.5778671372969172
0.39138088686162825
0.2029546149123748
0.6728803450486818
0.3660871955827148
0.7475756426097196
0.0544130464396883
0.3600546231527257
0.8701249874103478
0.6891644249226399
0.5596538405163886
0.22337596485946448
0.4032599063303913
0.524796040283521
0.9188391188731291
0.5351205266753196
0.6026267078893092
0.781651101252764
0.5775184297122854
0.508297993484111
0.5875502893266872
0.13415954758707518
0.6038628077912636
0.27123282129514625
0.5249810314942066
0.26079971417575026
0.4831902864209285
1.0
0.6147855314195606
0.7055706403205152
0.43067657947540283
0.6012644190014653
0.5435364105021352
0.3594154021245363
0.34256167414096605
0.4042383681042773
0.5348481730629214
0.49117052942758765
0.48435421609351037
0.8176084896229399
0.5587965994902341
1.0
0.06625422567104446
0.5889947654163777
0.0
0.13770577563763797
0.7143540029233867
0.6697331177704005
0.4449516359854665
0.3681347303183431
0.43628588020591025
0.0
0.7282966670375574
0.4825786727440773
0.16958010093853398
0.9216017310636463
0.4330198255787637
0.4227734470552107
0.6153237825515926
0.6369161535095229
0.7935840672773958
0.4767610915968692
0.5321191175373569
0.3558622634966009
0.5417379186502775
0.7951798621780618
0.5307212771735581
0.6274499898414587
0.5156883384600159
0.46612090416257423
0.4974956643787335
0.8013122239873519
1.0
0.39092738255826387
0.48141855013493295
0.6242322476721319
0.37817988958107057
0.0
0.23269794137480496
0.6920095432806952
0.8209013518604408
0.4431791138683298
0.47001826012566716
0.4204505251511629
0.5545658101345395
0.4239256608384973
0.3493341014065717
0.5450693436474608
0.37179814380938436
0.5348927143910772
1.0
0.40814154953000376
0.43109744762299085
0.2849666763443172
0.8240350444286133
0.13831306781279834
0.5484844190530214
0.5427714681938518
0.5668751490110303
0.5724808574469887
0.6821675307215663
0.3324530013278468
0.1983192404738326
0.5547755832546353
0.6735131772630175
0.6703972831280399
0.3725363193543073
0.47740903490675113
0.5724632237327455
0.8358761943689467
0.5276762629361258
0.7530733010755167
0.39008485330704573
0.3009371124653725
0.42898315434165196
0.2263465875269672
0.2020962536701929
0.36197091067139914
0.3916346574157952
0.4646113102172979
0.3277893102520923
0.3426446302724549
0.47722395019755837
0.47442496869150413
0.559698648409848
0.6667013683670863
0.5794093746263373
0.6774341358523418
0.37825214408997043
0.2036884854308868
0.3685873440610361
0.9266360789362801
0.40613109966530025
0.9148568849663433
0.6973472742180524
0.6881390120186895
0.0
0.1045438602640555
0.21021050467652289
0.4779936180009121
0.7139045164236588
0.49249529246031676
0.7895767080417264
0.6964475678067737
0.8741858717477958
0.13180047544102386
0.7631121566919413
0.0
0.5733705732320485
0.7773732098403922
0.17230671135627018
0.6655140213551329
0.6399453768472743
0.18366746645603854
0.8032285585008265
0.79105160389762
0.06375797640235042
0.9266360767498649
0.4505573753951859
0.4637930602302288
0.23954969017489214
0.29506970447318814
0.06606978103643746
0.7431286856429372
0.4994819367829857
0.3775028171140296
0.5619872380522014
0.38926809505977344
0.5709662055158135
1.0
1.0
0.07414861584269941
0.40497136625969526
0.27468716632793677
0.7260533271265378
0.8565898623815547
0.5412646889128357
0.7250335262177915
0.12461881849629798
0.6605360830383639
0.4984561116850134
0.6107685092916446
0.38697595208490254
0.6090861851233699
0.8470816816195308
0.19216552057241265
0.41022286362150256
0.5802275651611573
0.5766693009690531
0.600884895708993
0.3517780220744488
0.9266360767498649
0.18382989875927228
0.7903864714507953
0.4971161216277403
0.43316964216333803
0.7312625423026252
0.6155721860192788
0.641065127460093
0.0
0.8111783211507917
0.7818946569533798
0.8932868021450424
0.4124391809758514
0.5824190069051698
0.7989998102342404
1.0
0.5490665220135095
0.3717552633582396
0.4964133909756126
0.7716124481080435
0.5557671885672706
0.703981412723541
0.7376667970523283
0.7792036552070338
0.9664515718838927
0.812358871150619
0.7492387988764662
0.5588306952668269
0.35883221335400456
0.30414691719250553
0.915446266022026
0.30427137171846436
0.6350677607794561
0.6295622549034258
0.9743005528878378
0.8024908094476707
0.24755151527857047
0.4933965361628013
0.31451226344453204
0.6609549352220481
0.48333388046444525
0.2644057688513469
0.6856089590254713
0.5696921690405871
0.7571215116497118
1.0
1.0
0.3672862686525958
0.32823973282929547
0.4931948178426682
0.452541643512409
0.9266360789362801
0.5113441024877563
1.0
0.541533924338058
0.9158008837869692
0.5373642659881057
0.8482378078135112
0.948957586383595
0.34657248486177233
0.7697707694938304
0.7289380139405842
0.8357804097042597
0.9285017500412087
0.7593654920987164
1.0
0.6018960415547467
0.7606395690978326
1.0
0.7613907199149363
0.7594774123700719
0.7331213783996239
0.5078961532179949
0.5722460890255873
0.66776020458419
0.7813104365906403
0.6894022923226627
0.6561709360907978
0.8158116975586256
0.9427653274026119
0.5895074821955678
0.7958391855047526
0.6943559495587053
0.9375226152953781
0.6723813711109934
0.9662313694019408
0.8230478523693411
0.9148568849663433
1.0
0.6170452826545868
0.7169252403304884
0.5972065955503929
0.9754282480140805
0.7566389856631012
0.6123332014451079
0.8608908422090056
0.9066276172049569
0.5510129249804306
0.741160929290834
1.0
0.4068444278706344
0.7345226946269778
0.9112986603516873
0.9067533316385296
0.2942029981338872
0.7616545299421673
0.7937341109079076
0.9376477754385691
0.6153237825515926
0.8282984744560006
1.0
0.9244599307661288
0.6233108497852562
0.6544639114614818
0.4923136018414988
0.8996121959601644
0.6900462686608562
0.8326970493627803
0.5795277541603316
0.6877166016177579
0.8831476301413419
0.7611800259236393
0.7622192224327503
0.7380396332301187
0.8600100906714904
0.39757157412568456
0.5225271905647261
0.5422093891997005
0.20879606801431533
0.6659562570376454
0.6755613086086454
0.6642845877593411
0.6948144656671503
0.7009625475246729
0.9519355989436769
0.42575444463444767
0.661536151563939
0.5473061444854131
1.0
0.7077264100949725
0.8902161679695975
0.4429456894804525
0.5730166200226837
1.0
0.7718802005845564
0.9796429619621091
0.7586233243147454
0.2870562088994122
0.7799082368088404
0.7235983111455638
0.47805117461684277
0.6301976180701694
0.8291781351801107
0.41136450476966974
0.44132682781878635
0.8430316360430367
0.6912659719135505
0.9709286371802642
0.5000192380907426
0.5400389752643991
0.7749442390968645
0.7273717375552604
0.7231878633010451
1.0
0.9203138228260737
0.8420791505202816
0.5588787198665938
1.0
1.0
0.42137744168879204
0.7268390246826619
0.5698812337646622
0.8804495458621096
1.0
0.9452133363793415
0.9131712145237804
0.9700905999855424
0.6872994080084038
0.5702183653926993
0.9082790525677761
0.7827392859559237
0.6255863256854642
0.8125952065338667
0.9676790820598283
0.42428817058963303
1.0
0.969127977033055
0.7009124640345624
0.8414300038022681
0.9074250365948515
0.435452195138098
0.5642206400582676
0.4250260820438686
0.5265449862049313
0.9390078734552584
0.6001889782005669
0.6302967626615931
0.3333333432674408
0.9212008708408659
1.0
0.6031609169999125
0.5417314081544148
0.8667331726045602
0.977015371748563
0.8136122983253942
0.6102212444790459
0.35360788059243864
0.5828485344405906
0.635176639103321
0.6669538379625463
0.9148568849663433
0.2121410904745578
0.453356424051869
0.8742660352584569
0.5934555602735714
1.0
0.8954208225301211
0.742468820703753
0.736769028815325
0.42614366706625834
0.5202132794265966
0.7713392714776701
0.7980406340997885
0.6675139579159347
0.5823748158144451
0.9763562114927593
0.6898833564432292
0.3954783560213574
0.5809251396319624
1.0
0.7962373027421044
0.8411708109238071
0.9757880597253891
0.6899440161840786
1.0
0.6462788500145659
0.6528867001445177
1.0
0.7764903362413427
1.0
0.6934264063455403
0.40835120259891017
0.7488479252061612
0.9566633530050461
0.8273319434014735
0.9391664798835837
0.7613569401239443
0.7036997881383095
0.5206660011478829
0.9210822198776454
0.726817545890503
0.692308978269971
0.5804740522857385
0.7422519070372198
0.8631425059199987
0.4826708586127054
0.4719532747269337
0.6851198690669614
0.7392837554877196
0.29909514455514413
0.2526252319973837
0.315499514938957
1.0
0.709684676902351
1.0
0.32186773606119473
0.28932532918673687
0.5195239784453807
0.7709563103170036
0.5795121643418896
0.8236998927333757
0.31546488404273987
0.31830115287872357
0.5151571349255532
0.49708156370911677
0.10209739895755823
0.3848706620185243
1.0
0.7731227379282574
0.3680463440625508
0.31859544087058234
0.4671636755935823
0.37856077535442156
0.14052644314846752
0.17192356731532848
0.17913110452193914
0.3496928864054229
0.8379316454711626
0.43067657947540283
0.6573637640111467
0.2309695830988295
0.7385567776997191
0.5855685063207118
0.5425862481749931
0.2293205329435269
0.6420340376697214
0.15840915466048672
0.38788852328017803
0.2959787418706792
0.5999221802095583
0.2998476711482634
0.7101803942331856
0.7373368333425591
0.45314009263431754
0.3075103843934609
0.5477111654621291
0.5816519449239619
0.6340977444006302
0.3779811544781834
0.5781576562270013
0.33195424118678457
0.657962841589367
0.5103959431214093
0.553052546149607
0.6169044941691306
0.4089824442528485
0.33916020187706797
0.2395861768890508
0.6853240578121984
0.5722409489397428
0.14804095788016855
0.5289638480942981
0.9337457743289556
0.10017010095234402
0.5896153021838553
1.0
0.9363792130813923
0.258703001614193
0.5591227874980469
0.7643852240684587
1.0
1.0
1.0
0.28903452451942013
0.8101238655606947
0.7258413539306133
0.6509327268544218
0.9148568849663433
0.4204557847749823
0.9148568849663433
0.38065487915371493
1.0
0.3909305762527104
0.27046288887222814
0.4133243817895173
0.5821032077952398
0.6947651217751838
0.8086284844139672
1.0
0.2967357761205241
0.7373368333425591
0.7868709748480583
0.6500094423436413
0.8553475053926018
0.7421804401781933
0.9363792130813923
0.7593460418969187
0.4439652276419761
0.17630010726662426
0.17917313393255999
0.49711374501082195
0.21838346133188574
0.536123434950111
0.5437671264982282
0.6308768721876219
0.6059968878020806
0.8668505674759336
0.5451339986457179
0.6675139579159347
1.0
0.18226385639973908
0.31546488404273987
0.7386926959277245
0.9053206294300257
0.9216017310636463
0.4309322145297102
0.49427186645468535
0.35221047003962963
0.17747112786302263
0.5
0.8015321448405189
0.6126668775842784
0.49977672545060886
0.5524009152319118
0.4330566933165994
0.2815203891794018
0.43433697079844
0.6731676585191223
1.0
0.8188396417256405
0.933044338971017
0.4457157748258646
0.4056675913480669
0.881514040596562
0.5617131123027147
0.4895777123293179
0.3333333333333333
0.9455636955289394
0.4987829721962621
0.5724644552846162
0.2554165652932939
0.7372435256917873
1.0
0.3868528126910807
0.6243199619516541
0.8532721578725603
1.0
0.812171083257709
0.4227365958684768
0.920732671038427
0.37803562359366183
0.7133080634020623
0.5608132979387068
0.6192703734724601
0.892638271058051
0.6943559495587053
0.0
0.3053122309559972
0.5930275240938796
0.6943559495587053
0.46720677131273897
0.46499418169968687
0.46713408971330855
0.7526172365636824
1.0
0.4535697330260238
0.3903029337523039
0.378169709415352
0.0
0.8611375548922774
0.4637065595503229
0.4569404659715855
0.5816519449239619
0.6607327865947142
0.42356032551512734
0.6627919475158022
0.1719856607204866
0.2611467727489168
0.020700211841471194
0.3163449212959345
1.0
0.37029133310671075
0.5871938235147676
0.6051163149676061
0.9363792130813923
0.8205228958505588
0.7827068933837892
0.3519413219947767
1.0
1.0
0.8064750880273981
0.42933072534851996
0.6295622549034258
0.2960819157603371
0.4927771933288546
0.47681936179198
0.436626594914608
0.5699694023350711
0.7355081212043216
0.32139584938601223
0.6504385409652242
0.723705331954281
0.27191246701234634
0.9337457743289556
0.5781199699976921
0.6943559495587053
0.3760962947698263
0.4587349705936327
0.299235232279797
0.4770046306643253
0.1979514038276937
0.3320503590680725
0.6995003317995099
0.31441052361979593
0.30753121838019504
