0.5176573698472422
0.2877776829951445
0.1275002478879895
0.21827086241588703
0.26102625530227125
0.4117441813322953
0.3714771650224741
0.2647949031968197
0.2561134451586987
0.0857539274633005
0.3333333333333333
0.8151510468864832
0.1827653309406126
0.559440134584712
0.37480575628674695
0.2895983086561092
0.0
0.44539881946856585
0.4670156580279536
0.4273013931298811
0.13739081052319962
0.49342639630013424
0.7397374663221716
0.2133151256157581
0.0
0.5733697487684838
0.15477863974972428
0.2625111852968305
0.5338567833134709
0.6039992969251715
0.28536106693384616
0.300898991254626
0.2710548101570605
1.0
0.19184336210249334
0.7244804029027523
0.11597875350213144
0.17396620675597602
0.8869465993743106
0.12677772868303624
0.11115584380127012
0.16868881249654472
0.3868376126746849
0.41247582896544566
0.6169573555634559
0.4898207198059729
0.7698724389694698
0.5233139141894291
0.08264501001143001
0.186335288477823
0.18856346400081891
0.08080840848381714
0.6992148250297936
0.04452802231066629
0.2370085410319589
0.6107549177653614
0.41275041963246545
0.5890442456351046
0.38715184345380704
0.3333333333333333
0.5733697487684838
0.19600689661854248
0.9026210962409316
0.6455709459479493
0.09651345473465835
0.12616915447249277
0.7738931987486214
0.6992148250297936
0.3942566030447408
0.25906053018255804
0.27247832433046837
0.46914395236821044
0.5111597692237956
0.5764035052155911
0.7797481311003239
0.22795372986307513
0.5338567833134709
0.4026517092817985
0.2876567976637971
0.269831345412003
0.19184336210249334
0.34919157932877953
0.3477352190452084
0.6647467513405295
0.6166096238281514
0.3232195006391487
0.0597305886626858
0.12616915447249277
0.37903629025223184
0.5125203939802757
0.32999154099482364
0.220279932707644
0.20803518757199052
0.0
0.33916020187706797
0.4747677692819337
0.6651541564576483
0.7227265703297249
0.0
0.3741855367795572
0.0988794848054015
0.3835309262108379
0.3279098949837719
0.4993484294236457
0.5739258008044577
0.4089221679914653
0.1556405111105746
0.1805242192481863
0.7967075897977922
0.07473219030748607
0.06666666666666667
0.4089221679914653
0.12616915447249277
0.7442890876982287
0.457045119564691
0.30078517497020635
0.1321679596245864
0.13334533328785128
0.2150482229392673
0.5233139141894291
0.0
0.38523267763128516
0.5733697487684838
0.4089221679914653
0.39143248377456275
0.2939523844989153
0.49118475915128507
0.5157051099074879
0.3333333333333333
0.6316202648119769
0.51818228644685
0.3333333333333333
0.27726755112874935
0.5531464693911909
0.5685312306385825
0.09108266608371067
0.3333333333333333
0.21175226627559202
0.1052161521923789
0.48101647615767906
0.5176573698472422
0.13825368884463038
0.6312356870725394
0.528383345316837
0.4759908450094153
0.31651004795838344
0.6312356870725394
0.18140733749595428
0.5338567833134709
0.28056203355641146
0.11269217887277272
0.32958335497434826
0.4208033826877816
0.531639991884888
0.3619110016041321
0.6568190383437804
0.6469101839391602
0.6043130978100874
0.2205301783630907
0.3182870320993489
0.1804173828448869
0.12616915447249277
0.12411356085261822
0.0
0.07902092419874156
0.2768066330204887
0.1010415535431794
0.22953464473742968
0.5338567833134709
0.47036527590874033
0.4542239823923331
0.5634608943638636
0.6863024180874526
0.30885545368746015
0.857342488323918
0.25766563275174026
0.28403189818309676
0.23307160834326454
0.3333333333333333
0.51818228644685
0.5107506827051778
0.2133151256157581
0.20915754526534439
0.554970685963136
0.3333333333333333
0.7994765500198624
0.4747677692819337
0.41247582896544566
0.5296347240912597
0.3251836860345565
1.0
0.5242382160926865
0.38704026236086464
0.24995079596279846
0.16375323239479936
0.05110710007857136
0.37211393080824734
0.43062490851752766
0.3600546231527257
0.18282221756802072
0.5634608943638636
0.5890442456351046
0.5041496140706119
0.2610557174313542
0.3144044204316071
0.11617084209827994
0.13449870704208025
0.6283297861761846
0.18016608735445588
0.5131625294115649
0.37365244329620784
0.6312356870725394
0.280259523066399
0.4912596971843981
0.3333333333333333
0.2889583002753304
0.2
0.1454831969305146
0.19496058451450476
0.3142479925041918
0.2640010408492879
0.5088013244975679
0.4479308729646761
0.4977633688307995
0.4463867339590227
0.5958337858272824
0.559440134584712
0.3333333333333333
0.0
0.2008869804194748
0.4194641446965707
0.36329512946122006
0.3224774781729999
0.4463867339590227
0.4307122370924018
0.3197257670356911
0.5946401375986733
0.12235025514434282
0.857342488323918
0.7698724389694698
0.33916020187706797
0.5890442456351046
0.8151510468864832
0.5854902825057394
0.10987225670690651
0.4726736812072175
0.19184336210249334
0.3333333333333333
0.19234278837250585
0.1913228760534084
0.3333333333333333
0.19505854869451875
0.23307160834326454
0.18192952772761795
0.32197462894140755
0.23738880053435904
0.702097646260794
0.3589325206950766
0.4375758177693391
0.6779553350512283
0.3333333333333333
0.23682766745703898
1.0
0.1804173828448869
0.24923382960266105
0.8508342816032615
0.4089221679914653
0.4002849620839148
0.15704241905154276
0.22953464473742968
0.5176573698472422
0.29129494462921435
0.4759908450094153
0.22953464473742968
0.3333333333333333
0.4307122370924018
0.8539316443613972
0.21535503427774927
0.2182695528180682
0.30333977840910004
0.3333333333333333
0.6729603318601877
0.19317983439610387
0.42150848927465734
0.3652848140464026
0.2133151256157581
0.3155872304954027
0.4759908450094153
0.3652848140464026
0.3249080556755212
0.0
0.0597305886626858
0.4759908450094153
1.0
0.15249820002664932
0.20732319282484804
0.07817641598004023
0.11506378051526511
0.541197967331127
0.14895117686960302
0.0921385439164044
0.5157051099074879
0.2304133078280588
0.31840841116454427
0.4148223053186765
0.6130840136665563
0.3072506405762356
0.23993681233633238
0.2517638464099329
0.13413972286562223
0.330450512102333
0.2620045774952923
0.31374543680754785
0.30382543902806686
0.2787098637395869
0.5634608943638636
0.47199791830142424
0.16975316738125268
0.32197462894140755
0.4759908450094153
0.18525249442808195
0.4273013931298811
0.8119259851271061
0.22511936976501015
0.34519134154579534
0.5958337858272824
0.16302779632471254
0.2897668648486459
0.07346561539622322
0.3813010766095784
0.40775977095438853
0.21050145428078584
0.3386363625103916
0.5086954155580625
0.06005162829372857
0.6851497282183276
0.4907392244884834
0.4208033826877816
0.2205301783630907
0.8358268626508468
0.8687949259683276
0.5565573133537116
0.4747677692819337
0.42628747068490697
0.12616915447249277
0.3678101508721514
0.3487767675556029
0.3666416353188186
0.05391533124553702
0.4610560706666744
0.33978345728596415
0.6748428661774186
1.0
0.138949354498625
0.17300420353775406
0.09471586601367632
0.8249925431354463
0.6278248431100186
0.2817189746339656
0.23073759734009974
0.1718172923442091
0.6470312706410765
0.22961275384663657
0.688603934212289
0.6976444410929781
0.2638892532156371
0.5
0.8304198990614661
0.23909494080246502
0.38523267763128516
0.39891278615033327
0.7968124342307055
0.30774998206209225
0.676149067857271
0.08883193270705984
0.786013732485877
0.0
0.7227265703297249
0.518840483677717
0.0
0.4935810527857657
0.786013732485877
0.6447059564334909
0.5958337858272824
0.6509209460362502
0.3893543305835814
0.8458081711400547
0.16191145248347522
0.5733697487684838
0.1309858782691167
0.5838675723101653
0.09876612897246395
0.57553008630748
0.35033148389288343
0.4454648977425013
0.24486033278174588
1.0
0.045427787367091424
0.4234304437593588
0.8687949259683276
0.5301371903159873
0.362937444383726
0.0
0.16596250014907565
0.25122328174924763
0.46914395236821044
0.559440134584712
0.38523267763128516
0.6779553350512283
1.0
0.15019779691268115
0.8304198990614661
0.0
0.4947922322841031
0.28911556841607333
0.5706417269996291
0.5890442456351046
0.5958337858272824
0.4089221679914653
0.16049402645835775
0.5147714424843294
0.5958337858272824
0.8687949259683276
0.3424737229361448
0.16049731375770337
0.660839798122932
0.3155872304954027
0.5634608943638636
0.3328106517422308
0.2616878508965027
0.6131471873089194
0.10159378288464728
0.25690899552195046
0.38523267763128516
1.0
0.4463867339590227
0.09560418993925308
0.1792179695232196
0.42857142857142855
0.5512227948909844
0.0
0.5301371903159873
0.0
0.513014839187243
0.488111378746671
0.23037087984360544
0.0815860839475462
0.327969497901168
0.4208033826877816
0.18399862322811797
0.16179981367675722
0.2015406112190961
0.17827671597694075
0.2347084957863665
0.3777634691253344
0.3675084351909704
0.8539316443613972
0.340695184170237
0.37481486220810994
0.6765142949895528
0.10451166033775597
0.13317778660842017
0.0
0.30671821741120914
0.030267130913963276
0.3776656791774649
0.2514534964910598
0.0
0.4385699028665446
0.4113756713303031
0.4463867339590227
0.6724935352104012
0.22953464473742968
0.3333333333333333
0.4716520271921188
0.3333333333333333
0.702097646260794
0.2771223238338374
0.5890442456351046
0.25690899552195046
0.39943783590371756
0.25906053018255804
0.32958335497434826
0.5890442456351046
0.1994185346818216
0.7599635845648496
0.2387949391603856
0.5301371903159873
0.4208033826877816
1.0
0.39772661064655784
0.18020633254967547
0.3214184395591885
0.07817641598004023
0.5733697487684838
0.0
0.2347084957863665
0.21657937961895948
0.47737014773565173
0.6221319735115504
0.24877622958269657
0.8539316443613972
0.6164336315473431
1.0
0.49395962971494684
0.5634608943638636
0.20016975390846903
0.0
0.1272646250987461
0.7895676956152422
0.0
0.4307122370924018
0.16958010093853398
0.4834672014163708
0.19184336210249334
0.1430571985641942
1.0
0.25092440678817407
0.36830074844635396
0.4307122370924018
0.3333333333333333
0.24424613149069
0.13869012504799366
0.31525799236776986
1.0
0.5755814281011192
0.3333333333333333
0.4759908450094153
0.32034815774484643
0.3333333333333333
0.2849002044178474
0.6096061994832574
0.28321705633839944
0.42504246217690383
0.702097646260794
1.0
0.3313229534437575
0.26015165812001007
0.452442531545987
0.4852285575156707
0.0
0.16268977394551976
0.4759908450094153
0.08155566496292378
0.0863440555956081
0.3333333333333333
0.8539316443613972
0.5147714424843294
0.38523267763128516
0.3552695046669531
0.146262860809662
0.7994765500198624
0.3031246606295382
0.5826271021750569
0.9060254394071405
0.12288606211580791
0.5176573698472422
0.6232399163050414
0.4497204757235682
0.3356831669996611
0.3206031512478194
0.22953464473742968
0.4463867339590227
0.5958337858272824
0.47190437855518425
0.8440905777287169
0.16191145248347522
0.25813517921885304
0.6173520506235811
0.3423468310958167
0.4166158163040628
0.1638211176600011
0.4668108733510559
0.058436344271930674
0.24861090812781178
0.6508205111293316
0.0
0.5718304095418975
0.632578807673521
0.4759908450094153
0.1312050740316724
1.0
0.3360405569443311
0.3828952265542921
0.4463867339590227
0.8687949259683276
0.6877623873853841
0.24153349871157878
0.24153349871157878
0.4947922322841031
0.6040770146545154
0.16388572320113534
0.1873442926380227
0.1685545815715507
0.6951355163581971
0.5087403028156019
0.4463867339590227
0.37317398639728644
0.0
0.269831345412003
0.5634608943638636
0.32102828661092775
0.15973348320154773
0.7714160222092591
0.23173817299480787
0.49039871246721284
0.0
0.3600546231527257
1.0
0.6724935352104012
0.4208033826877816
0.1912893896395616
0.3333333333333333
0.48650132918140454
1.0
0.3761000820424945
0.3750579781209817
0.660839798122932
0.4166158163040628
0.3176588364667125
0.4852285575156707
0.06934854736921958
0.5162274946404897
0.1997948433842982
0.3065735936544597
0.22331427279087393
0.17396620675597602
1.0
0.528383345316837
0.7027639897917807
0.43067657947540283
0.3652848140464026
0.4747677692819337
0.2698531465353059
0.1725053192096284
0.30078517497020635
0.36470855470468166
0.4759908450094153
0.18154178830288964
0.7994765500198624
0.3333333333333333
1.0
0.0
0.3762246320399518
0.0
0.13770577563763797
0.7436487964636883
0.5296347240912597
0.08653478952527507
0.1804173828448869
0.3313229534437575
0.0
0.7412775350751417
0.3637985413782277
0.16958010093853398
1.0
0.24577325734051914
0.1505615298261959
0.4611392561856105
0.4307122370924018
1.0
0.4208033826877816
0.3813010766095784
0.3176588364667125
0.5168430484556391
0.7882356751686856
0.5307212771735581
0.5541453924925765
0.4884960771788159
0.2364212262240513
0.46833353793929294
0.6992148250297936
0.0
0.38356636845265696
0.4208033826877816
0.6548086584542047
0.32400856097004405
0.0
0.16186687835132366
0.6568190383437804
0.6779553350512283
0.28108723176238026
0.3652848140464026
0.4747677692819337
0.33891204425068
0.30738366118435745
0.2780368169296939
0.4747677692819337
0.3670732889704299
0.4726811096458363
1.0
0.2887724898205625
0.3333333333333333
0.2616878508965027
0.6863024180874526
0.13831306781279834
0.51818228644685
0.2927091251977443
0.4759908450094153
0.30078517497020635
0.6469101839391602
0.24424613149069
0.10397386999921693
0.559440134584712
0.6399453768472743
0.688603934212289
0.31648108515042456
0.37572912001934655
0.610936923102029
0.8151510468864832
0.47725013253179477
0.7312193579877937
0.2813649285508331
0.11854083018671857
0.3600546231527257
0.12745541542590896
0.18807401487289394
0.3363351398561786
0.3028567809415162
0.4166158163040628
0.27023204294347164
0.2649745427648742
0.3547435429513829
0.378019117826392
0.31192826191889184
0.51818228644685
0.2895983086561092
0.6568190383437804
0.19646045663548692
0.13982605639314752
0.1498597136064125
0.8869465993743106
0.3741855367795572
0.8687949259683276
0.4307122370924018
0.4759908450094153
0.0
0.0
0.18224891250208652
0.45712856566893023
0.5073761186580478
0.3165520064025644
0.6864231493941731
0.628371714101073
0.8161065118283704
0.16095798997353655
0.7227265703297249
0.0
0.4759908450094153
0.6587890939328379
0.11521732768402461
0.7738931987486214
0.6399453768472743
0.11117713682142148
0.5958337858272824
0.6357901017563196
0.0
1.0
0.43070113345075295
0.36462131461380604
0.19375861541991693
0.23154157421943775
0.024539884535296628
0.6863024180874526
0.16958010093853398
0.3333333333333333
0.509259502143758
0.24788785098747781
0.6399453768472743
1.0
0.0
0.0
0.3333333333333333
0.21934429942890082
0.7112741326853153
0.8004315097659757
0.521337108861148
0.6568190383437804
0.0
0.528383345316837
0.4099232660188406
0.6455709459479493
0.19184336210249334
0.4542239823923331
0.8775258354928083
0.11745813453564119
0.16558245618819808
0.4463867339590227
0.660839798122932
0.428701857202826
0.22811718114095444
1.0
0.12920766921636498
0.6131471873089194
0.3805200825745215
0.3652848140464026
0.786013732485877
0.4597507389172524
0.35209690818785583
0.0
0.7895676956152422
0.6779553350512283
0.6718508397810306
0.31445069457828045
0.3350394736014393
0.6130649565956129
1.0
0.4026517092817985
0.31769010011420695
0.19386769064470188
0.6064795107156857
0.37510082888132046
0.6952465870006617
0.7030752907262481
0.6969501814285162
0.9578347667050913
0.8657779077479315
0.7442890876982287
0.3785367804815076
0.22549335399095433
0.2121997997265044
1.0
0.3161802747000393
0.51818228644685
0.547612293039459
0.9686152016010307
0.7614590991424586
0.07784901644692772
0.4933965361628013
0.25759380828906336
0.357534088612786
0.14220380916509867
0.22040713714610938
0.47368946085155905
0.4375758177693391
0.7033908021813906
1.0
1.0
0.2876518886832955
0.2514534964910598
0.33916020187706797
0.34007991126724013
0.8869465993743106
0.12422914207033037
1.0
0.3937506787409237
0.8920061342360738
0.4345701662216546
1.0
0.889589573972365
0.09400315068213934
0.7047692704778751
0.6131563669303578
0.8539316443613972
0.7959761302127614
0.7235591284729296
1.0
0.4716520271921188
0.7606395690978326
1.0
0.6454945490922449
0.6950086224302112
0.6215484379745146
0.3903800445186212
0.48541543766797784
0.3602786452091827
0.6765142949895528
0.4658504050806592
0.4747677692819337
0.9026210962409316
0.857342488323918
0.28626228326883557
0.6215484379745146
0.5958337858272824
0.7895676956152422
0.49342639630013424
0.8613098749520063
0.6975316738125269
0.8687949259683276
1.0
0.452442531545987
0.7599635845648496
0.377537369592496
0.9125299506455518
0.6647377283620891
0.30333977840910004
0.8090683744347215
0.765360638586779
0.34823185822748665
0.5477863974972428
1.0
0.2415604482010006
0.5613162178632985
1.0
0.7442890876982287
0.0
0.7521866177873628
0.8304198990614661
0.8750698872506779
0.4611392561856105
0.7197780608506346
1.0
0.7698724389694698
0.3294935026810589
0.6265923611625565
0.38800138863373146
0.7089193987348208
0.5412521485346606
0.6877623873853841
0.24861090812781178
0.4648477715024527
0.702097646260794
0.528383345316837
0.7397374663221716
0.8687949259683276
0.8687949259683276
0.08965012254966825
0.44685353060880906
0.29553891600426735
0.1792179695232196
0.2971909075152785
0.3486674205798913
0.45228817386905956
0.6286569104289457
0.405618184969443
0.9479446428547382
0.20947621558067478
0.6245461337109508
0.4945839696260771
1.0
0.5975141245632818
0.857342488323918
0.21121387841375372
0.4027303936094833
1.0
0.6164336315473431
0.8687949259683276
0.6283297861761846
0.1338052951218553
0.660839798122932
0.7089740825312156
0.23909494080246502
0.24240286075448156
0.6976444410929781
0.3333333333333333
0.14689654012839928
0.741361195334976
0.6312356870725394
0.8318724577312647
0.35582291144702993
0.4463867339590227
0.6372774190231638
0.6642481827915362
0.6963136766434157
1.0
0.8329397579375986
0.8090683744347215
0.4089221679914653
0.0
0.0
0.19646045663548692
0.7698987084867115
0.378019117826392
0.7738931987486214
0.0
0.857342488323918
0.8151510468864832
0.9343134511774663
0.5114054469394615
0.23154157421943775
0.9125299506455518
0.786013732485877
0.24139474277179748
0.7521866177873628
0.8869465993743106
0.27991927872451505
0.0
0.9659238868242226
0.3600546231527257
0.857342488323918
0.857342488323918
0.2421850071567785
0.4075573708641661
0.32197462894140755
0.3429178081261844
0.9355095289691446
0.5511729237038848
0.5624786812413617
0.0
0.7854672907822959
1.0
0.5336811495281476
0.12237307081267114
0.8318227924305899
0.8687949259683276
0.702097646260794
0.3776220848326322
0.19083235387647696
0.5463088988570085
0.5678156014003527
0.5993516499149099
0.8687949259683276
0.14816439564573777
0.375575289431342
0.9125299506455518
0.46010856460718214
0.0
0.8832747752074767
0.57553008630748
0.5903694104272035
0.31816946409348
0.3771550853810909
0.6156633947347402
0.7698987084867115
0.4747677692819337
0.5615721456204574
0.9026210962409316
0.5891678773470548
0.31559939308656004
0.4372310516638921
1.0
0.5958337858272824
0.857342488323918
0.8687949259683276
0.46833353793929294
0.0
0.47326311727992665
0.2963792374461806
1.0
0.5958337858272824
1.0
0.6934264063455403
0.31374543680754785
0.504774913304123
0.8613098749520063
0.688603934212289
0.7227265703297249
0.4692787228264419
0.44149241321264354
0.18199485697787599
0.702097646260794
0.4947922322841031
0.46657279319274464
0.32838827040718
0.4611392561856105
0.8159305337507248
0.21841119929760183
0.39681825946007554
0.5147714424843294
0.7738931987486214
0.15443586830521813
0.15348309399853985
0.20581935222626216
0.0
0.6866132531977871
1.0
0.16095798997353655
0.2019785295633113
0.3156484565771367
0.6718508397810306
0.46007926984573455
0.8304198990614661
0.0
0.2927091251977443
0.5151571349255532
0.26301296433822025
0.0
0.2887724898205625
1.0
0.688603934212289
0.3680463440625508
0.2620045774952923
0.4463867339590227
0.18663935935256198
0.08850362070471686
0.1378689772369775
0.08750372843227683
0.22953464473742968
0.829925076553037
0.43067657947540283
0.5890442456351046
0.1671142856758117
0.6992148250297936
0.29659014097520414
0.5251884412531949
0.142803106553681
0.6647377283620891
0.1460683556386027
0.32197462894140755
0.14062601630817126
0.598220732059626
0.22953464473742968
0.6287585105331771
0.688603934212289
0.38523267763128516
0.22445659962588005
0.4726736812072175
0.4089221679914653
0.6843515434228633
0.4616555861340054
0.5283423832390599
0.2979230623622856
0.5477096209737233
0.3333333333333333
0.3299453309869156
0.5634608943638636
0.2157618479922298
0.33916020187706797
0.16975316738125268
0.40577759156489046
0.37905929735965316
0.0
0.4852285575156707
1.0
0.04488641288235308
0.5714389246231543
1.0
1.0
0.2019785295633113
0.47199791830142424
0.7521866177873628
1.0
1.0
1.0
0.09825370234659928
1.0
0.7895676956152422
0.4227820658473909
0.8687949259683276
0.13826131286015625
0.8687949259683276
0.24410587201069434
0.0
0.2528453581540008
0.18466637309844192
0.18396798162674555
0.4747677692819337
0.5296347240912597
0.688603934212289
0.0
0.141156391756789
0.688603934212289
0.8687949259683276
0.46308169407821287
1.0
0.6130649565956129
1.0
0.8239164597679867
0.2871188801090224
0.16958010093853398
0.13302782339591465
0.36581271797427034
0.15348309399853985
0.42857142857142855
0.16488457901441014
0.45762075997273954
0.3652848140464026
0.9026210962409316
0.26301296433822025
0.4747677692819337
1.0
0.15294393797125969
0.0
0.660839798122932
1.0
1.0
0.3294935026810589
0.39519580455034015
0.20206877688019625
0.15877919774086904
0.5
0.7397374663221716
0.5015639863847934
0.3741855367795572
0.318291194140704
0.2897668648486459
0.2595093563735019
0.23205687487473486
0.5678156014003527
0.0
0.6863024180874526
0.9289017913407085
0.3277691685225153
0.22953464473742968
0.8687949259683276
0.5296347240912597
0.3475697679763121
0.3333333333333333
1.0
0.4208033826877816
0.4273013931298811
0.12301810203027555
0.7163012679935125
1.0
0.3868528126910807
0.5733697487684838
0.7738931987486214
1.0
0.7536889299779626
0.2421850071567785
0.9125299506455518
0.10142773685327806
0.786013732485877
0.48323852476612134
0.5870133883830143
0.9026210962409316
0.5958337858272824
0.0
0.18941653413487192
0.4307122370924018
0.5958337858272824
0.22953464473742968
0.2897668648486459
0.3085407550591047
0.839539550414348
0.0
0.4208033826877816
0.2020831070863588
0.2887724898205625
0.0
0.786013732485877
0.5147714424843294
0.41247582896544566
0.4089221679914653
0.46491067430229704
0.19108009223637437
0.6992148250297936
0.053568141479359066
0.20201303037391763
0.02241902315869181
0.27727342967027513
1.0
0.23463936141322095
0.4742954156836263
0.601219841910532
1.0
0.8304198990614661
0.5958337858272824
0.3333333333333333
0.0
1.0
0.7483129828107051
0.4208033826877816
0.547612293039459
0.2960819157603371
0.4658504050806592
0.37603772211469033
0.3277691685225153
0.43062490851752766
0.6729603318601877
0.26767173448341697
0.6006999396175856
0.660839798122932
0.16831393057914107
1.0
0.6174711240603709
0.5958337858272824
0.32228184277446703
0.3333333333333333
0.2054778771824477
0.2949961942721861
0.08501640511392874
0.16375323239479936
0.47368946085155905
0.3127804212889341
0.26973063219227217
