0.5660622455597206
0.6435786082721486
0.060129840609899024
0.3995293811701513
0.6703565306984917
0.4773453590161462
0.4161497129808155
0.4211244354992168
0.367276999894542
0.5172304262803042
0.19294651843602265
0.7264616729664395
0.5018734726675043
0.6749833878904059
0.7235225990952376
0.5072730911905409
1.0
0.6956666585251473
0.6851900716943662
0.5670768305108298
0.5349915494714175
0.8184089189988671
0.8502964697571251
0.5244900622043689
1.0
0.49449012661524966
0.4888562554552531
0.2854989602926465
0.5432211884887469
0.6723247625845802
0.5179460501438015
0.5631660087532857
0.6015175081463342
0.8669479905275309
0.5712277316414525
0.8479658501493771
0.5417996795584566
0.6023097532559784
0.9102614479252794
0.32648582060976244
0.43380919839889165
0.4994598786747243
0.7208407896491511
0.6155164102821798
0.5611692732998759
0.6504519391839302
0.7173345744300729
0.6151451444050136
0.4798674714815613
0.5314747745452401
0.5294152692449259
0.41470803453322774
0.663294746336053
0.322288349391488
0.7337334946658517
0.782936973613854
0.7080138737916319
0.6663855417695881
0.6491985912777228
0.5972499217056499
0.6535073680498684
0.5
0.7191434438486427
0.6253828377533521
0.47985441372684545
0.5060921335460794
0.7829122598237904
0.7068529162291514
0.6818743936264148
0.574560001930298
0.48678859758794063
0.7110241332874383
0.7857677334588039
0.6231949253857872
0.8988173836965052
0.5653752319406508
0.7081912056847933
0.6614650350717947
0.5435603778753071
0.6696289540241123
0.5100730364357016
0.4739021226561632
0.41934566172153287
0.420435838304756
0.7094467864062532
0.5417476897522634
0.20846741144359152
0.3509870092525476
0.6823966732612278
0.753434354423267
0.6704421127518572
0.42637132894427565
0.6421755824957414
0.0
0.43331321416985374
0.6781698201717136
0.6392531694915419
0.7015099678724867
0.0
0.6686040262420989
0.313944412125221
0.6147809241353511
0.6246521629427237
0.534894721905295
0.5835246115077747
0.6374262462765846
0.40164100587364376
0.6028528971945041
0.76018752923815
0.3424401255484669
0.37798132029920267
0.6807351523524028
0.40624589749361295
0.7318220164426514
0.6746378219969829
0.4965397047939757
0.45589323766014495
0.456250106912465
0.6193235908416115
0.5221162358900576
0.0
0.546025343842276
0.6191239199337463
0.8735414838306812
0.5098133793412931
0.6258586188682069
0.7060850919620557
0.5638527055604478
0.5789282254685288
0.6721463642234774
0.6916507409391176
0.6076914895525483
0.5799524704837486
0.5375876285153134
0.7538557066646594
0.3967273841149352
0.6128455699277121
0.5376298571746245
0.49204447474652163
0.6405131624423764
0.5634583456083699
0.5405480372908412
0.6659754192518004
0.8052618792519922
0.6223557155734206
0.8044396138875766
0.6009179795516172
0.5652714220528327
0.6329597405634674
0.4442358344966634
0.21150497197000565
0.44602634463651
0.6123806319774181
0.67172776764459
0.7132340283296194
0.6574400654665193
0.6159354774873406
0.7366102307495778
0.32128231573863064
0.3189035185008055
0.391034039284458
0.45315807122334895
0.5122439790821565
0.2024832320263304
0.26438044533800015
0.5147861336627999
0.18618449672545417
0.5746821714443744
0.6666376758939621
0.3151625523743469
0.1564161527122114
0.6283944236218352
0.8839278098483991
0.5502503611019419
0.8781749233412758
0.39627037856409875
0.7518725932403303
0.5336984808892504
0.4781041720377323
0.6658468374810123
0.5045467672462793
0.42617196000068847
0.6023654282568789
0.7011973575950343
0.7126042169849633
0.8300792543816827
0.7869516250238915
0.364796183010125
0.6799789881123839
0.6553000627292553
0.905211632258121
0.653127423176782
0.39281647498282385
0.5194083438931687
0.48749676851597684
0.5651889834502047
0.4614006298384481
0.5598626494036075
0.3979479006330689
0.35335860580306444
0.6515410177017315
0.6244541633516513
0.28566434537002555
0.5291052806806427
0.3687360165745173
0.32441318636486266
0.5043862450281459
0.5106320691908132
0.5034768850503707
0.2776338666349339
0.6451746924399439
0.6777277500465625
0.4167504686161361
0.5631102513106111
0.6172846667660581
0.7773820147371199
0.5347156112769307
0.43296104531269775
0.5538880054374266
0.6095845208934706
0.24575661216209815
0.6776649005147207
0.370658178290369
0.4987300123622015
0.6164545594925461
0.8444809897606466
0.6467278432206474
0.5739147457451075
0.25765887997926473
0.5544688903859606
0.643172994431102
0.5740872033244804
0.6574928098198844
0.5550229407977899
0.7471786175412398
0.5039681548713457
0.29833122092015474
0.32350258463516185
0.880039552907384
0.7380447006689873
0.2200917631911596
0.7999883770166524
0.80315497455279
0.6182307379305534
0.25551337547570036
0.5748155224881208
0.4239166646312868
0.592135235030385
0.2712238993107537
0.5889989950964882
0.6447614928725105
0.49393664429037776
0.48502719636177716
0.35427559168099765
0.5305494108587492
0.5621929418610095
0.5470647663429609
0.45347230354536044
0.551696512169165
0.8380432822187092
0.5
0.3354406117301072
1.0
0.38468133230925877
0.44383263788769767
0.8797403241562285
0.6356335719462338
0.6717919248584744
0.40248237137926884
0.48170586472365495
0.7057973677651632
0.6817963878843407
0.5522839820471207
0.4560611298290715
0.5347156112769307
0.3591712045441405
0.9305687774461386
0.35549335894486267
0.4545232246655449
0.530932446858592
0.5935677503206424
0.7337883667907884
0.4515699779972907
0.5124293923646573
0.5987889273058871
0.5665250098372745
0.45625663434648683
0.558478984390012
0.5501906903567274
0.6402901452430518
1.0
0.24746480816442343
0.5302320880856844
0.9266360767498649
0.391743453842326
0.5707555428428516
0.3575235531651687
0.20183022632250874
0.5598335601946443
0.3936501779146197
0.33832528607169576
0.6462606379896226
0.5714978995519864
0.36198070486594547
0.5739639631726952
0.3569192744778996
0.5377144466162499
0.4795917660206365
0.5721584504472161
0.3664988880649172
0.29205530654281747
0.4996119550254825
0.6548816089384284
0.563925688202329
0.5960610192343101
0.6120027800706896
0.7000872543826334
0.41139723420162083
0.5747365534466055
0.7449654362188625
0.5950157368225756
0.5391888480895183
0.6655389393745865
0.47278888459769225
0.5056427649175202
0.8196104835463295
0.3397188215719875
0.4191401409956646
0.15336638770437142
0.3989652880020469
0.8196104835463295
0.4663851784489562
0.47900895214527067
0.6463867528562244
0.17673983618139852
0.7786550571666411
0.8418056247337901
0.5867779420263304
0.6675322293536055
0.7703766265469422
0.8611375548922774
0.08148406428894601
0.8185733129028712
0.5959071156546375
0.6073417493680429
0.4429583345218946
0.6137118148179433
0.5432020891817494
0.341922875234206
0.7440265093083418
0.5909462740025226
0.4215471977180885
1.0
0.37082948227400014
0.5734327271658105
0.27319662374083686
0.43244091445023747
0.3283958062305849
0.5184894209976517
0.677735192589659
0.4196880353924711
0.7741428547981416
0.6296027478439999
0.7776312506798658
0.5792923452545197
0.8350707146198922
0.6309297680854797
0.6051399167454623
0.5546062941492383
0.2831013143351867
0.5853061930922709
0.4229661032873127
0.6620229201899029
0.7294127008120487
0.4196326785249204
0.6816808368784143
0.11621746863477665
0.36611489339060743
0.2902932485610188
1.0
0.8690140930909128
0.8239985811039742
0.8233140246273424
0.8196104835463295
0.6934264063455403
0.6541461499266573
0.6388423032083046
0.42070270349038646
0.8108876979669504
0.3913379790221304
0.786030933828533
0.48855900387737405
0.8839269146039593
0.6302898656196045
0.483477278302804
0.5294865824284974
1.0
0.33063990170064567
0.5653712088359174
0.6110191457494235
0.7999644290854926
0.5724392119830827
0.5666867858301463
0.4683589582127548
0.408663497610844
0.6508198888153186
0.6785382366799512
0.6857966647841857
0.515657010206564
0.8701249874103478
0.624631622806344
0.9132861705669634
0.1834098048457149
0.3548561354604285
0.31238171431239165
0.5437713003958233
0.6983689090967587
0.6392209670926589
0.5048810094636514
0.3806007978068125
0.3282410061017055
0.8196104835463295
0.5469356302849687
0.6548437166392367
0.39456869770464437
0.7799082368088404
0.6095063993825032
0.6482966967212397
0.6965462522370864
0.36041106026636793
0.0
0.22132675021420045
0.6654233848423466
0.4637205930443332
1.0
0.6731909922727487
0.1971437937073155
0.26089772320814575
0.5121770792400167
0.8176244765222638
1.0
0.6380180833582972
1.0
0.7625325086818165
0.6136082978211418
0.3381516630465956
0.4401525828571907
0.5827421190909228
0.6417729205416561
0.618799584873588
0.34024562943896075
0.5738511497310855
0.5564666979075896
0.8524772541323862
0.5159545066844943
0.5421187889155786
0.6090726174417361
0.6627353348474792
0.560937287357338
0.6943525911365372
0.3776946859369304
0.5218091110220937
0.1272304602888043
0.34889130170070903
0.24819971190894535
0.658953514535797
0.25388850683937414
1.0
0.39211524461131836
0.7114658148771187
0.761232317318169
0.5
0.6189698975807821
0.5901711493718462
0.5411689472991029
0.5164277705753118
0.7161590657745087
0.4860571438362251
0.6689431294049639
0.5869017459170625
0.5792065136928255
0.5130816406751544
0.4889285706548076
0.6916494812644827
0.5046696528846216
0.47754433260072393
0.4179872536116804
0.7043800997615305
0.7052475417047449
0.37960256940083686
0.7879811367318745
0.49550413337883914
0.5862066046259701
0.2586829454326803
0.7786601009054678
0.18457570391786032
0.6841504248924852
0.4244224045368938
0.41999116015749993
0.6543088273823053
0.290984508557204
0.7158252362451716
0.5478527374569102
1.0
0.6976873409419299
0.7291618037523975
0.4687625079288058
1.0
0.44181349426372984
0.43504284876435784
0.06362078691860773
0.6338038870003931
0.5335915098705709
0.6750046921781351
0.5640303159055249
0.30489524348971336
0.6813183062692424
0.5638961855713701
0.5493703505984822
0.6079814286629313
0.6828314349456115
0.6730303318966211
0.14982419994744298
0.7488262884170385
0.8486026592952989
0.6516785716429182
0.6064533038085814
0.6086303570220382
0.5112945046522486
0.5938995532863934
0.599368867756388
0.709925308912502
0.5589473438089768
0.6384348388381794
0.7791302217211978
0.8338208776920087
0.26202386496621966
0.47475848647661384
0.4917609936722287
0.516685156633639
1.0
0.6645948859910306
0.6759954067709514
0.4724671487678824
0.3787604841494169
0.5185477911639096
0.9305687774461386
0.63412871293071
0.6963826476176511
0.5896475382627814
0.31739189683056146
0.6156793521587541
0.40271274813813
0.7750606770043275
0.7328286323410357
0.3357928762233885
0.6929197359723703
0.3293302942994837
0.5041530093032421
0.6373567821862339
0.4790497276094686
0.6351564388701709
0.6753527570913979
0.7294157253194942
0.4944659652175373
0.8098183656737605
0.5031363718345445
0.6560767700549197
0.3288812389015051
0.6080236213957743
0.6718897846609458
0.41309461421354604
0.5472715025998204
0.298534589006558
0.5662186869698874
0.4525081613643497
0.23981247076184994
0.6232766387020255
0.4980362974219891
0.6214501403367012
0.5945761993564158
1.0
0.5644799238037229
0.6215556688640336
0.6571965916370192
0.8701249874103478
0.7189034279306652
0.4693971121752356
0.3427805662375889
0.7294157253194942
0.7056130436287678
0.3117666836596594
0.26726268941562953
0.3857376767753487
0.536028045465308
0.621620654846023
0.6356063630031792
0.6657557663806016
0.0
0.7673308645653991
0.6834003529726879
0.5298459646799504
0.12165583790086316
0.558148529592578
0.5605925335154849
0.7660972280362045
0.2892584722123344
0.44785097463889817
0.8701249874103478
0.7496925918929934
0.7298308853266059
0.498176971857931
0.4682193924592045
0.7704788029711577
0.8218104089484163
0.6672078571057249
0.5508412020796639
0.9896062290981597
0.6174406568790477
0.5762005543152933
0.7254521066673716
0.2230259368215625
0.7386950637365972
0.44357287097604475
0.8175295891696291
0.32968735906830127
0.7277670608300097
0.6517261854000054
0.6992748926249538
0.7689685960003547
0.43067657947540283
0.7287546748130543
0.6402901452430518
0.5946959879518862
0.5025108130912216
0.4042383681042773
0.6503700717656125
0.5938995532863934
0.34337433378565546
0.7531604856216251
0.6258435409714309
0.8205228958505588
0.06943122255386133
0.4248788092306574
0.0
0.14704033742702738
0.7725976818027308
0.7440611769993931
0.5816849134849837
0.5184921168115202
0.5458255981053239
0.0
0.6668478755439874
0.7627039256557463
0.16958010093853398
1.0
0.6981422480973583
0.5312937822967331
0.7383187489007635
0.7470128526413617
0.8486026592952989
0.5645113110135777
0.6281078278456745
0.43842596281520296
0.4831298304366279
0.7451492266927935
0.8070380496874093
0.501961212086382
0.637946703590014
0.44882915529635503
0.8196104835463295
0.5933570961419563
1.0
0.368855665143424
0.6049918909685451
0.5925846350129058
0.3944637806201741
0.7977228912267796
0.3749434240370976
0.7627457929287191
0.8867971145895441
0.5907796108239028
0.5691013474735462
0.4870151736585988
0.6699939730677746
0.34298437017949496
0.5669227467032313
0.32679344206045985
0.36782160308665046
0.650635154130111
0.5111707791114656
0.4914324559698321
0.39104006487246484
0.3759465188520278
0.8839278098483991
0.498007199169245
0.661363314289766
0.4191302612163633
0.7110474816907676
0.9397912014337004
0.7616256480411747
0.5605757540918993
0.2803592753584593
0.6609585886578988
0.6735131772630175
0.8110897912923065
0.6792978441326866
0.5479340488285948
0.5099221187194589
0.8769071457767099
0.5052786371162044
0.7449502730051109
0.6285390824681731
0.5746740581398903
0.42898315434165196
0.4324137471631715
0.24055785081979386
0.5202406761787162
0.6041708549941598
0.5484223198063026
0.6421994345180431
0.4903768910027469
0.7142567866750232
0.674959666971691
0.5998003706231859
0.7527637030020802
0.6811260000763673
0.8304904008766071
0.6441972181026863
0.41554206925107295
0.41273935410741375
0.9301909255394102
0.5990936434317304
0.9148568849663433
0.7891196469466198
0.7827035752638266
0.0
0.1256490602379426
0.5463384558965536
0.6574467274520444
0.627136278383485
0.585130924285597
0.7130632833202384
0.7917855237061402
0.7913626315076069
0.11591982276838882
0.6311530895545202
0.0
0.7943749089699685
0.46186311358902565
0.36687517544707804
0.7491355160163498
0.9609247781184588
0.40027482749166515
0.8196104835463295
0.8679299839145369
0.12607016695429848
0.5084738140646036
0.5886704546192247
0.5305730919403655
0.5138903886838889
0.541687070425492
0.17524464156072017
0.8305593522998458
0.6753976939263027
0.5331271128355223
0.7019674027657881
0.5889448827688308
0.6980575815916213
1.0
1.0
0.07414861584269941
0.5643465095033233
0.4553050002449642
0.7708429034094336
0.6900753051592844
0.6592867034750522
0.7937751446633436
0.15753563722301295
0.7648773740611176
0.6799683361304352
0.6828581101370551
0.6197683447496877
0.6629495414601435
0.8907883107886545
0.4225925231337485
0.5950723385577392
0.718287818730103
0.5199968017118057
0.6515728245375665
0.46301328120446467
0.9266360767498649
0.5392981930532667
0.7903864714507953
0.6458948998658111
0.5893391312381491
0.8669479905275309
0.770667892068605
0.7719264612275814
0.0
0.8583837408630938
0.8719978282614521
0.9190780836317162
0.5670633239374693
0.6116531720448313
0.8632668755090316
1.0
0.6435186728323425
0.595361536677116
0.6389848865881056
0.832970101710594
0.7082461155741989
0.8214031900500135
0.9055690902509924
0.8241613253420914
0.9446326758255518
0.7521384910407207
0.8015038337159911
0.5948685971400997
0.6949764646441889
0.5128465881761739
0.915446266022026
0.46224349554877986
0.7263008205845921
0.8310609180059825
0.7218952425302821
0.6790160124261031
0.40648671608425124
0.44181459461064926
0.6390646519220279
0.5743649458238156
0.6992971507484637
0.43942116857190916
0.9474011515155788
0.742156697772299
0.8397894740348391
1.0
1.0
0.6230467540823125
0.524951822082117
0.4931948178426682
0.6885189350895724
0.9681896065406961
0.6832975898068271
1.0
0.6392209670926589
0.7697507295053345
0.7792922559900112
0.8482378078135112
0.9685065661441109
0.5419835230909161
0.8360784685268453
0.8351141761254345
0.9266360767498649
0.8232127562548742
0.7305039078623139
1.0
0.8049399172724211
0.9047172226631208
1.0
0.7794910224802655
0.9531213485213635
0.8305925830843774
0.1951900222593106
0.5618110434320136
0.8289840767630865
0.8476229407096715
0.9189170434504329
0.7826759580442608
0.7556219719946434
0.9580676930152557
0.7700380650031591
0.8303841554177741
0.8196104835463295
0.920269386391551
0.7823802651611257
0.9774810881359836
0.9124507676692205
0.9148568849663433
1.0
0.7744145052117762
0.8230597136344843
0.8904936724202083
0.9968930228330356
0.7272421322294249
0.7257435318273682
0.9392148331907111
1.0
0.6854326862685491
0.752910145619825
1.0
0.6124370452569771
0.8261787997696468
0.9334739952637655
0.8658821513680225
0.1983602103113665
0.8330439803536981
0.7937341109079076
0.951909472575427
0.7383187489007635
0.8831976920277703
1.0
0.9487731900474697
0.8819823960728695
0.7181677546732748
0.7307795327218078
0.973594340611861
0.6783864121334466
0.9888852720739549
0.7732507548826004
0.7781979012538651
0.9161462869786915
0.8485707853278104
0.9603745800842232
0.7380396332301187
0.8040044340218028
0.6933784177813539
0.6846006219975715
0.6338594890440913
0.1191276987057812
0.6530372212574361
0.8525115954916471
0.7528241085165638
0.903858396803011
0.8202349770310556
0.942359718228576
0.4579454972222251
0.8253373688520688
0.784479969713946
0.0
0.7733236577466044
0.8950749856932401
0.5748922387844961
0.5731189813260154
1.0
0.5715493325184415
0.9773896608031419
0.7763733714957465
0.6389984473198056
0.7799082368088404
0.8135042184440714
0.6320410000349189
0.7490370829690675
0.782702803801351
0.644253329295306
0.6418981930285667
0.9660477723417825
0.607540826958867
0.9619991431155491
0.5500338080195589
0.682225607307238
0.7167971855744625
0.8271419946637584
0.84894985195802
0.6309297680854797
0.7978014636919867
0.8949860962734307
0.6058230523786813
1.0
1.0
0.5879265029167656
0.7659272083750622
0.7294075116762603
0.8583401972965597
1.0
0.9847586661161877
0.9861501639857139
0.7302279484067975
0.7246297964202133
0.6812273685607811
0.8399753363592256
0.7827392859559237
0.916222513629081
0.9334235993274956
0.9969993296788147
0.66430281214218
1.0
0.6758733421106564
0.6565062974589734
0.8838255648650908
0.9243013296476494
0.596278537139824
0.6021205360233919
0.6441878809546397
0.5519538145693811
1.0
0.69867217907709
0.5985350025348003
1.0
0.57065586710205
1.0
0.5345214483386898
0.8869537985793186
0.7536048728992385
0.9842184856185381
0.8653667124607318
0.7063293824905199
0.5378814009836812
0.555821814374426
0.686969009732361
0.8197322437275606
0.9337457743289556
0.7291467219865772
0.674245419529587
0.9091786803720929
0.6828839682503416
1.0
0.8019594442249502
0.8478333292625736
0.8129443265788836
0.6859825024133492
0.8399534204578251
0.7850137828682435
0.8562598744697565
0.7898455420317329
0.6900960002692273
0.9807748804816454
0.9180313155474167
0.6948004960637599
0.8443413756632486
1.0
0.8196104835463295
0.7104770142549791
0.8260863983975074
0.7601000257043956
1.0
0.793863543139512
0.8213657179508427
1.0
0.8669767415902192
0.9132861705669634
0.6131471873089194
0.5416787235279725
0.8447788528844512
0.97110057124385
0.9259126092274464
0.9445735187142581
0.8179809672264625
0.7100281355284709
0.6673622929790727
0.8396914692380072
0.7936717684316142
0.841470500238213
0.8560177006878542
0.7698186397239161
0.8570916045035888
0.6197120981697535
0.5416264860286247
0.7015099678724867
0.728137810296232
0.6500926519525979
0.5648478542045138
0.6996144081744151
1.0
0.585430657730846
1.0
0.6442561931178182
0.4328426242772105
0.5433907061284896
0.8745712400500208
0.535549908181128
0.8263333314858125
0.0
0.32809472163060993
0.47703822813501523
0.64375736188204
0.11305340399494321
0.6332937850165096
1.0
0.9008636639078379
0.22093507665674836
0.4042283043879291
0.6001644465201676
0.6852518758381918
0.2946136959977728
0.4852584553790837
0.1890570954528655
0.5101165825813068
0.8871978000348049
0.0
0.7489716079508499
0.5618151184056559
0.7385567776997191
0.7299435502361529
0.642948112895913
0.14363176878017914
0.5001988848405331
0.17366666851418752
0.586078008888165
0.49946378451189344
0.47276846944747525
0.3840642728348634
0.761349516916475
0.8695896311381018
0.6527964310456291
0.3058224948488903
0.7135748890664931
0.724044058428221
0.6340977444006302
0.5900490798837741
0.7215406383408057
0.4516025092187725
0.6628393246469898
0.6412973695433323
0.7933512649105299
0.7232789131035466
0.540447502774063
0.4808659262825577
0.47215876587310085
0.7778719909206209
0.7002358127324275
0.0
0.32542886070067634
0.9337457743289556
0.2540153994219288
0.12398226197975526
1.0
0.9305687774461386
0.5840232372762174
0.7000872543826334
0.8324881153391224
1.0
1.0
1.0
0.4128176320955046
0.8575928991705211
0.639621358536932
0.9001473931425377
0.9148568849663433
0.6136130036019023
0.9148568849663433
0.7851941976296942
1.0
0.5268980264914431
0.503859185391466
0.5095843938728091
0.7358599678290738
0.8579809441450386
0.9321376966775738
1.0
0.34250779004144305
0.8632829584586873
0.7748248554306664
0.7686062606708604
0.8553475053926018
0.7522117851186831
1.0
0.7763541496083164
0.6426920091259167
0.17630010726662426
0.448438415758698
0.6843369211312785
0.52378408837918
0.7586995289220708
0.7015861717630415
0.699317633151415
0.6818404500073384
0.7451677712746139
0.7115892908371175
0.6818743936264148
1.0
0.262141519568649
0.43067657947540283
0.8288253258412285
0.9289904720725193
0.905211632258121
0.6943559495587053
0.7366297032269051
0.6349427919306084
0.4446973366148528
0.5
0.941133895427389
0.7361723229362949
0.5987973917558921
0.7015521507479737
0.5912419467198121
0.5187583676919718
0.6179835850707602
0.7169105070121476
1.0
0.7341036099009561
1.0
0.6920489763951136
0.846539768594316
0.73310063517697
0.387750385675447
0.6433814093299428
0.5550229407977899
0.8071052652389828
0.6026250194297427
0.6733622676888965
0.6810026185289193
0.5162131023904226
1.0
0.3868528126910807
0.7286353223367352
0.8899541184044202
1.0
0.7889672246899627
0.5873887483736265
0.8784444791090267
0.5037773962558115
0.9148568849663433
0.6696841225411418
0.8449835615549761
0.9194787032935383
0.8196104835463295
0.0
0.5719998658685621
0.7108314507393115
0.8196104835463295
0.6411754212417639
0.7318762484938626
0.7303822130222719
0.3754774699684313
1.0
0.6513977048095695
0.412130901858626
0.68721439060427
0.0
0.8611375548922774
0.3144229501784982
0.5274404960439586
0.724044058428221
0.6587877336173829
0.3921779497087989
0.6618313197487639
0.3167740459807636
0.447869374383191
0.15873886968446985
0.3163449212959345
1.0
0.13565197169348978
0.678875474767135
0.6406366073122892
0.9363792130813923
0.9216017310636463
0.8717547474762876
0.7249024862341756
1.0
1.0
0.8279308972312294
0.5587573502346626
0.7556472523261243
0.0
0.6424979518088091
0.5744256832018665
0.6067928132382041
0.3635325349171954
0.8402741259632949
0.38485273933851405
0.7564567242931792
0.7836361757236406
0.4537048626162259
0.7569021089319511
0.5221992110970304
0.8196104835463295
0.593107299480764
0.6005445465908692
0.4600664965555231
0.463573424682537
0.6343793236121086
0.41927810708950014
0.7683576481824251
0.5822446070766809
0.3823249698754393
