0.47955546679233674
0.49218041239671245
0.050940676591699534
0.20689402574299237
0.4092492703271884
0.3346681127620231
0.21387729118562784
0.2604739899117773
0.23111128503782888
0.21348170070703804
0.12863101229068177
0.6858696280174156
0.2569226681092516
0.5666445171872079
0.5330515245690296
0.3640158543498577
1.0
0.5301217102470116
0.6683830974170833
0.4961330284114929
0.35457679823024313
0.7076268780732401
0.7415422875151345
0.4259594485310796
1.0
0.3606894034527511
0.2580859859005691
0.2164076158033956
0.43619006739329774
0.5075947881642154
0.2825726784847317
0.4848459015227634
0.32936808683239194
0.8669479905275309
0.36344497176806845
0.7614487738077947
0.3134779448338767
0.24502088858310783
0.880348597233706
0.1879667079930502
0.3963508457229922
0.37758084952090687
0.5420228661783005
0.4869052435790238
0.507103599800002
0.5105940318399187
0.644319694879633
0.5207961759252703
0.36675158417166565
0.23998764215553117
0.29300377846312015
0.38783160237870695
0.663294746336053
0.17322228069210005
0.5716914834350658
0.6381828880521799
0.5146855712792137
0.57638765133232
0.573880146570088
0.46511274131513697
0.5380098240664911
0.3427865525863226
0.6255245917981902
0.5847907928043282
0.2379334044734352
0.25989776770576384
0.7105496797650539
0.6668661005316127
0.5393978327348924
0.49562203804254157
0.25788610707051857
0.5308034193884282
0.5845374101624948
0.3634142851399292
0.8628511086765157
0.3442250156825668
0.6109216075797244
0.5770010851069451
0.3719712872572683
0.39196799923062514
0.31707302726166864
0.3592168195045793
0.20298579955677987
0.26093151068046777
0.5916214862219993
0.289577929945734
0.15801786261137268
0.14608314225274574
0.48598743242432135
0.604423957019652
0.5175130137828381
0.3206052192103027
0.6785815604408115
0.0
0.43331321416985374
0.5364673239617944
0.5925018820928263
0.7015099678724867
0.0
0.5581387016561319
0.1268070284378299
0.39950447459256655
0.37628151176079805
0.3214588903803072
0.36940433190265776
0.48316776378389054
0.16030465592535098
0.351238564961965
0.68852887818819
0.1603460487252863
0.21767072266529752
0.5159958241639143
0.17995037952618528
0.6424293552568686
0.5195828649372284
0.4480679327264033
0.19563525926011352
0.22872726742207003
0.34726386564628886
0.39645313232697643
0.0
0.36709226661968436
0.46395940459540974
0.8082894175573478
0.40069801431505725
0.4615907487382472
0.5449003989311136
0.43576067650063066
0.407388448524637
0.6141351966804913
0.5919511883632714
0.47692198607006436
0.3934281714588613
0.4978780322394905
0.6467225887217212
0.14066942903271493
0.48706187647012106
0.3139304240346342
0.39397584985307854
0.4898762677195475
0.47734950010502336
0.4543431430971684
0.5867764846065802
0.7376058825205158
0.4908986877261442
0.7064267253701895
0.5184780367976525
0.31605886296219304
0.5326977293083047
0.3148455776411473
0.10269287305058375
0.36194445974137285
0.48317417596989076
0.5491737724013185
0.49720159902843647
0.5432534206220258
0.5123686110664991
0.6741397022671354
0.15674134750264668
0.1297186108155903
0.27444106865316537
0.19951859512996858
0.3672703181995667
0.2024832320263304
0.169827787098158
0.3897301387489264
0.15773140487118328
0.39988338460079387
0.5799715422753278
0.3151625523743469
0.10827206161889924
0.5439077685059643
0.8240350444286133
0.32386341259980184
0.8659476027995866
0.2610084559391549
0.6345558504788427
0.4459294158182273
0.3408208565821697
0.554462449974683
0.41670250599986847
0.30581821274121784
0.37857124440526085
0.6150386052606589
0.6168056226466178
0.7734390058422436
0.6629354825347357
0.36940488040538483
0.6016863558277308
0.450114162007383
0.905211632258121
0.4629135030631048
0.20889863391458463
0.2663856434550182
0.3568777019397877
0.28376734881874394
0.35912519908813806
0.47430330547635097
0.3979479006330689
0.21024680569439633
0.5353880236023086
0.49927221780220166
0.22597523858132232
0.3511860040294008
0.19548800451877432
0.17850847921738336
0.22704633228018076
0.4567201146066432
0.2577207998525177
0.15383301763187782
0.387754058246276
0.6179020486634154
0.35306181799056435
0.5631102513106111
0.461370860933293
0.6869166185949869
0.25554497804308907
0.23386282615892182
0.29531514428304206
0.5636282255145538
0.18063335371245295
0.5741027779971125
0.19034353964416934
0.36657111252256797
0.4690157653388074
0.7556224604613412
0.5289704576275298
0.43188632766014334
0.19530489305365828
0.49492634439926825
0.5242306592414694
0.3851581146543543
0.4955978547495544
0.4066972543970532
0.6629048233883198
0.3397758425305056
0.1310411523081735
0.1394760434408609
0.8400527372098453
0.6738700084099368
0.2200917631911596
0.7333178360222031
0.7804414674644079
0.5604055397945992
0.18780466382781266
0.4353379721193619
0.22543762233744163
0.4353478435667928
0.20558714938427827
0.28594301365963437
0.5263486571633473
0.24959293172153052
0.37997936591889103
0.14434449107016933
0.35319409631741805
0.3091077188345725
0.4598830529939398
0.23821997071391443
0.29785946289175713
0.7437677572742314
0.3333333333333333
0.12841845874413227
1.0
0.2371636678876962
0.21697646176540622
0.7962373027421044
0.48180892038444173
0.5037266016633899
0.20864416110731882
0.2934934838951174
0.597935984627889
0.5633138048730931
0.4206039939374687
0.2646946271577349
0.37962081503590756
0.23944746969609365
0.9305687774461386
0.20824477314440715
0.3473661529345196
0.42472257944968683
0.4452483439110312
0.6913386374236253
0.2563916268889481
0.3385135852386232
0.44011532855035734
0.42854799219319634
0.3613461510416996
0.5058761625566051
0.40439518068776803
0.5065025463543562
1.0
0.18757780790239503
0.3997755404263639
0.9266360767498649
0.18626049434181952
0.2874018555713038
0.3028860797063858
0.16614960679563215
0.546074738333178
0.33317557472903236
0.1376314459051942
0.5779354846369184
0.312445932918323
0.2800615215839115
0.4743071754381728
0.30544059366070986
0.33852256001386494
0.24976734039025475
0.352776155594627
0.21440109958340206
0.22465510616988685
0.40355806281992923
0.5180451471137977
0.4460943201315215
0.33840849616775703
0.4826703734275862
0.5591227874980469
0.20854699155333908
0.3858487595844078
0.6599539149584833
0.4682069337784964
0.41177723532209576
0.7166519560168079
0.21779987340953857
0.5056427649175202
0.6943559495587053
0.1557848106768412
0.2654897911788648
0.0909549075623591
0.4344145696276516
0.6943559495587053
0.3535189914902798
0.2956030235931553
0.4753167570962161
0.07189814123895617
0.5531898946506018
0.7750543247224018
0.5080988908717777
0.517653857728514
0.794633072519905
0.8611375548922774
0.08460552964005688
0.8564821281819845
0.39320977364627907
0.41736915153477233
0.25113821030628414
0.3954783560213574
0.32337048572278426
0.11993357255745836
0.6242011836647604
0.40308932201456715
0.1757574126340953
1.0
0.14675329659214523
0.25978388501482813
0.09731248106406612
0.3277893102520923
0.2876611881872028
0.2702174357196482
0.3803161569128768
0.3084745377915999
0.626900338318802
0.33235941955778125
0.6321117140506745
0.4098887340825572
0.7060398379463831
0.6309297680854797
0.5819961758941752
0.30494600978370584
0.16197202160459157
0.4310547807014533
0.3345880143997551
0.6139978039486784
0.5261979229257198
0.22845621810970604
0.6816808368784143
0.06625652887242027
0.36611489339060743
0.22963693987484438
1.0
0.807448325024521
0.7865383704448348
0.7208140666644612
0.6943559495587053
0.6934264063455403
0.47030833437753017
0.42528594662521557
0.17364084568471266
0.7338455306447836
0.15425921446898452
0.682699369281445
0.30200304884902335
0.7530907126586882
0.5364073763114635
0.29552045744828775
0.29466857620283377
1.0
0.19983069233258197
0.5012101707267764
0.6110191457494235
0.6576668766164867
0.4967274970913297
0.5666867858301463
0.21946854624013193
0.3460518528267501
0.4667705428313266
0.5713843155732683
0.5392196822397626
0.4887435797244496
0.8701249874103478
0.4893682551195226
0.9132861705669634
0.1834098048457149
0.30062630217739345
0.2646429080892743
0.5437713003958233
0.5978252121290116
0.541533924338058
0.3826987510232786
0.22224416028105617
0.3282410061017055
0.6943559495587053
0.5469356302849687
0.4902409253673356
0.18994093123625613
0.7799082368088404
0.47149570975092425
0.5542060031462733
0.468371891505964
0.27319083117315135
0.0
0.17330235169173125
0.5076493710501169
0.26644459547507116
1.0
0.5309679846101683
0.11728693954991151
0.22102680477202105
0.3805861897754271
0.666657609992586
1.0
0.5182962223428224
1.0
0.6522289863019737
0.5361023615435823
0.267495415413657
0.2095678398669416
0.33662102612570477
0.5392212093164108
0.48162022386308245
0.2095835586478985
0.34942112852283663
0.3769258483853423
0.7619634594002648
0.3657383052581065
0.45425433163473633
0.6090726174417361
0.4770913984643114
0.3813538674758503
0.6186028778275009
0.1552330184966599
0.3074943878411439
0.10466386443416495
0.293108808428166
0.11872974093463529
0.4825037380458797
0.19650032612560916
1.0
0.4320829562268198
0.5930249016624087
0.7036556836808499
0.3333333333333333
0.4817850163840603
0.447510754785319
0.32848382134448045
0.3480974908620232
0.6215454210326783
0.29323993912761975
0.5585908392066186
0.440995593126001
0.45143015581469637
0.4714048661712181
0.4142095162991036
0.5998064577038917
0.33020826607646675
0.3500855117156339
0.2288897115982904
0.5840786012152223
0.5851687950210182
0.37960256940083686
0.7194690953806461
0.26514555214950136
0.44434338235513865
0.21915049382161586
0.7269648764309719
0.18457570391786032
0.5499317028863941
0.35956677452112085
0.3481814766366904
0.5889097461437085
0.20127861390755644
0.6905315375474235
0.5478527374569102
1.0
0.5856287630897511
0.6303247637975574
0.2704694990180631
1.0
0.18235411406293722
0.3445423604995753
0.06362078691860773
0.4846198206697307
0.5335915098705709
0.5146793298889654
0.3743023939010497
0.20369351941977074
0.6624955887389372
0.424817658579229
0.3958430867880653
0.4572854762685094
0.576730842184601
0.5081386436228165
0.11356643073951146
0.5840396654391679
0.8486026592952989
0.5818589105597985
0.4351869266139601
0.4781738093627176
0.44434338235513865
0.4377903838238897
0.45517502835303014
0.6001592564399725
0.36825038218694484
0.4963356057922678
0.7055069622949305
0.8227785067468346
0.18438468039561845
0.25379351482903173
0.44418493570292644
0.516685156633639
1.0
0.4979538353505316
0.5514447239033364
0.28527593455644584
0.16845280634910575
0.3589414355468912
0.9305687774461386
0.5488535777728066
0.5338105392914159
0.48277782377184203
0.18068923514840504
0.4754291372613364
0.42237285827426985
0.6346169369833509
0.7328286323410357
0.14203584491516594
0.5870263386057164
0.12849714048368632
0.26992355225267955
0.37452497622695985
0.3286379654511445
0.489951914796951
0.5729828353556145
0.6179449369483817
0.4552061555395598
0.8128361581541651
0.20766452027823668
0.4781127670055209
0.19987049160476913
0.3987884416114425
0.6656301919748119
0.23989764331558291
0.3093078888695435
0.10697199882144144
0.29909068182242965
0.4525081613643497
0.26064801926125813
0.5246845595042692
0.2678322742572688
0.5686307748459881
0.526311313252026
1.0
0.5364627748479348
0.5418053430544365
0.525419451765512
0.8701249874103478
0.6618865311060802
0.3713173384511312
0.271157116707179
0.6179449369483817
0.6864522501701671
0.24662353515081548
0.20697477688942365
0.26251031405295217
0.2180573488896474
0.5765521181839924
0.5190951537237929
0.5722830506329095
0.0
0.5984270040596694
0.5778671372969172
0.4938457554938433
0.07142281422890492
0.4900592106387292
0.3660871955827148
0.7475756426097196
0.11499018327743864
0.44785097463889817
0.8701249874103478
0.6534718615143003
0.6526651843971172
0.22337596485946448
0.3359911754222906
0.524796040283521
0.8218104089484163
0.5442220120905157
0.5090567183294357
0.9896062290981597
0.5775184297122854
0.508297993484111
0.7254521066673716
0.17642502503346624
0.6038628077912636
0.27123282129514625
0.8175295891696291
0.26079971417575026
0.4831902864209285
0.5521280698578496
0.6147855314195606
0.7055706403205152
0.43067657947540283
0.6012644190014653
0.5065025463543562
0.3594154021245363
0.34256167414096605
0.4042383681042773
0.5348481730629214
0.4377903838238897
0.34337433378565546
0.6708806474955001
0.5587965994902341
0.8205228958505588
0.06943122255386133
0.2466517577434892
0.0
0.10654372999620976
0.7143540029233867
0.6697331177704005
0.4449516359854665
0.3681347303183431
0.5092219808017922
0.0
0.5215290654083787
0.4825786727440773
0.16958010093853398
1.0
0.4330198255787637
0.4227734470552107
0.6153237825515926
0.6369161535095229
0.8486026592952989
0.4767610915968692
0.5321191175373569
0.3558622634966009
0.41498549087182185
0.6135050536709293
0.8070380496874093
0.30635188674347397
0.5156883384600159
0.40018295733462667
0.6943559495587053
0.5933570961419563
1.0
0.368855665143424
0.4994552776035114
0.5925846350129058
0.3412292661288007
0.7977228912267796
0.23269794137480496
0.6920095432806952
0.8209013518604408
0.4431791138683298
0.47001826012566716
0.3852541342451125
0.5545658101345395
0.20169898079862533
0.3493341014065717
0.2585104764851507
0.37179814380938436
0.5348927143910772
0.5111707791114656
0.2986574937910813
0.29614873735516467
0.2849666763443172
0.8240350444286133
0.4736398185024367
0.5484844190530214
0.35211761039173123
0.61472997558769
0.9397912014337004
0.6821675307215663
0.3324530013278468
0.17038231301674792
0.5547755832546353
0.6735131772630175
0.6703972831280399
0.5082744208473992
0.47740903490675113
0.5724632237327455
0.8358761943689467
0.2598686270485355
0.5985717771035451
0.39008485330704573
0.34446973110848805
0.42898315434165196
0.19740893326715409
0.2020962536701929
0.29515823322601376
0.4597208418044906
0.4646113102172979
0.5356962324390132
0.27242632167880965
0.4613936479977381
0.47442496869150413
0.559698648409848
0.6667013683670863
0.5794093746263373
0.7653291754969743
0.47361021833791345
0.2036884854308868
0.3650649253514421
0.906921234052547
0.4866651202151765
0.9148568849663433
0.6973472742180524
0.6881390120186895
0.0
0.1045438602640555
0.26777408009210746
0.4779936180009121
0.4559504575648862
0.49249529246031676
0.6272183535623895
0.6921920613004003
0.6123031294953427
0.13180047544102386
0.6311530895545202
0.0
0.725833211959958
0.4121263665401441
0.17230671135627018
0.6655140213551329
0.9609247781184588
0.18366746645603854
0.6943559495587053
0.79105160389762
0.06375797640235042
0.5084738140646036
0.4505573753951859
0.4637930602302288
0.22872726742207003
0.29506970447318814
0.06606978103643746
0.7431286856429372
0.6753976939263027
0.3775028171140296
0.5218854065507276
0.38926809505977344
0.6980575815916213
1.0
1.0
0.07414861584269941
0.40497136625969526
0.23091168323515626
0.7260533271265378
0.5452226790187163
0.5412646889128357
0.7250335262177915
0.12461881849629798
0.7571215116497118
0.4984561116850134
0.6107685092916446
0.4793328720765391
0.6090861851233699
0.8470816816195308
0.19216552057241265
0.41022286362150256
0.609994772018612
0.5199968017118057
0.600884895708993
0.3557073866108796
0.9266360767498649
0.372480426699625
0.7903864714507953
0.4971161216277403
0.43316964216333803
0.8669479905275309
0.6155721860192788
0.6953052287082169
0.0
0.8111783211507917
0.8730880149285699
0.8932868021450424
0.33473203853603567
0.33935995190671664
0.7989998102342404
1.0
0.5490665220135095
0.35934994698571193
0.40400890866475037
0.7102665373987319
0.5557671885672706
0.703981412723541
0.894097782705403
0.7072966597176962
0.9124031788165664
0.6380136529677226
0.7492387988764662
0.40344010141035
0.5188130693848116
0.30414691719250553
0.915446266022026
0.26077058089468236
0.6350677607794561
0.7438890571589843
0.6188475283886276
0.4315779475036663
0.30829262205567154
0.43874705658412355
0.31451226344453204
0.5265401803228767
0.5180629613039458
0.2968294428870204
0.9226787322663176
0.5366344100295661
0.7571215116497118
1.0
1.0
0.4712610038341727
0.44950370983567456
0.4931948178426682
0.5095123058610402
0.9575861420542615
0.5113441024877563
1.0
0.541533924338058
0.4999049697861758
0.6554553497756046
0.8482378078135112
0.948957586383595
0.32547036464075735
0.7671133298207455
0.7289380139405842
0.9266360767498649
0.7523577258931031
0.5592847392538295
1.0
0.6393714621170707
0.9047172226631208
1.0
0.5443218362501446
0.9102448956380075
0.7331213783996239
0.1951900222593106
0.5722460890255873
0.7053940163858139
0.7813104365906403
0.8252705690965173
0.6561709360907978
0.6664410468050183
0.9427653274026119
0.5873586862319428
0.7252663428546051
0.6943559495587053
0.885571665698245
0.6617958362666168
0.9662313694019408
0.8226751053696802
0.9148568849663433
1.0
0.7262219774935701
0.7872233590305995
0.8779223564831847
0.9957591930016284
0.5261212040240818
0.6313203673906788
0.8608908422090056
1.0
0.5510129249804306
0.741160929290834
1.0
0.5505869740415753
0.7345226946269778
0.9112986603516873
0.8120537703037978
0.21913081696315936
0.7715533792687089
0.7937341109079076
0.8847143592287089
0.6153237825515926
0.8282984744560006
1.0
0.9273038450539784
0.7840535801428641
0.5780060193732057
0.5610669452886008
0.9611831985287769
0.5805787485870654
0.9850162631712845
0.583547989553888
0.7236903050524351
0.8855455338387174
0.7704339429005397
0.9255509009042316
0.7380396332301187
0.7630691099893809
0.5878201800922648
0.6846006219975715
0.5422093891997005
0.09911788805655473
0.5862859851212414
0.6755613086086454
0.5866559744305068
0.7657672243679001
0.6962247646624945
0.9519355989436769
0.23392558126456486
0.7129838953522185
0.5592155425508283
0.0
0.7077264100949725
0.8547407359483216
0.3334894644476871
0.5245673855598632
1.0
0.5715493325184415
0.9770720691498691
0.6712647726484083
0.5325282168782105
0.7799082368088404
0.6317588971113994
0.34144354248595465
0.6179638068065104
0.6357254651461338
0.5144306218877558
0.4528725452898451
0.9519494731408106
0.5721697655658908
0.9619991431155491
0.29862810293576175
0.5662601313058908
0.5562260060572566
0.7273717375552604
0.6822346919628437
0.6309297680854797
0.6528145166082748
0.78895866097055
0.4592126087941586
1.0
1.0
0.32317696720464567
0.6998173378112881
0.5783287309007938
0.8006296300548991
1.0
0.9787898513676887
0.9805079007795332
0.5604859641802334
0.5690054554724395
0.47907112082796904
0.821736568909382
0.7827392859559237
0.8782141976168133
0.8871958794203381
0.9959548038691058
0.404445080891745
1.0
0.4591054821447642
0.6565062974589734
0.8414300038022681
0.8990684395301993
0.435452195138098
0.543162281304381
0.4250260820438686
0.49495309732989734
1.0
0.6368884289841272
0.42283928779976016
1.0
0.5423684177307221
1.0
0.29045006674289164
0.838427147484345
0.570986428853377
0.9842184856185381
0.8136122983253942
0.5246146104566649
0.35360788059243864
0.229409911315657
0.635176639103321
0.8192720025905132
0.9337457743289556
0.49158942592833177
0.453356424051869
0.8742660352584569
0.5909058619008623
1.0
0.669560081457185
0.6763128670123248
0.7292386857878832
0.42614366706625834
0.6684098357702268
0.6984364135371889
0.7635095089949763
0.6675139579159347
0.5043003739663914
0.9763562114927593
0.8139216550741336
0.4916586679849368
0.6833688823919075
1.0
0.6943559495587053
0.687333273403692
0.8260863983975074
0.6899440161840786
1.0
0.6462788500145659
0.6532234720415868
1.0
0.7764903362413427
0.9132861705669634
0.6131471873089194
0.4670626203371228
0.7762328861686989
0.9566633530050461
0.8355512302064353
0.9445735187142581
0.8179809672264625
0.7100281355284709
0.5388767823634688
0.7699272924256961
0.726817545890503
0.7493934385173686
0.6527442674852849
0.7059060341423894
0.7525085960339111
0.4826708586127054
0.32460528010661105
0.7015099678724867
0.6335032642000951
0.545946861350192
0.2526252319973837
0.5554461097275943
1.0
0.28233679283564717
1.0
0.5945196783229042
0.1858269373738527
0.5433907061284896
0.8689781465395883
0.3020333596735567
0.8263333314858125
0.0
0.27795462180681557
0.5151571349255532
0.49708156370911677
0.11305340399494321
0.3848706620185243
1.0
0.7731227379282574
0.17250146362153246
0.2724695814403887
0.4671636755935823
0.5257917764799774
0.11087683727759845
0.26039762195134264
0.17913110452193914
0.31279432282220215
0.8379316454711626
0.0
0.6573637640111467
0.2645651570252461
0.7385567776997191
0.5855685063207118
0.458398168754514
0.1136201410642128
0.26326670901314964
0.17366666851418752
0.38788852328017803
0.2959787418706792
0.42191240977399014
0.2242665866755859
0.7101803942331856
0.7373368333425591
0.45314009263431754
0.13129496590752526
0.5477111654621291
0.5816519449239619
0.6340977444006302
0.5302233785006271
0.5781576562270013
0.22413423881893157
0.657962841589367
0.5103959431214093
0.6367233149276265
0.6169044941691306
0.2863617898464798
0.4808659262825577
0.2395861768890508
0.6853240578121984
0.5722409489397428
0.0
0.32542886070067634
0.9337457743289556
0.10017010095234402
0.04163488255552671
1.0
0.9305687774461386
0.2915962614515526
0.5591227874980469
0.7643852240684587
1.0
1.0
1.0
0.28903452451942013
0.8101238655606947
0.5010881191226451
0.844616508657587
0.9148568849663433
0.4204557847749823
0.9148568849663433
0.6339619309650598
1.0
0.2559405775075712
0.27046288887222814
0.3009188957211976
0.5821032077952398
0.8579809441450386
0.844694547099654
1.0
0.29380709350269174
0.788137009877085
0.7748248554306664
0.6500094423436413
0.8553475053926018
0.6357467994805216
1.0
0.7593460418969187
0.5092331124883038
0.17630010726662426
0.23127756448578426
0.49711374501082195
0.21838346133188574
0.5658271964511273
0.5479696737161532
0.5534473033407343
0.5322996518774225
0.6472076535241058
0.5451339986457179
0.5393978327348924
1.0
0.18379663857233317
0.43067657947540283
0.7630240285705914
0.9053206294300257
0.905211632258121
0.4309322145297102
0.5292610692223648
0.3777582198089753
0.2074570544346084
0.5
0.874780722171806
0.643221065034124
0.49977672545060886
0.6589700541088004
0.390639951204953
0.2815203891794018
0.4155905615796961
0.6731676585191223
1.0
0.5969021829495904
1.0
0.4993066184535526
0.8195091382651107
0.73310063517697
0.387750385675447
0.48113167024671855
0.4066972543970532
0.749578671129446
0.44987000848598596
0.5724644552846162
0.47206033504637934
0.40835120259891017
1.0
0.3868528126910807
0.6243199619516541
0.8532721578725603
1.0
0.6137032280982279
0.38073520723418963
0.828924164043649
0.37803562359366183
0.9148568849663433
0.4736650105600073
0.7253813397745393
0.892638271058051
0.6943559495587053
0.0
0.3053122309559972
0.5930275240938796
0.6943559495587053
0.4662616210997937
0.6136932100013369
0.46713408971330855
0.40272019570171164
1.0
0.5241821958619813
0.3903029337523039
0.4504088361171699
0.0
0.8611375548922774
0.3144229501784982
0.4172326503561297
0.5816519449239619
0.4967134022222932
0.1839239937396879
0.6618313197487639
0.1719856607204866
0.24166219499668057
0.06618365196407065
0.3163449212959345
1.0
0.13565197169348978
0.5871938235147676
0.6051163149676061
0.9363792130813923
0.9216017310636463
0.7827068933837892
0.6587798366573038
1.0
1.0
0.8064750880273981
0.42933072534851996
0.6295622549034258
0.0
0.4927771933288546
0.4299146836582649
0.436626594914608
0.3509018304781487
0.8186282905316862
0.32288909593329845
0.6504385409652242
0.6954920530348374
0.27191246701234634
0.7569021089319511
0.48726833547102544
0.6943559495587053
0.3486957742045197
0.4586337757861324
0.3139793299825204
0.27447082608921936
0.437405186958819
0.3320503590680725
0.6995003317995099
0.4531683537752469
0.1577245433554853
