0.5142311943111189
0.6611404090835354
0.17394295639106522
0.394242996349342
0.6503948788672435
0.5609770914000749
0.5167047691241574
0.5573180121694697
0.367276999894542
0.501939774831517
0.5029052178176268
0.7264616729664395
0.5018734726675043
0.7096989991673366
0.7235225990952376
0.5072730911905409
1.0
0.6956666585251473
0.628357083613548
0.5950129169585394
0.5122076866790983
0.728762980217843
0.8502964697571251
0.5244900622043689
1.0
0.6661559331603943
0.4888562554552531
0.37683595072596715
0.4905526397339885
0.7357537265243673
0.5179460501438015
0.5631660087532857
0.6015175081463342
0.9363792130813923
0.49371667925730794
0.8479658501493771
0.36966277664975794
0.7277670608300097
0.9102614479252794
0.3617162881149344
0.43380919839889165
0.44568111108737557
0.7208407896491511
0.6155164102821798
0.7057058508552736
0.6504519391839302
0.7173345744300729
0.6151451444050136
0.3193450140470862
0.5314747745452401
0.4890727793764538
0.3493747580314035
0.6788993475151395
0.32594567536094327
0.6565240061041412
0.782936973613854
0.7369119064385427
0.6260426617930597
0.6491985912777228
0.5420963561948279
0.6535073680498684
0.44971325197262196
0.8468806769246491
0.6253828377533521
0.41066289498113856
0.41813844377241166
0.7829122598237904
0.7051578857990068
0.7036354413092634
0.3809944216604141
0.5404569023749795
0.7110241332874383
0.8075642944045585
0.7237123155517053
0.8988173836965052
0.6167848282629511
0.7081912056847933
0.616976069018482
0.5435603778753071
0.6630808210012018
0.5100730364357016
0.4739021226561632
0.4936722846244581
0.7025621826176552
0.7094467864062532
0.5962488156944941
0.16299581191072587
0.3592941292994873
0.6823966732612278
0.753434354423267
0.6704421127518572
0.42637132894427565
0.19687407608286536
0.0
0.5422491087216585
0.6890439776138868
0.7595608693802587
0.8200685172244644
0.0
0.5290532046982171
0.3506721814711264
0.6147809241353511
0.6246521629427237
0.5664904590980149
0.6682720268666534
0.6807351523524028
0.44583994444994435
0.6028528971945041
0.8597187061427749
0.3424401255484669
0.33015408070974556
0.7279994262156192
0.40624589749361295
0.7318220164426514
0.6746378219969829
0.4965397047939757
0.44388455600603577
0.456250106912465
0.6193235908416115
0.7313004211198485
0.0
0.5826136143949662
0.7141952759308281
0.6807351523524028
0.5098133793412931
0.6258586188682069
0.7060850919620557
0.6461132702583942
0.5789282254685288
0.6721463642234774
0.6916507409391176
0.6076914895525483
0.5220305463148558
0.5375876285153134
0.7538557066646594
0.3967273841149352
0.6128455699277121
0.5376298571746245
0.3540179651465823
0.6405131624423764
0.6334259868208753
0.43443894434635183
0.6659754192518004
0.7479380539160406
0.6223557155734206
0.6851783872119538
0.6009179795516172
0.5652714220528327
0.6329597405634674
0.4898095846301966
0.36235693392688245
0.37887483933364624
0.6123806319774181
0.67172776764459
0.7132340283296194
0.6574400654665193
0.6159354774873406
0.7366102307495778
0.41712927576708597
0.5415939951039539
0.391034039284458
0.45315807122334895
0.3989819713447803
0.06943122255386133
0.26438044533800015
0.5147861336627999
0.2535482379866088
0.4857449078529367
0.6666376758939621
0.44803002402881265
0.407409812481929
0.6655011476165262
0.8756609327060146
0.697554194463578
0.9305687774461386
0.4423731773961357
0.6708659834936366
0.5336984808892504
0.5739147457451075
0.6658468374810123
0.5469224016782094
0.42617196000068847
0.6023654282568789
0.7011973575950343
0.5723262473036991
0.8300792543816827
0.7869516250238915
0.5147148458643337
0.6799789881123839
0.6553000627292553
1.0
0.688780320516945
0.6510416701423836
0.5584984455067121
0.4008073744479523
0.22463009734637357
0.4614006298384481
0.5598626494036075
0.37326896177078117
0.35335860580306444
0.6830123079981704
0.6244541633516513
0.6333422943982584
0.5291052806806427
0.46906885075960947
0.32441318636486266
0.47696481126193613
0.6589202471587986
0.5269212840254233
0.5417954173460522
0.6451746924399439
0.6777277500465625
0.4215127625767611
0.4615890736872547
0.6172846667660581
0.6556660064778767
0.5347156112769307
0.47681247097897206
0.5526531208784142
0.5874317799698873
0.4335941079871964
0.6776649005147207
0.6397689735104015
0.6936288160401594
0.6164545594925461
0.8506676917110446
0.6467278432206474
0.5739147457451075
0.043308906075818186
0.5544688903859606
0.5450182217484844
0.6081635047986249
0.6355940818700134
0.5550229407977899
0.5142670710354172
0.5576370274989497
0.6605477513075027
0.32350258463516185
0.8582425301424396
0.8230597136344843
0.2200917631911596
0.7999883770166524
0.80315497455279
0.6182307379305534
0.2580031053337442
0.5748155224881208
0.4239166646312868
0.5553415130971473
0.302827093208657
0.6049916890558249
0.5678427241124528
0.5596335294844244
0.48502719636177716
0.4501067383986969
0.5798846157627734
0.5621929418610095
0.6659454806339207
0.531105102268929
0.6472598722034509
0.8380432822187092
0.5
0.4701774686135154
1.0
0.38468133230925877
0.5093221105744709
0.9334235993274956
0.6356335719462338
0.6717919248584744
0.40248237137926884
0.48170586472365495
0.7498262938629534
0.6817963878843407
0.5522839820471207
0.4560611298290715
0.5347156112769307
0.6531193230753509
0.7059053971146075
0.4472021579742156
0.4545232246655449
0.530932446858592
0.5687431557135947
0.7337883667907884
0.4515699779972907
0.6077876332409552
0.5987889273058871
0.48613362090683965
0.45625663434648683
0.558478984390012
0.5501906903567274
0.4786866636731236
1.0
0.15777608150267247
0.5302320880856844
0.9266360767498649
0.391743453842326
0.6245577465644297
0.3575235531651687
0.2900541665788001
0.5598335601946443
0.49605710951556004
0.33832528607169576
0.6462606379896226
0.5714978995519864
0.5490268775430481
0.5739639631726952
0.5087655168385512
0.5377144466162499
0.4795917660206365
0.5582193069590015
0.3664988880649172
0.40368792545286275
0.4996119550254825
0.5199176758451239
0.563925688202329
0.5960610192343101
0.6120027800706896
0.7000872543826334
0.4697788749963565
0.5747365534466055
0.7449654362188625
0.5950157368225756
0.5391888480895183
0.6655389393745865
0.4898414622453625
0.5056427649175202
0.8196104835463295
0.504302274585599
0.4191401409956646
0.15336638770437142
0.452642568903739
0.6517261854000054
0.4663851784489562
0.608166420130528
0.7410407899247385
0.17673983618139852
0.8663639355891548
0.833449067691055
0.6627750958041349
0.6074933192766276
0.7703766265469422
0.9148568849663433
0.5414794334971852
0.7358599678290738
0.6772118665350267
0.6038114618150268
0.6944885393327376
0.6773401339138592
0.6659753724323926
0.4161933200549081
0.7819254338791763
0.5949510478913976
0.6835306004234611
1.0
0.44316979596096456
0.6060189559360613
0.28459902973208073
0.8494258671173796
0.6720574016015182
0.5979119096239851
0.5558601239241614
0.4196880353924711
0.8048043420144854
0.6296027478439999
0.8110897912923065
0.836937359839629
0.6967129732454509
0.5
0.7063815327586276
0.420361404956913
0.5848812439450989
0.5853061930922709
0.9044151760729073
0.5807447326147649
0.8923242084795633
0.4196326785249204
0.6618313197487639
0.11621746863477665
0.7227265703297249
0.6124577874304854
1.0
0.6921090001664822
0.7579295885309753
0.8233140246273424
0.8196104835463295
0.6509209460362502
0.6541461499266573
0.929123054942302
0.5959867649878345
0.8366098103848741
0.4536475912853928
0.8272037811964327
0.48855900387737405
0.8759195996267714
0.4605959431847969
0.6232324132279721
0.5108008682485837
1.0
0.1788206163565026
0.5653712088359174
0.7007731678050839
0.7999644290854926
0.5724392119830827
0.08671382943303665
0.6135086533423553
0.408663497610844
0.6508198888153186
0.6785382366799512
0.732231856866789
0.7892894498478742
0.9216017310636463
0.624631622806344
0.9492756646493955
0.14782949149021504
0.6772714613895361
0.31238171431239165
0.5706417269996291
0.6983689090967587
0.8717547474762876
0.6273666948038494
0.3806007978068125
0.4639264543266113
0.8739131414855619
0.6936634702259933
0.6548437166392367
0.4070868762171511
0.7136540111377959
0.48632133076411854
0.6482966967212397
0.6965462522370864
0.3811662492600812
0.6131471873089194
0.22132675021420045
0.6654233848423466
0.6260073938552244
0.8572048541960036
0.6731909922727487
0.1971437937073155
0.3354442068521469
0.7411609424175241
0.8176244765222638
1.0
0.6097369940984791
1.0
0.7577126464166694
0.6136082978211418
0.3381516630465956
0.3950265251436492
0.6650964857655665
0.602525772313063
0.618799584873588
0.34024562943896075
0.5713078138376215
0.5564666979075896
0.7239653852766867
0.6823695620612724
0.5421187889155786
0.757382140767906
0.5464461354150237
0.560937287357338
0.6943525911365372
0.513293666580388
0.5218091110220937
0.1272304602888043
0.34889130170070903
0.24819971190894535
0.658953514535797
0.33354312850415396
1.0
0.39211524461131836
0.6227820195222322
0.6466011042631002
0.6968792158526735
0.6189698975807821
0.5901711493718462
0.7580165443477366
0.5851395231977442
0.7161590657745087
0.4860571438362251
0.6665585156374548
0.5869017459170625
0.5792065136928255
0.4745236004859082
0.2942026322348367
0.6582393757992275
0.5218144227835446
0.7227645114637482
0.4718301004927628
0.7043800997615305
0.7052475417047449
0.9363792130813923
0.5422985399832618
0.49195462210766416
0.5862066046259701
0.19417007340539513
0.7531604856216251
0.17723928414187598
0.5758292866251902
0.4244224045368938
0.6132510776307861
0.6543088273823053
0.4723123137321583
0.7946149248879459
0.5478527374569102
1.0
0.6976873409419299
0.7291618037523975
0.4687625079288058
1.0
0.44181349426372984
0.7256035104558147
0.06362078691860773
0.6338038870003931
0.43984030515921835
0.6750046921781351
0.5640303159055249
0.30489524348971336
0.8461689362316883
0.5638961855713701
0.5493703505984822
0.6079814286629313
0.6828314349456115
0.6319042952975364
0.14982419994744298
0.7488262884170385
0.9216017310636463
0.6516785716429182
0.6064533038085814
0.6086303570220382
0.4772157203114237
0.5938995532863934
0.599368867756388
0.709925308912502
0.5589473438089768
0.6384348388381794
0.7791302217211978
0.8338208776920087
0.42509433437730737
0.486110224853562
0.4917609936722287
0.5239295024080795
1.0
0.6645948859910306
0.6759954067709514
0.4724671487678824
0.3787604841494169
0.5185477911639096
0.905211632258121
0.6356181241272308
0.6963826476176511
0.5755109671049919
0.4664848034999399
0.8499047042126444
0.40271274813813
0.7750606770043275
0.9060254394071405
0.43791597953667033
0.6929197359723703
0.7207705713021917
0.5788733999209564
0.7387063818653076
0.5036014760582388
0.6351564388701709
0.6753527570913979
0.7105596617257883
0.4944659652175373
0.8098183656737605
0.47542080236795503
0.6109789804717995
0.6637090896148775
0.6080236213957743
0.4841662766941826
0.41309461421354604
0.7636155088036006
0.26676942330530506
0.617491398315392
0.7864724828228213
0.253395850631168
0.8063561086797626
0.8256620513334665
0.6214501403367012
0.16522954080881233
1.0
0.5659425348503097
0.5759844785179509
0.6571965916370192
0.7818048754938743
0.7189034279306652
0.4004707138949492
0.3427805662375889
0.7294157253194942
0.7056130436287678
0.32237236150218196
0.26726268941562953
0.3857376767753487
0.8090365618933617
0.6252132556827376
0.6356063630031792
0.5759865057820782
0.3333333432674408
0.7673308645653991
0.6834003529726879
0.4356699244927435
0.34569645567143786
0.7009057268806841
0.5605925335154849
0.7660972280362045
0.10950106716845856
0.3600546231527257
0.8701249874103478
0.7754743742165814
0.6819250917634618
0.498176971857931
0.4952238217090104
0.7704788029711577
0.9188391188731291
0.6656870340172829
0.6810140865069615
0.781651101252764
0.6174406568790477
0.5762005543152933
0.5875502893266872
0.16959645480276211
0.7386950637365972
0.44357287097604475
0.5249810314942066
0.32968735906830127
0.7277670608300097
1.0
0.6992748926249538
0.7689685960003547
0.43067657947540283
0.7287546748130543
0.6871061354582388
0.5946959879518862
0.5025108130912216
0.4042383681042773
0.6503700717656125
0.6324575934756396
0.48435421609351037
0.8632063672172049
0.6258435409714309
1.0
0.06625422567104446
0.6713584036855835
0.0
0.1900468823095375
0.7725976818027308
0.7440611769993931
0.5816849134849837
0.5184921168115202
0.5306130129707046
0.0
0.7345271832123601
0.7627039256557463
0.16958010093853398
0.9216017310636463
0.6981422480973583
0.5312937822967331
0.7383187489007635
0.7470128526413617
0.7935840672773958
0.5645113110135777
0.6281078278456745
0.43842596281520296
0.6348376317973475
0.8959491430264919
0.5307212771735581
0.7195142809774656
0.637946703590014
0.5191627921456213
0.5872386667138109
0.8013122239873519
1.0
0.39092738255826387
0.6110639126011997
0.6242322476721319
0.40603530606113664
0.0
0.3749434240370976
0.7627457929287191
0.8867971145895441
0.5907796108239028
0.5691013474735462
0.5315083403908738
0.6699939730677746
0.6279572041691056
0.5669227467032313
0.6080656187232414
0.36782160308665046
0.650635154130111
1.0
0.6276150102725223
0.5488992821296548
0.3759465188520278
0.8839278098483991
0.17714753021977384
0.661363314289766
0.5826303208068901
0.6751563617582728
0.5724808574469887
0.7616256480411747
0.5605757540918993
0.3263286990558604
0.6609585886578988
0.6735131772630175
0.8110897912923065
0.5666870475093981
0.5479340488285948
0.5099221187194589
0.8769071457767099
0.6344416499440434
0.8415261924221182
0.6285390824681731
0.4944332281117944
0.42898315434165196
0.46711665635754795
0.24055785081979386
0.6030670791206444
0.48773973549901456
0.5484223198063026
0.43244091445023747
0.5668388234347952
0.7007029717442204
0.674959666971691
0.5998003706231859
0.7527637030020802
0.6811260000763673
0.7670012433869665
0.6030480969466147
0.41554206925107295
0.4119604427764553
0.9449770592022101
0.5270868543500803
0.9148568849663433
0.7891196469466198
0.7827035752638266
0.0
0.1256490602379426
0.4525475010701728
0.6574467274520444
0.8455015199068365
0.585130924285597
0.8287260826205985
0.8338556670228663
0.8742526077508952
0.11591982276838882
0.7631121566919413
0.0
0.6800279299240364
0.80415571505804
0.36687517544707804
0.7491355160163498
0.6399453768472743
0.40027482749166515
0.8838665266584494
0.8679299839145369
0.12607016695429848
0.9266360767498649
0.5886704546192247
0.5305730919403655
0.5299538416093553
0.541687070425492
0.17524464156072017
0.8305593522998458
0.4994819367829857
0.5331271128355223
0.7128712198183853
0.5889448827688308
0.5709662055158135
1.0
1.0
0.07414861584269941
0.5643465095033233
0.49846261804290015
0.7708429034094336
0.855605458258614
0.6592867034750522
0.7937751446633436
0.15753563722301295
0.7535278034507908
0.6799683361304352
0.6828581101370551
0.5533125200074369
0.6629495414601435
0.8907883107886545
0.4225925231337485
0.5950723385577392
0.6967860947210955
0.5766693009690531
0.6515728245375665
0.45742937216989793
0.9266360767498649
0.30673297137767247
0.7903864714507953
0.6458948998658111
0.5893391312381491
0.7312625423026252
0.770667892068605
0.7275766732913692
0.0
0.8583837408630938
0.8351493652108678
0.9190780836317162
0.6422512962702832
0.7745180743092084
0.8632668755090316
1.0
0.6435186728323425
0.6126082431981534
0.6773758803016379
0.888387255655501
0.7082461155741989
0.8214031900500135
0.8047594308385168
0.8253357008749749
0.9787950445010101
0.8450216337012364
0.8015038337159911
0.7038814073070676
0.611453601207752
0.5128465881761739
0.915446266022026
0.5008841029634419
0.7263008205845921
0.7556472523261243
0.9830478114104729
0.7797892882687052
0.3462543993467873
0.5338931456159047
0.6390646519220279
0.7465196252913557
0.6831469498640672
0.390140407346546
0.7589078521146871
0.7454604270492935
0.8397894740348391
1.0
1.0
0.5981259639907224
0.4191993510134902
0.4931948178426682
0.6188929716207937
0.9449770592022101
0.6832975898068271
1.0
0.6392209670926589
0.9242458115880878
0.7059919947759212
0.8482378078135112
0.9685065661441109
0.5526000615440265
0.8443938501181795
0.8351141761254345
0.8357804097042597
0.9084270301026182
0.7870415342627074
1.0
0.7721581805403126
0.7606395690978326
1.0
0.8856700251920743
0.8228707606821566
0.8305925830843774
0.5078961532179949
0.5618110434320136
0.8027120787385902
0.8476229407096715
0.8144232315049328
0.7826759580442608
0.8650566153265093
0.9580676930152557
0.7616251699833768
0.8894419985476776
0.8196104835463295
0.956467423479097
0.8147420256488062
0.9774810881359836
0.9126348011279288
0.9148568849663433
1.0
0.6525905305714178
0.7680943630137779
0.6327080815746678
0.9819977960794066
0.8366758548202058
0.7010986976999323
0.9392148331907111
0.9066276172049569
0.6854326862685491
0.752910145619825
1.0
0.43602767621779337
0.8261787997696468
0.9334739952637655
0.9334594656516666
0.28083426203215034
0.8292648326198064
0.7937341109079076
0.9479804883731654
0.7383187489007635
0.8831976920277703
1.0
0.9467691685575692
0.7941343460887114
0.7477803689602442
0.6715495290214942
0.9317098251342444
0.766124921310943
0.8474816196202057
0.766322690427515
0.7456741785959872
0.9143894911520515
0.8424666016424734
0.8727172175614589
0.7380396332301187
0.8741722945219372
0.5117400635035358
0.5225271905647261
0.6338594890440913
0.25094758947213325
0.7573922824787181
0.8525115954916471
0.7869136561045436
0.847917133979731
0.8229395159413248
0.942359718228576
0.6227961320113574
0.7794726965866817
0.7752518165541149
1.0
0.7733236577466044
0.9206999276662808
0.642560604265218
0.6536393600419725
1.0
0.7718802005845564
0.9792911219152503
0.8358002194716818
0.44467844200650375
0.7799082368088404
0.8722395363399613
0.6522687295275819
0.7629486885212113
0.8701716925199947
0.5687431557135947
0.6360108342316827
0.8890870511405115
0.7510916732966976
0.9709286371802642
0.6396646658502831
0.6630149869834155
0.874781465925201
0.8271419946637584
0.8703318109626638
1.0
0.9342068575476491
0.9310489069613759
0.6873676477474353
1.0
1.0
0.6230961898581319
0.7802636249653361
0.7250400175131368
0.9150551119961123
1.0
0.9606310239924247
0.9383050318714481
0.9616940240392111
0.796331493196086
0.7370032108302936
0.9142384737370607
0.7827392859559237
0.6690819365687336
0.8893946732297056
0.9760247918572236
0.691394093542845
1.0
0.9856483054039867
0.7009124640345624
0.8838255648650908
0.9305687774461386
0.596278537139824
0.6490233678254005
0.6441878809546397
0.6587243269218079
0.9594267472032857
0.6889719489739906
0.7499615513438551
0.3333333432674408
0.9012439392385913
1.0
0.7682893126697268
0.7039845106891328
0.9431805856692024
0.977015371748563
0.8653667124607318
0.8004015361095175
0.5378814009836812
0.7393195190930912
0.686969009732361
0.7336536460737753
0.9148568849663433
0.49780863274161385
0.674245419529587
0.9091786803720929
0.6629113789300423
1.0
0.9328778765841688
0.8789335189110367
0.8360479688182331
0.6859825024133492
0.7653537037177969
0.8241437047000104
0.8772480682705839
0.7898455420317329
0.7126872615228812
0.9807748804816454
0.7988004999265924
0.6137118148179433
0.7833585474611579
1.0
0.8797403241562285
0.8643145517750942
0.9757880597253891
0.7601000257043956
1.0
0.793863543139512
0.8251427832248043
1.0
0.8669767415902192
1.0
0.6934264063455403
0.5162131023904226
0.8518611928892832
0.97110057124385
0.922209659584495
0.9391664798835837
0.7613569401239443
0.7036997881383095
0.655552687419432
0.945012194119866
0.7936717684316142
0.80356077775201
0.7763530512224276
0.8204550429792842
0.891563040123056
0.6197120981697535
0.6571850308600775
0.6851198690669614
0.8066043099408421
0.4828128108986351
0.5648478542045138
0.5728879686768361
1.0
0.8167175547196109
1.0
0.3235046968139385
0.553380895406957
0.5195239784453807
0.8082820726769501
0.721883940856108
0.8236998927333757
0.31546488404273987
0.3757193439331624
0.47703822813501523
0.64375736188204
0.10209739895755823
0.6332937850165096
1.0
0.9008636639078379
0.35046151595381175
0.4384438264424202
0.6001644465201676
0.569104161413895
0.3733964263224486
0.405252199073979
0.1890570954528655
0.5420739304411409
0.8871978000348049
0.43067657947540283
0.7489716079508499
0.4812374640571845
0.7385567776997191
0.7299435502361529
0.7221024471627628
0.24113943352184905
0.7489168961384952
0.15840915466048672
0.586078008888165
0.49946378451189344
0.6623243851850454
0.5134994895488889
0.761349516916475
0.8695896311381018
0.6527964310456291
0.5206908545836036
0.7135748890664931
0.724044058428221
0.6340977444006302
0.43780685586133045
0.7215406383408057
0.6129657192863265
0.6628393246469898
0.6412973695433323
0.7216796038852161
0.7232789131035466
0.5951989585392315
0.33916020187706797
0.47215876587310085
0.7778719909206209
0.7002358127324275
0.14804095788016855
0.5289638480942981
0.9337457743289556
0.2540153994219288
0.5079016575068678
1.0
0.9363792130813923
0.5451410722292628
0.7000872543826334
0.8324881153391224
1.0
1.0
1.0
0.4128176320955046
0.8575928991705211
0.8019671925990325
0.7708941369623072
0.9148568849663433
0.6136130036019023
0.9148568849663433
0.6734607224515736
1.0
0.45449790873150797
0.503859185391466
0.5638969762244539
0.7358599678290738
0.6947651217751838
0.9020498485494364
1.0
0.3914730784752347
0.8695896311381018
0.7868709748480583
0.7686062606708604
0.8553475053926018
0.8246147229492465
0.9363792130813923
0.7763541496083164
0.5538932688425842
0.17630010726662426
0.390724969812788
0.6843369211312785
0.52378408837918
0.713477893466095
0.6971035041556175
0.7617460941344729
0.7319740013540802
0.9038222711389043
0.7115892908371175
0.7898455420317329
1.0
0.2999100188248194
0.31546488404273987
0.8112500927411413
0.9289904720725193
0.9216017310636463
0.6943559495587053
0.7163753432200305
0.6026816920345306
0.37142461106343144
0.5
0.9066994338351846
0.7156607660166366
0.5987973917558921
0.6665950036494406
0.6275620144049259
0.5187583676919718
0.5721572970222485
0.7169105070121476
1.0
0.8805007537706965
0.9583748633635647
0.6464839921888186
0.6124334954223547
0.881514040596562
0.5617131123027147
0.6570752744841618
0.5
0.9357439568878799
0.6379562835015534
0.6733622676888965
0.4234647887224784
0.7700223365045322
1.0
0.3868528126910807
0.7286353223367352
0.8899541184044202
1.0
0.8822677908547781
0.5959687897880438
0.9436777180851038
0.5037773962558115
0.7133080634020623
0.7628219473547558
0.7850861603273838
0.9194787032935383
0.8196104835463295
0.0
0.5719998658685621
0.7108314507393115
0.8196104835463295
0.610733678827313
0.6364985991221485
0.7303822130222719
0.6877808101732366
1.0
0.5819504681467963
0.412130901858626
0.581976908147924
0.0
0.8611375548922774
0.4637065595503229
0.5776367353535181
0.724044058428221
0.783986071734467
0.5921664617241427
0.6627919475158022
0.3167740459807636
0.48397988661343266
0.049648638786630554
0.3163449212959345
1.0
0.37029133310671075
0.678875474767135
0.6406366073122892
0.9363792130813923
0.8205228958505588
0.8717547474762876
0.48424320437373736
1.0
1.0
0.8279308972312294
0.5587573502346626
0.7556472523261243
0.2960819157603371
0.6424979518088091
0.6120244204347428
0.6067928132382041
0.5876900877227623
0.7669154796263106
0.3828211366192953
0.7564567242931792
0.8036827228933432
0.4537048626162259
0.9337457743289556
0.6433025754675246
0.8196104835463295
0.6186545624510366
0.5990885086487402
0.4030346191421429
0.5854517437825109
0.3934231829238876
0.41927810708950014
0.7683576481824251
0.4205602054450468
0.48665592923378065
