0.6964549651423346
0.6939549651423347
0.6942690517364323
0.6952690517364323
0.6962690517364323
0.6952206299034103
0.6967206299034102
0.6956206299034102
0.7001710295087153
0.6981710295087153
0.6985710295087153
0.7019461843331112
0.7024461843331111
0.7024338479070009
0.700183847907001
0.7016736925436529
0.7014236925436529
0.7001426527383892
0.7001426527383892
0.70045234463743
0.70145234463743
0.70325234463743
0.7015022077344149
0.7010022077344149
0.7051813813513623
0.7031813813513623
0.7039203224987933
0.7064203224987933
0.7048571063689861
0.7073571063689861
0.7040571063689861
0.7041012783628782
0.7046012783628781
0.7033012783628781
0.7008365863598638
0.7000865863598638
0.7000688177148078
0.6985688177148078
0.6972688177148078
0.7011487410893327
0.7023987410893326
0.7051793792348326
0.7054293792348326
0.7051618310348302
0.7069118310348302
0.7055618310348302
0.707188151108824
0.706188151108824
0.7039019036394434
0.7036519036394434
0.7055019036394434
0.7061698550973814
0.7039198550973814
0.7047565858614275
0.7057565858614275
0.70535102773568
0.70760102773568
0.7024099665257222
0.7026599665257222
0.7024099665257222
0.7079768281464529
0.7102268281464529
0.7091768281464529
0.7101863600791367
0.7096863600791368
0.7081857078855744
0.7059357078855745
0.7073857078855744
0.7055316866138799
0.7080316866138798
0.7097337830980248
0.7074837830980248
0.7139476048751401
0.71644760487514
0.7138307487408257
0.7135807487408258
0.7166281851423069
0.7183781851423069
0.7201439287270839
0.7201439287270839
0.723553942250172
0.721053942250172
0.7255688286680047
0.7243188286680047
0.726910942899017
0.726160942899017
0.7275305414933138
0.7295305414933138
0.7279305414933137
0.7283325141478636
0.7308325141478635
0.7291325141478636
0.7289468631749447
0.7301968631749447
0.7313468631749447
0.7287724109706668
0.7280224109706668
0.7315724109706668
0.7282451255044171
0.7289951255044171
0.7274640831189048
0.7297140831189047
