0.7971538641271327
0.7959407334043322
0.804050700369569
0.8810447918844572
0.915332251592704
0.923510356488325
0.9261300510057954
0.9274640831189048
0.9282451255044172
0.9287724109706669
0.9289468631749447
0.9283325141478637
0.9275305414933137
0.926910942899017
0.9255688286680046
0.9235539422501721
0.9201439287270838
0.9166281851423069
0.9138307487408257
0.91394760487514
0.9097337830980249
0.9055316866138798
0.9081857078855744
0.9101863600791368
0.907976828146453
0.9024099665257223
0.90535102773568
0.9047565858614276
0.9061698550973815
0.9039019036394434
0.907188151108824
0.9051618310348302
0.9051793792348326
0.9011487410893327
0.9000688177148077
0.9008365863598637
0.9041012783628781
0.9048571063689861
0.9039203224987933
0.9051813813513623
0.9015022077344149
0.90045234463743
0.9001426527383892
0.9016736925436529
0.9024338479070009
0.9019461843331111
0.9001710295087154
0.8952206299034103
0.8942690517364322
0.8964549651423346
