0.5299231411476061
0.5393924845819463
0.1863925363533061
0.5107514441565574
0.4557313789941945
0.07519629374255159
0.5500901756189548
0.7376505869173214
0.4021659359040855
0.7290071879093581
0.6597159871617175
0.4534256398725126
0.4182752241903967
0.6150943935561322
0.46403308532000503
0.2800508855700505
0.25282881487599096
0.3034354066320876
0.4296874510775366
0.19366182191954467
0.0
0.5531464693911909
0.44916890546849314
0.0
0.31997268842363713
0.518983807325362
0.32659600906119407
0.37366597265989815
0.05609067473291756
0.4425155763767347
0.7718615263560568
0.34519134154579534
0.1693063753838124
0.0
0.4380219542231925
0.5423297350984172
0.6261806472104923
0.0
0.09797563715511069
0.11230365663070153
0.2989170320479572
0.4513233147414502
0.4149737269255526
0.3455637512926722
0.3960090375879388
0.6816860710758395
0.3496074125148968
0.6179772147871324
0.6046224332481503
0.21398626751412297
0.5497395632421185
0.0
0.6280833743956392
0.5931676207216069
0.3058694362358497
0.1449922932191252
0.9343974629841638
0.22570640510870865
0.7559395444011684
0.4947763946810856
0.5292147216871901
0.0
0.7264208854383947
0.7353449604906581
0.0
0.64402736270816
0.0
0.7454046927637565
0.25143829789579086
0.5022395912296691
0.39815813462707267
0.5682228052503657
0.29316159398656766
0.4746620825136481
0.20108296795204275
0.31997268842363713
0.19062549679648644
0.6672375331350919
0.2409125885413143
0.18817384681057706
0.2850281291337786
0.43542120851200145
0.6666666666666666
0.1689538966445357
0.4969844301656363
0.0
0.4099595959877962
0.40476273889290415
0.0507852545808394
0.1586609003303495
0.4025595618475523
0.07303417781930135
0.2424338542759175
0.108600674890537
0.37060156985532167
0.24562984859219905
0.6720477989110257
0.6512222719764912
0.08570210709464543
0.4895527893621711
0.0
0.6386381830581352
0.23518263795437017
0.36648800609187576
0.5633158380531462
0.4159129861672231
0.18002731157636284
0.7379010146337606
0.6150943935561322
0.34519134154579534
0.10699313375706149
0.24673532498154988
0.08224510832718329
0.4332397755543218
0.5725158465210546
0.12858682134248017
0.42803264921397205
0.34603728264369527
0.2573857212421647
0.2738639687978906
0.7493503077401306
0.4269658221806986
0.0
0.5213496293766811
0.33916020187706797
0.1107683683654393
0.29243528182659456
0.45487861631222976
0.2279846987369862
0.3994946955825924
0.3998573656132993
0.4109557543648954
0.0
0.21001541356174958
0.2799921716733231
0.3800104470980167
0.5117558726499656
0.6576219903834972
0.16958010093853398
0.339158356773089
0.4004483476985369
0.4182255193650967
0.26610608829466714
0.5026957542343208
0.08479005046926699
0.7403910768569311
0.19178318422632848
0.1475706286678421
0.0656025370158362
0.1449922932191252
0.3524293713321579
0.600611841008305
0.41520994953073304
0.7169271019135607
0.5874605752639346
0.16397610054448714
0.04555266086155614
0.31207954447253816
0.11442222950368638
0.2074370781130327
0.5927313443222151
0.19103160623638765
0.2229136566639529
0.46489580739746295
0.27657323469559547
0.41250530522591566
0.584790050469267
0.6164336315473431
0.18659188624265124
0.1571852787907447
0.5191875134534308
0.8007398678788243
0.16958010093853398
0.5508310945315069
0.7100154135617496
0.3620634801395421
0.1312050740316724
0.7310306154128218
0.5495890279291887
0.44615333563412946
0.26352775284595026
0.5158453259181488
0.393107650344335
0.4522720624042188
0.3190542587132031
0.6379365198604579
0.1609445164714562
0.2656801761615676
0.4604558550405418
0.0
0.5827932994676996
0.3524036758850314
0.16174285250522355
0.0
0.5984029792863452
0.4375552151060925
0.38356636845265696
0.33916020187706797
0.3172263036637368
0.40437624148122586
0.8022999468069708
0.5145749813262346
0.2799332247225953
0.0
0.5309249060763035
0.6039775639226977
0.40437624148122586
0.21344381071903887
0.428640631121092
0.5171184740573584
0.6576219903834972
0.17297658714843206
0.3186640264115004
0.330419899061466
0.2888656703323021
0.0
0.062444784893907486
0.7426142787578354
0.44615333563412946
0.3285508731885746
0.48824412735003436
0.1312050740316724
0.6356211450007738
0.27958880452995916
0.675752321151924
0.40476273889290415
0.3014953674966741
0.0
0.4034540768807674
0.20366130340075966
0.10699313375706149
0.14837017471384892
0.14938815899169497
0.18148604598834192
0.4703658944364173
0.29522578257510784
0.47096483095898295
0.6104637612602865
0.4364077653046655
0.18322609171618134
0.205374133103715
0.45083096274929635
0.15633983553037414
0.08447694832226785
0.7531149422153155
0.5147714424843294
0.26481736204562983
0.45102050151823037
0.0
0.5933275309390499
0.2969104596246775
0.20524797190034624
0.08479005046926699
0.0
0.6096030140171182
0.0
0.0
0.1365630608520373
0.13123211838398066
0.0
0.7765732346955955
0.0
0.07616128774664462
0.4034540768807674
1.0
0.47354316640769983
0.5700186079849376
0.1460683556386027
0.18598720987602932
0.07803602583199565
0.5
0.5098782413637533
0.24954595818602
0.7433080793414883
0.26475985719177764
0.2871694172548351
0.4895527893621711
0.1449922932191252
0.11047204601737919
0.6917831842263285
0.5978340640959144
0.41824071329449636
0.4673025463059169
0.5104472106378288
0.40998634421181857
0.16958010093853398
0.6159668348975567
0.3496074125148968
0.44684413228211206
0.1842296482194776
0.4740856904205711
0.259121756264292
0.2308584061078697
0.0
0.23647224715404974
0.18068164258243122
0.6209212620998668
0.41520994953073304
0.0
0.12663167610629236
0.0
0.0
0.42998139201506236
0.3411705817666438
0.3971521039154484
0.25437015140780095
0.5107506827051778
0.659617267912426
0.5388112105157811
0.40476273889290415
0.8274043292271023
0.18588828724363476
0.307631589247017
0.2669590046976025
0.19638862753499509
0.699534379988689
0.400882502265525
0.4895527893621711
0.34519134154579534
0.26610608829466714
0.23769097658734267
0.3930068662429385
0.12858682134248017
0.4681535965761049
0.36248073304781303
0.754370151407801
0.1647355481535333
0.4018895779640967
0.5471582291232108
0.21901509206922104
0.4522720624042188
0.12456638340881777
0.2899845864382504
0.0
0.30078517497020635
0.45101218142244465
0.520478583247067
0.08961554885016511
0.4223504243529927
0.3380144790349814
0.0
0.4226415903341982
0.38557522543947337
0.13777597395434457
0.5118454151792357
0.2842854363942568
0.38057812052038675
0.3078494776576641
0.26988186300694017
0.11853545962682505
0.5345121546751247
0.3798950283188771
0.07303417781930135
0.25301193028304314
0.0
0.487370302835628
0.33916020187706797
0.44916890546849314
0.2074370781130327
0.36003897278632785
0.27657323469559547
0.4297509215227528
0.4343974629841638
0.21398626751412297
0.21636952372273952
0.38214686482815874
0.2708372452742261
0.6475706286678421
0.7946030607191842
0.5944119425416704
0.0
0.3188310267750125
0.6917831842263285
0.5650231203426244
0.5903834836263155
0.4021659359040855
0.28163025280544635
0.5221514230345864
0.2989170320479572
0.576049747653665
0.50635411016099
0.31997268842363713
0.5326974536940831
0.24712228096930522
0.5516028861514015
0.4690921245395367
0.6327792703123287
0.33916020187706797
0.17259567077289767
0.5597511443238048
0.0
0.2304124284047609
0.0724961466095626
0.07774647680373555
0.3650590684965299
0.28435497298640044
0.4947374658023515
0.0
0.3524293713321579
0.5656025370158362
0.2891825612566746
0.18980338031582686
0.41296613425447115
0.7825115601713122
0.48837473930310793
0.24412206367501718
0.045735257283120605
0.3252526992253474
0.7281384736439432
0.15979138807603727
0.44615333563412946
0.20340466585199893
0.0
0.13237992859588882
0.487370302835628
0.727027612136696
0.0
0.5474745062052322
0.6271850757039005
0.3739915141062367
0.11785313517184128
0.3708934763767053
0.38146454037317495
0.5257766771235727
0.4338579635514273
0.5666942919079052
0.0
0.3486535966198849
0.6887676143919648
0.13777597395434457
0.42395025234633493
0.8919478208444896
0.6141479816361731
0.12858682134248017
0.21398626751412297
0.0
0.5636180048517418
0.27090873018235895
0.5129424937460377
0.0
0.3494929421268312
0.0724961466095626
0.29976260102459984
0.6281895041973087
0.32298825825800087
0.04374403946132689
0.0
0.3378515398649312
0.18311845329285847
0.09715088992797466
0.4744472617696259
0.572698606870119
0.060835276117134816
0.5164054718766451
0.05050237483100388
0.4639151716305176
0.5368577322983717
0.27082514915096356
0.31666973035190876
0.11787850785767966
0.24562984859219905
0.1829599078698491
0.49106755439029315
0.4528417708767893
0.5551553263780074
0.3065735936544597
0.08224510832718329
0.23518263795437017
0.35834596931626256
0.0
0.4393341235725304
0.5318464034238951
0.2978825436583429
0.40476273889290415
0.6887676143919648
0.5278077834269095
0.4669004606832771
0.0481888543129703
0.4333057080920948
0.1984849121120978
0.8840428758218919
0.0
0.3277254062130079
0.5953827310211317
0.0
0.15999023502923082
0.6722745937869922
0.07303417781930135
0.0
0.43723616436079515
0.4226415903341982
0.5758968851610515
0.5878056203036307
0.10183255297643772
0.23647224715404974
0.2215367367308786
0.22458445273424657
0.440559865415288
0.43668416194685383
0.6740274622601422
0.4566005462719583
0.29877631798338994
0.19268620154682717
0.18322609171618134
0.0
0.09797563715511069
0.0
0.0
0.6319884417554238
0.413054740288622
0.0
0.4621809798320363
0.6725956707728977
0.08479005046926699
0.6099914020825833
0.2460925951035817
0.38146454037317495
0.4566005462719583
0.10699313375706149
0.1449922932191252
0.34833808943473327
0.17756616945605305
0.6327792703123287
0.43988688509461704
0.4448446736219927
0.25169443119341606
0.47096483095898295
0.5774043292271023
0.6887676143919648
0.0
0.12663167610629236
0.5661420364485726
0.7469385106043358
0.330419899061466
0.4970585720245708
0.6441382365694659
0.10699313375706149
0.31496541930701455
0.7648173620456298
0.4846952682307886
0.3228912909134108
0.44316768488770064
0.5266330075445754
0.371497387922971
0.3994946955825924
0.0
0.5730341778193013
0.5360848283694825
0.25437015140780095
0.6376322863417293
0.2721195963571079
0.630761530357568
0.24987895561324197
0.6131471873089194
0.0
0.6281895041973087
0.25717364268496035
0.3156484565771367
0.1107683683654393
0.21167089265443892
0.8947838478076211
0.0
0.25437015140780095
0.46824371364876355
0.5
0.4520251514872103
0.42998139201506236
0.7968409771958099
0.48824412735003436
0.40777830872726784
0.3486535966198849
0.30055555577997356
0.357302966646459
0.5221514230345864
0.40963748802373495
0.2890293023202407
0.38459623422562256
0.22825216697327425
0.4159129861672231
0.0
0.4278585065363829
0.5098782413637533
0.5198209477036917
0.5234692124439265
0.17895297016024359
0.38356636845265696
0.15782422828856835
0.5661457961728786
0.4375552151060925
0.0
0.27490377153422146
0.17923109770033022
0.3078494776576641
0.0724961466095626
0.3953925916924639
0.6349409315034701
0.20366130340075966
0.21636952372273952
0.5699178111608457
0.7200667752774047
0.5225229591171409
0.23647224715404974
0.4426134711790073
0.27121182487847445
0.4488846877288195
0.0
0.22640306164591928
0.23819820778873388
0.2166528540460474
0.244514244896071
0.6596506064318143
0.0656025370158362
0.21398626751412297
0.0
0.05748105950611625
0.40476273889290415
0.4528847258702257
0.13777597395434457
0.35262298234926054
0.7035390568762941
0.2964609431237059
0.7035390568762941
0.13863671483513756
0.5558833659742375
0.33860223490422975
0.5817744806349033
0.3946929096371473
0.16958010093853398
0.46247848259694113
0.7469385106043358
0.222650753206438
0.41132576502753027
0.4291817659844051
0.08479005046926699
0.33916020187706797
0.22822578790865156
0.0
0.32597253773985774
0.5618025477696129
0.1328400880807838
0.6386891413410942
0.3127044092644024
0.15705187306020427
0.2530614893956642
0.08447694832226785
0.4562343622819089
0.5087403028156019
0.20969444155627814
0.39431367637749415
0.1449922932191252
0.4583059682532187
0.17259567077289767
0.5074316408034651
0.6047909981051717
0.6261806472104923
0.44390932526708243
0.40631804560838025
0.3804119422675472
0.3213051487322551
0.49837988346977313
0.6281895041973087
0.24540469276375657
0.19687407608286536
0.6462405617005282
0.5147714424843294
0.0
0.5692877629075982
0.051389560138693814
0.33916020187706797
0.46748245467774
0.7947207146307255
0.5585181088890684
0.0
0.6219378311487731
0.7573857212421646
0.41160216992961357
0.46289313259244436
0.30392770045487405
0.646815444645738
0.7163695237227395
0.3482822966839562
0.44306313311567014
0.607657214894977
0.3602055977350204
0.6099914020825833
0.5454931000786495
0.29544484150384587
0.5117558726499656
0.3249037007446137
0.07020838520507416
0.3694940030452254
0.5851401479566068
0.442432497087887
0.3179008393733192
0.23404557597091913
0.16660824200237967
0.38356636845265696
0.50635411016099
0.4338579635514273
0.44437635406944687
0.5482729615596164
0.0
0.1829599078698491
0.8496074125148968
0.6617122394643565
0.062444784893907486
0.4335038518233512
0.804648907607911
0.4004483476985369
0.2620045774952923
0.13370295833299714
0.47989727656868975
0.23577791818611704
0.6157334365726634
0.31723366441164635
0.6971432190584839
0.34495634506521966
0.4762753172234749
0.34519134154579534
0.5477082103781743
0.5989529938922141
0.09797563715511069
0.0
0.3406679867942498
0.07891211414428417
0.37111648738442604
0.0
0.2980611098905259
0.0
0.40789409488938116
0.37415278440329197
0.4021659359040855
0.5117558726499656
0.6102352374343594
0.1992601321211757
0.0
0.46144149107211624
0.3714131786575198
0.5549717586269692
0.0
0.6950545130576847
0.0
0.4683564189219239
0.4969844301656363
0.7100154135617496
0.11171338265220226
0.6449922932191252
0.12584721559670803
0.4161517938972317
0.7771726926066087
0.6179772147871324
0.05765043644427622
0.19178318422632848
0.5511153122711805
0.20969444155627814
0.6695801009385339
0.7035390568762941
0.5400341304674886
0.08447694832226785
0.49557630014995213
0.5658284231017815
0.0
0.17159048082810976
0.4041619122062285
0.32740432922710233
0.16958010093853398
0.20366130340075966
0.6655375417748669
0.0
0.10918487359727684
0.5316279724914235
0.0
0.08405538098616709
0.568865316594286
0.24448481127813365
0.584790050469267
0.6655375417748669
0.5541508978845991
0.4951977174361798
0.24144076297132078
0.23647224715404974
0.36914502345566746
0.509221184536544
0.5773584096658019
0.2356192083581714
0.2676573248081239
0.26481736204562983
0.6725956707728977
0.3197529208065215
0.32252908137316394
0.43643629900014425
0.15039258748510317
0.6109526899521751
0.24090885677657498
0.5309433861033964
0.1449922932191252
0.3949699899067551
0.2074370781130327
0.42998139201506236
0.3204245182852755
0.745629848592199
0.7491019443184218
0.2661918918220454
0.41557776998271023
0.7319575858152588
0.47198336528950874
0.3408329496081646
0.36248073304781303
0.20366130340075966
0.1382733335034932
0.7989170320479573
0.7761574500103222
0.1842296482194776
0.2515334914623603
0.1556779249480163
0.6069931337570614
0.4566005462719583
0.19575912875435963
0.5264568335923001
0.13231098204531144
0.5245136610577601
0.6813359735884996
0.5331976539155895
0.23518263795437017
0.5309433861033964
0.4247789924955184
0.09404673578265882
0.0
0.5065267044251694
0.413054740288622
0.209002768839754
0.4269658221806986
0.1609514081992451
0.6285868213424801
0.26352775284595026
0.38198019324391375
0.27974328356398515
0.39000859791741677
0.32740432922710233
0.6581802563955536
0.7851245392386236
0.0
0.10918487359727684
0.1829599078698491
0.4269658221806986
0.1449922932191252
0.0
0.3930068662429385
0.0
0.3245887180766553
0.3531845553542619
0.4729444943080995
0.18363664972549204
0.0
0.45809361701736817
0.21167089265443892
0.44437635406944687
0.1475706286678421
0.17259567077289767
0.0656025370158362
0.891399325109463
0.3994946955825924
0.3539622574022643
0.33529340689304066
0.4513233147414502
0.6992148250297936
0.5089324456097069
0.4176442075956332
0.346075261171168
0.23508198823284035
0.9110983815137923
0.26988186300694017
0.5
0.25152553347195655
0.054537297118695094
0.20609718984818465
0.37562016040298923
0.0
0.7268591497706847
0.20108296795204275
0.6377759739543446
0.6725956707728977
0.4067040568786744
0.5817247758096032
0.0
0.19124751703754828
0.45101218142244465
0.6700780668014288
0.2074370781130327
0.36136328516486244
0.41798839472725396
0.3812509935929729
0.30055555577997356
0.4678510420409435
0.5914799539349246
0.31022304503488635
0.07303417781930135
0.13777597395434457
0.32862020529207514
0.5413905967412252
0.19225157336910628
0.6578242282885683
0.5891090319975397
0.5114649149695604
0.23647224715404974
0.3155872304954027
0.7227265703297249
0.4510484336584629
0.5048430837264405
0.40906629490184804
0.6588294182333563
0.16776525198239123
0.5922216912727322
0.5198209477036917
0.2735791145616054
0.40646147667728577
0.18906468541275154
0.2830728980864393
0.6192928122205893
0.8347367060926464
0.6078854258115696
0.6631753037516932
0.33916020187706797
0.7276159990967488
0.35262298234926054
0.42000002373197054
0.28956377675151257
0.6992148250297936
0.33860223490422975
0.46204255886617734
0.2279846987369862
0.4398285200524227
0.5089324456097069
0.45809361701736817
0.584790050469267
0.1552991512940146
0.7010829679520427
0.6386381830581352
0.5664049416765978
0.2899845864382504
0.3638754985754525
0.37998905024715646
0.28702044533342436
0.5317968400145099
0.433180477181758
0.291608688545685
0.2308584061078697
0.3156484565771367
0.3496074125148968
0.9269658221806987
0.5305071654326842
0.3273629133331667
0.3408325085733091
0.5758277863087048
0.4210878858557158
0.5400926406944848
0.13187026596082052
0.4314919658039478
0.27608974938745723
0.5312934835907362
0.7765732346955955
0.2164396215322203
0.0
0.5
0.0
0.3054765323921607
0.0
0.4375552151060925
0.5649789459387297
0.21840849383071256
0.3623379464499749
0.6578470850341045
0.0
0.49168797774458745
0.1658117896423802
0.5814285922192695
0.4929312812217683
0.6298964490813285
0.2899845864382504
0.5516028861514015
0.35614572114889825
0.31096891557438655
0.5820794385432188
0.1449922932191252
0.4734438465701873
0.0
0.6083712184291684
0.05721111475184319
0.17852368410492667
0.3064360961561315
0.38356636845265696
0.0
0.12456638340881777
0.3521196259254869
0.28702044533342436
0.4084785592946367
0.15392473882883204
0.0
0.3496074125148968
0.0
0.0656025370158362
0.7359850426151319
0.6539247388288321
0.0
0.2973276632705882
0.5434609775685455
0.4101205921358334
0.21063358207996333
0.5221293345260122
0.604326943678125
0.6263008497735467
0.2932492863294247
0.44474180715104966
0.6295898737974851
0.3353994861236937
0.33210022020195945
0.38356636845265696
0.10699313375706149
0.5625869671814725
0.3623379464499749
0.0
0.3496074125148968
0.0
0.0
0.3971521039154484
0.3834897803406533
0.0
0.14041677041014833
0.5840898184327945
0.4264590168267197
0.5477082103781743
0.4322558203321912
0.2788906670594953
0.4604558550405418
0.5296347240912597
0.22342676530440453
0.4121943796963693
0.5371068674075556
0.5721229856847634
0.3196184275788678
0.0
0.8098813524001992
0.0
0.28700876849686524
0.4304527582685128
0.5689682599302289
0.40940952573864775
0.29947649694610706
0.42734697415058454
0.4332397755543218
0.0
0.3581055543626091
0.3759142605259782
0.33916020187706797
0.4026517092817985
0.19828725781150233
0.4375552151060925
0.584790050469267
0.32795220108897427
0.5643945617870221
0.0
0.49252697373306176
0.6475706286678421
0.24987895561324197
0.3273284684163796
0.17259567077289767
0.34379175851139376
0.3883513765729514
0.1449922932191252
0.5936819543916197
0.7234267653044045
0.19998926467616007
0.3590825908000152
0.18002731157636284
0.39549765841971984
0.3378515398649312
0.519504916221983
0.33916020187706797
0.565836368734518
0.5549567803923457
0.5104352782364687
0.0
0.740939469817442
0.18994751415943856
0.2738639687978906
0.6164336315473431
0.24261427875783534
0.60596418899985
0.5025783354487169
0.13777597395434457
0.3342811020630554
0.25301193028304314
0.529131367667486
0.2440604555988316
0.26804241418474123
0.4597907223568957
0.1502328100056555
0.05721111475184319
0.0656025370158362
0.1748037062574484
0.5191689040117291
0.5474867027981264
0.3494929421268312
0.12663167610629236
0.3196184275788678
0.5002420887735161
0.14594057973174118
0.2922409858000536
0.6159668348975567
0.21848746104236294
0.5531464693911909
0.26352775284595026
0.6917831842263285
0.0
0.5296347240912597
0.0
0.11047204601737919
0.49975791122648394
0.5376747763394927
0.6992148250297936
0.5071209391328884
0.43945127466032
0.21001541356174958
0.48964000486882264
0.6666666666666666
0.384736821505966
0.44906599616451626
0.46289313259244436
0.45552796500357495
0.6887676143919648
0.0
0.37397261172594154
0.3141334741056853
