0.6000980066567335
0.5153091455037132
0.29233681632415914
0.45102023819179177
0.4176529222026218
0.13656435598980968
0.6507703834838025
0.7525315796309469
0.5272698969758228
0.6406427112110122
0.5246737669835764
0.3292473553287866
0.35811116606265936
0.4888106837463935
0.5075491350781307
0.34592602369816855
0.31279058101608287
0.34919247056989494
0.3750537190721224
0.2902932485610188
0.0
0.6390131077014038
0.4692291222983374
0.07930431517431102
0.4226482021131218
0.5497239939184478
0.34460032942683183
0.4091657016642179
0.104388755110366
0.5476243969925121
0.6563878612620409
0.287626347059987
0.24860652387460702
0.033217235740686184
0.47725472862128704
0.5474617921509963
0.5818826058348229
0.03683186927370097
0.06978418968337607
0.19071612313259434
0.34335473131130934
0.4887449407387726
0.4994177523941201
0.3339984549603957
0.3955286779862018
0.5494418626037697
0.2660704224885575
0.5799276741902208
0.6041883447224529
0.3427243446964974
0.5405608667826057
0.0
0.49783272161494596
0.48072436746770686
0.38877737166668447
0.28592555855769475
0.8924909361883456
0.24306300710769993
0.6637176606157256
0.44580050362544266
0.5709995007012025
0.11142153755196184
0.6828835303799973
0.6350747047798326
0.0
0.6789858767743155
0.0
0.7031049051078582
0.26488882855415025
0.6375325355452184
0.34903017521375507
0.5987909291129079
0.4202795729228299
0.4282147769430724
0.16331250250772203
0.3395413534570779
0.21877530693011285
0.6477258635321519
0.29239090435313847
0.19167293550958148
0.41657816397813385
0.5084185716989021
0.5441833466018595
0.14684303686054773
0.4289999239455463
0.1585551190196734
0.4321020519187884
0.3018624551761648
0.03642955799867831
0.19821039502629287
0.42424541801736076
0.1381745495026348
0.3574255166374528
0.0762759540403669
0.4373413410348707
0.1933336307989166
0.5194336034738598
0.6703342622800789
0.16980908441814527
0.48885966892189864
0.07336392325013509
0.49700835427877127
0.2535872760603832
0.3444419655545308
0.5682559197430633
0.32535185266501515
0.3605136722250764
0.645181378835329
0.6416211578531905
0.3180209722808915
0.20508351338294994
0.24186719803116832
0.06515091609408258
0.3974679696263221
0.545783622795489
0.15627785957685716
0.451916692726202
0.2691030028262215
0.24038964411861463
0.2877837514136992
0.7051156397163245
0.3870387982310032
0.0
0.39259763533550196
0.2940065089362671
0.2594279825766627
0.3066106243458828
0.5286792678712174
0.2596367948662108
0.5426356649637044
0.49233195670473473
0.37825418346011824
0.0419214060365642
0.24441191892148575
0.43907252093696253
0.41105178070729526
0.5456274379281363
0.6089578893801285
0.1518266530624425
0.3217397424120121
0.4366643266934674
0.4481344111442109
0.31285269002248967
0.5035219641261717
0.1361932373063851
0.6625318992190733
0.12445416335165123
0.17994176225810013
0.0908213196279071
0.09913633609216213
0.29909315377074935
0.5568038716143326
0.48614254401852386
0.7398624431356026
0.5995885612435113
0.30329407479787235
0.18103047713073706
0.4080575511297643
0.09441609541767865
0.2640661242489243
0.5908304541556998
0.2574733975525488
0.3027856669333635
0.454355767026541
0.28848531307820774
0.4995775783739334
0.44442623342761484
0.47103277389417597
0.25457425759687174
0.11248476310396438
0.4459253785447271
0.6763239239391678
0.17630010726662426
0.5587242739415174
0.7061338159273187
0.3728780012115583
0.12182507665872419
0.6392023402566867
0.6195111123864546
0.5017449356090496
0.2593234896168886
0.5940583216673166
0.5307716929773477
0.466478164356099
0.5311185290415754
0.5487237298520881
0.14394863138335703
0.2160341846159363
0.49919598325462977
0.14641498824187377
0.6219310962327607
0.35897074422874165
0.14388229599299074
0.042367767422447536
0.5985351525113101
0.3344849829056873
0.24890832670330246
0.3531437726636287
0.39806277882798535
0.4291776482267473
0.7455193605759562
0.5395237442665979
0.3060304042430262
0.026906857794656444
0.6386545726683528
0.5274741237709454
0.46080766441139115
0.26209412822748573
0.5014621379540234
0.5131395613909933
0.5107563548885288
0.17973162308002874
0.4203840504644692
0.3201450439438304
0.3584928831964632
0.12081130312983202
0.2266320621077456
0.7223775717613454
0.42902486875687307
0.4517179464138987
0.39075177515325593
0.23854051928556533
0.6223364092150712
0.21614961390148163
0.7063322047745865
0.4642596226787434
0.36535683826368204
0.0
0.410021432007302
0.3054700677916112
0.20828347459379493
0.24824634202014204
0.2583983459246341
0.27764335913354504
0.5098005534850925
0.45646528177016504
0.50653683064239
0.6739743334089033
0.47533549176529033
0.13943787392972506
0.29013256923109554
0.5784887202074123
0.30832216455463096
0.11043832118254471
0.6926158886556384
0.5037854128344957
0.19897571741454806
0.4395746374232734
0.16907802484029621
0.5951684507950662
0.30877681286660164
0.256217851547135
0.16206479937841964
0.14177894403054048
0.671369560748014
0.10673691509710677
0.0
0.18952139243055438
0.10952481568898405
0.05352602718189192
0.6839606273406873
0.0
0.1012688174600126
0.3010132230785354
0.8006937648564865
0.47702569660283706
0.4383954268151999
0.09478836774187899
0.3292202371822588
0.19872794267170518
0.5268854140229493
0.5307584352498278
0.2683450976345188
0.7171277245327302
0.298998944310323
0.2923062886949272
0.46893845754531777
0.1608386100431456
0.08114686793378291
0.686874496803368
0.47711872177096376
0.4406647889014842
0.5324200417157215
0.3704444456323967
0.4669800309210217
0.14672784322064736
0.5050691287647714
0.40492267452849107
0.4633654015491679
0.2461450759352383
0.48438557858379605
0.37170617261168487
0.25887319885892074
0.0
0.16168440163163414
0.222924542193948
0.6000064810112048
0.4404935360109639
0.055204363047427055
0.09019475822683527
0.11441962975850503
0.07877132864587
0.48889028090658354
0.25073848391418707
0.4390675529325506
0.27151738978718143
0.4265916836788445
0.5973589295058181
0.5873002364048866
0.33657806645309546
0.7442733997236131
0.27809529384420684
0.255151692445942
0.3304251435510294
0.1661717098572903
0.7325642606119033
0.30853073403538145
0.5285857174196281
0.3256250280612729
0.21178911447881169
0.30176944584533405
0.3938868158210711
0.3121426248901586
0.527209048004813
0.40597323509383954
0.5898373572720438
0.28760952294743025
0.4763986131919113
0.5013192845534359
0.2764670005757344
0.49511521351001053
0.2529340867721703
0.26005552716768904
0.0
0.36623968710299143
0.48113135919223954
0.44760442825969937
0.06969137288114338
0.5153598631275763
0.48719331209448713
0.1313122415200951
0.4302556710807273
0.42257934727699964
0.2109651192418133
0.5083196568042615
0.3729144239776933
0.47147937775810084
0.34366174467624433
0.2462300063029382
0.16206913296171355
0.5088747805440093
0.3248869326197382
0.12529460014498514
0.32732331824126987
0.0
0.5502140468169323
0.38758760487536925
0.4303321362600644
0.1684730869280221
0.40068024006982667
0.211287497608745
0.6130047759853754
0.3538371672749456
0.16842717722103237
0.3637350874844005
0.41716539780145334
0.272906503876793
0.6015892034929601
0.5707563714589619
0.6513261069724814
0.0
0.36594050691309077
0.6575812761871734
0.6342324694756107
0.4235389324601899
0.5238160827840916
0.4656855273559251
0.45289072208024983
0.3602448650748319
0.6142885886408754
0.502913508320984
0.4541841215026799
0.5499350496946329
0.3216285359498371
0.5634269739324188
0.5335901448660126
0.5929997367171114
0.29166653708269635
0.17443194843692278
0.48105764006778523
0.04439937014166628
0.22398861912110332
0.31241321385498194
0.1498838951132542
0.4065499491824241
0.32370697052701775
0.5446893662762599
0.0
0.3359674707006322
0.5425715575168283
0.27587813403133626
0.182137776120226
0.4605780505801149
0.6931631009983226
0.3845170023389927
0.2748320817091856
0.1913083397298517
0.3750800218795648
0.6924855677889492
0.1477296633644968
0.4342391725202806
0.3125833514454008
0.07839826893635371
0.16352617792343924
0.42704515223501105
0.6195042930279737
0.04510158040616892
0.5360696018830063
0.5719230912359956
0.4425003890033272
0.23008852160992724
0.5014221493682293
0.46150768572071826
0.49095453508473547
0.42458377293974026
0.5478606862135204
0.07328439862705116
0.3098130653391544
0.6581415505551729
0.1509371467604703
0.42517634148858957
0.8058349373906039
0.6134064514066744
0.15080779592153626
0.3163630091208607
0.0
0.60059751454765
0.3579576237561874
0.44642280769682335
0.18561616181605417
0.4223772640375254
0.18274238538358872
0.35026551291356633
0.6908777061110951
0.24879641285348472
0.05875869145979565
0.16771752427728254
0.2902520590210109
0.2206970719141414
0.23405718487183483
0.5404127472221645
0.4917746110199044
0.11933916427518577
0.4807887575819604
0.06684845648496719
0.6248262697644836
0.5516176964223298
0.25897715762122864
0.33700609141549154
0.10107811363320092
0.4063287505086285
0.16633050598576204
0.4217306603656548
0.4703734634619706
0.5049103136300043
0.3065735936544597
0.17814794488630434
0.2712386259640666
0.42034974519503054
0.14782949149021504
0.5070945075743162
0.5177592071731435
0.29575767622390825
0.3939720204717702
0.5862033482259913
0.5478218588105538
0.5867508268421687
0.14385573987162178
0.36240344291506965
0.26179349776062755
0.8251225194290565
0.07839826893635371
0.35050301150393354
0.5377913994599921
0.1993062351435135
0.21207253742284965
0.510806456490838
0.1019765124150889
0.0
0.4828918673347685
0.42028480360121795
0.6053226887344373
0.5891782777067212
0.07394398508936902
0.16168440163163414
0.27294150386926175
0.23938325486237497
0.5257290076087007
0.39509082600588535
0.5622602772350915
0.4383215664292034
0.4055063799227327
0.1950321553201608
0.23790791188444738
0.0
0.09693551865299226
0.10972431012059186
0.0
0.571443218974139
0.2942026322348367
0.0
0.5522164686573071
0.5062776408662782
0.12893343867261664
0.5521918283182832
0.2375253110335637
0.3314468895218319
0.5077527889830648
0.16776762074939972
0.10891396446400634
0.37088539137324544
0.2962184457610766
0.5713809098120238
0.47365336465298663
0.3912320890367751
0.2922371425493535
0.506187255024885
0.5812462573354095
0.4945038052840528
0.046815990215187044
0.10535166936996415
0.5409397601853356
0.6615629154154768
0.35682700556889796
0.5264795673537069
0.6897003614196971
0.21654513296110617
0.33516612401363144
0.5599349204761973
0.553354782566489
0.37235675619535147
0.4087918061580724
0.5537885028264486
0.2822517589763056
0.4292861215202671
0.03858303641769143
0.49367722102765255
0.4046067825218218
0.41617276858358654
0.5444439025042008
0.502313524871724
0.6169922974900403
0.295257271258383
0.6131471873089194
0.0
0.513377142097957
0.23315232986210535
0.3113252854231161
0.08382943770638336
0.2891221174451961
0.7408186053994085
0.09910867094005173
0.23132304806441414
0.47555523684218065
0.5015884984414084
0.41224006754881715
0.3219505882625432
0.7348670848743089
0.4849825020642766
0.26462021918309775
0.4576361800742477
0.333872275535121
0.4177962945497017
0.488588195255167
0.3737732985714823
0.2888018557155512
0.42973270978462225
0.27589612752446774
0.44094127675573536
0.0
0.4465678645356743
0.6323127827658249
0.5098679022658067
0.49080732032810964
0.2897288599071607
0.3081076956023903
0.17222619912931916
0.5388464616000346
0.4286474742680053
0.3270805658284772
0.4351913934979071
0.26025469262252854
0.33931914053925244
0.0873854332404038
0.468091922995018
0.6249597369073576
0.3326958748676705
0.18865890336769134
0.6143923779846517
0.5253804543538771
0.48995278512060836
0.2786840813232248
0.33683565924364456
0.4413803723241192
0.45616747507949884
0.09131359494738221
0.302395863623463
0.3326257240956284
0.297189147114452
0.25879901836765157
0.671169995595632
0.0908213196279071
0.21222636835785774
0.0
0.25140675448431354
0.5124901320248251
0.46677234868648315
0.2970436785593943
0.2927136228446099
0.6683768369290517
0.1923828660564972
0.5324298027067449
0.33098850259719714
0.5221301294064102
0.3829904168477106
0.5852644807565014
0.3835612839028934
0.2161590657745087
0.40378919259981966
0.6203974305991632
0.16944064770015424
0.4067759126507941
0.3956920442320027
0.23439104668211871
0.2548346678089954
0.3618037423884673
1.0
0.2839959466482609
0.4863918610438438
0.17482962486106612
0.6552896521518372
0.3890512743759962
0.1404941467619997
0.3104605833445469
0.3275891019929354
0.5575541569859033
0.5333765806265267
0.3456209160145776
0.49625986228397717
0.41540112581903055
0.3612665432284099
0.21324439608385484
0.44436864325053127
0.6244134912650282
0.4934425672867815
0.5001643407213328
0.5180752587365961
0.32847237368025006
0.2980847081443328
0.5789056840566131
0.6571009623036543
0.22629166905463569
0.14982419994744298
0.6826898833932895
0.5082689360257419
0.12102458166335671
0.4712177764042997
0.14866909014784066
0.5227520974774429
0.46451825896551335
0.7155404007194726
0.48446389621060393
0.13221677689421324
0.6182755013855463
0.7052961809349555
0.5381512516948324
0.4143574747855734
0.36670135110983565
0.6086957667559737
0.7431833980701169
0.35333726721501874
0.46515831228884047
0.48677944948464635
0.40158802589279036
0.6623149788023465
0.5583235591986433
0.446556997924828
0.5398271953606718
0.39016205324154324
0.13952982159487645
0.38371918716746567
0.4705190340946639
0.5426588934676644
0.34244694576947055
0.22704987719430075
0.2953337538007511
0.3343781391022783
0.47188431143568854
0.3053956360296425
0.4940188092470918
0.4096373799735931
0.10605167818536933
0.2324858228096686
0.6991665658455946
0.5941988066589201
0.2654879651650615
0.4882755331491936
0.7026773891191813
0.4382291078349271
0.31660000934983185
0.2821159542316812
0.5207315270425547
0.2533967938514542
0.6435954360899733
0.49677177746344503
0.5717198032929947
0.45307626277499896
0.560172158906484
0.3297306993457907
0.6164571925099059
0.5986659933385583
0.06978418968337607
0.060129840609899024
0.3451944654003234
0.09856823212342992
0.3797480683224373
0.0757743346494511
0.271885656980612
0.08494489180122011
0.42451489405349224
0.3345553524454307
0.4916072454593002
0.41663161679076377
0.6124021380404204
0.26101733311676
0.03127403276973601
0.3570507085302772
0.37962044525971117
0.5787188421157382
0.08841930598729249
0.7247087185984358
0.03922476184466326
0.41162275705364065
0.4967263821486718
0.7486975516252014
0.22517326723378356
0.6237541205649787
0.3470857789944634
0.532376658536833
0.7072533318302519
0.593190707563589
0.16698168279466305
0.26434409133802084
0.535900966669732
0.2907334725938909
0.541002704016236
0.6014729802860888
0.6471108975904185
0.11663898409219275
0.45451636102849907
0.6474016975695251
0.0
0.24647554972385333
0.48826589810251336
0.35487010709378813
0.23290911898509223
0.2901413217341827
0.6443519744318921
0.06362078691860773
0.08097835889064542
0.5457549853042749
0.0
0.3068247903334496
0.4597057834008483
0.26845787071706684
0.5643780321547998
0.5619968830215376
0.46928004651619276
0.5397303335879389
0.4108210696692946
0.26708256130936836
0.3730199088218705
0.5175967551365056
0.5466454656541334
0.36386183138660544
0.3657985581923079
0.34831123528929275
0.7225994874408647
0.3372508079061733
0.31368326064946
0.4878132923008612
0.2747172104210278
0.5503062352033093
0.3413743228121982
0.3812278881678784
0.3867442982169321
0.3451480029282065
0.3352775049845105
0.4937618490723472
0.25748598838217734
0.5156731437359319
0.6404767580343051
0.423107927503306
0.4935582644700952
0.7158380262741512
0.5325800028693183
0.40986166517492445
0.30954311418138875
0.3013955677261862
0.15172691691389914
0.8625124946249647
0.7215144428826797
0.15748042187039885
0.33705379435844224
0.1625158854040914
0.566914049710752
0.40241569475317085
0.24514951822448294
0.4894326410772942
0.13231098204531144
0.428597718497136
0.5870646985300173
0.6575417992742256
0.2577917558218471
0.45355413547157747
0.44441805239756543
0.1633829456674836
0.0
0.4176855907979242
0.3292503147661561
0.2063185955456527
0.4028872108248604
0.16718579870799857
0.7107386562933706
0.3325030316604021
0.45609360184880016
0.34258223350085726
0.41840848328227126
0.34542276743099687
0.6141692086820032
0.6754321213565897
0.0
0.1320700160854631
0.17179265585136425
0.5224148905896503
0.1998628723557322
0.0
0.30676554687144136
0.09674789975412995
0.39200139018493024
0.47362052665836746
0.6043205170911189
0.21216434485734298
0.04029064895341392
0.5068151996783254
0.30252593794150395
0.48313771724558785
0.19732935573479599
0.28660831933398995
0.2193062246487204
0.8005234190581935
0.3206653836433034
0.4875057597009631
0.3321764909115811
0.3853813526994889
0.6244052215399988
0.4096773066647555
0.33434010067904046
0.359093584814109
0.27617196457865395
0.777043395197995
0.21437074459565167
0.4785846496323715
0.3454729780223199
0.21224692765056938
0.28653893021987664
0.5402392682320427
0.06625422567104446
0.576231359924992
0.19741836574686975
0.6021908150601707
0.5788756672351674
0.4625596327365066
0.5750911711139605
0.1622031022221467
0.22371475054516812
0.4308214653125963
0.5988404143567766
0.24661826476706133
0.44923339308040905
0.5213824798980652
0.3936467999030937
0.3682636060494452
0.44497312786985777
0.5393613015926946
0.39892623202876387
0.2747030259827674
0.11298087673479268
0.40109506380743604
0.4223349792995126
0.24825392997014867
0.6432047575783146
0.4102526676015662
0.46763690924092977
0.17763102680455203
0.4707895056152729
0.704837889232947
0.4482115803128154
0.49808455419942443
0.437150270580949
0.6779733825052602
0.313281586698976
0.5981160272183771
0.5961439029559249
0.37966453515947474
0.4060268433832445
0.3019698792860804
0.25902119829195375
0.6431791516370007
0.7400207967993775
0.6062252817140144
0.6481699104615276
0.2879344873036125
0.6199237364785224
0.5480862203661889
0.44922235920766584
0.3152864509352621
0.561822110567827
0.44957752551646446
0.4118506639610487
0.22032324864111785
0.36125016136312815
0.6057399825948451
0.38821185630334004
0.5035875413430246
0.36811380391671694
0.5731680262564143
0.5982456214368703
0.6281035353461946
0.23358574808334207
0.3800860608225829
0.3762408625995628
0.2890765503654467
0.4342831573762691
0.4736635680510467
0.27200359920989714
0.273594693964478
0.23796136217298103
0.3320456047298196
0.7824939931247955
0.5466182685204901
0.4177265932801985
0.3037190821909514
0.5529309788602662
0.4681245149609907
0.4458040744700772
0.19899381215162576
0.3938131103998478
0.30879592512178256
0.4288458521839222
0.6904206939478594
0.3066265894442183
0.0
0.3771806810355836
0.11144519368219238
0.3411767848339997
0.0
0.5195027917920708
0.6520190409502221
0.3133344475881243
0.4246558188522488
0.5954528489131874
0.03306145305394025
0.6339092547333893
0.2399793050808375
0.5609008233941676
0.5340714552942503
0.632267092351514
0.29386618407268134
0.5894467114526171
0.31289386454176116
0.39367504464856157
0.6379543601492111
0.15327447913290954
0.5673218524366195
0.0884104864819871
0.5639750979859174
0.0401823686989812
0.1324043751266432
0.3982327331259215
0.3151625523743469
0.0
0.14569052208001945
0.45719263653372216
0.3235203825771873
0.3396367995616313
0.26622901702048585
0.0
0.4088464991548783
0.0
0.1438131735299935
0.667298879561678
0.5444762942734402
0.025767834994824653
0.37747380885713006
0.5260171505603335
0.4099362658928007
0.20510706935495346
0.4789236109279332
0.59573764658406
0.590383280647547
0.3874064175197752
0.4609023653087195
0.5485620936702206
0.34916895555729455
0.34637769900820725
0.3308046646483932
0.14531231864710573
0.5830968632342506
0.4335443153150948
0.0
0.33085116610219634
0.11703639850048213
0.0
0.37951031754086706
0.535892324647133
0.20438240186070983
0.10889339234841272
0.4540395210842005
0.42272517774204704
0.5549901262235796
0.3830678151771449
0.2801873201940202
0.5363301704420405
0.380378656070249
0.2203495242879714
0.41992998677641
0.4665218563261821
0.5042560249182426
0.2784652331596393
0.10704185858062974
0.6554314142595249
0.047264273863216376
0.3130404684229837
0.44949944732516195
0.587721151231995
0.3848528704713365
0.4492560208867426
0.45240049627320095
0.386456807317993
0.07336392325013509
0.4474699777724856
0.441982517668891
0.2444521855815952
0.3703651703011957
0.25736775615999946
0.3528595824148792
0.5535777910910831
0.3194764034419584
0.4853874622401991
0.09556982258602201
0.5493512255305119
0.5133929917569466
0.2102963728216317
0.2629100790617566
0.16651501070143349
0.44085100505859964
0.4971521731655246
0.22018424147742946
0.6196428525127122
0.6469550325336946
0.26065707456114917
0.40633092453702846
0.28628759845714735
0.2816974139274902
0.32376721683105064
0.525084376982574
0.32909997211992625
0.5219633010258089
0.46169363549031234
0.5346588950213971
0.14199908202954112
0.6725205915911773
0.22302476681122066
0.2785054112408223
0.5845346990819779
0.2590595333864129
0.6377409494889017
0.46990363702289656
0.10218331438963532
0.45120736537746364
0.3268563125715247
0.4298785709804344
0.26274421432850686
0.34469521566061734
0.5249020209757824
0.16168892838341414
0.11817688964240847
0.2503042096156508
0.24218002002268815
0.5154754271838353
0.5580655834190037
0.27656742655070476
0.09515663069234233
0.3103671360222279
0.5296434191068321
0.19418264785342532
0.2924667949129304
0.6897595445940814
0.31037520684128594
0.39208132113440447
0.24307166209751363
0.6228656649102428
0.07643958572408002
0.44493831045834664
0.07336392325013509
0.08114686793378291
0.5060574202663254
0.42981773912771587
0.6639924009826931
0.5974222019989254
0.48585797725176105
0.24002505386469228
0.4720837870619182
0.5595808320159147
0.28534498766991606
0.5273731180994602
0.5795054305000816
0.3685345988155584
0.5868529791979099
0.0
0.3861799572650051
0.4140308492331067
