0.4150209026552193
0.2994767534252648
0.2091905908914304
0.38356636845265696
0.4834816783786919
0.020052344998013758
0.6622954399200045
0.8034836358015884
0.2976530584669072
0.5889993891032942
0.4601228078337378
0.2127408491782735
0.24592480766734692
0.5497876486340579
0.47973180340070065
0.15423269348313773
0.09735731788467095
0.1765820811162354
0.18508399598115
0.142803106553681
0.0
0.49661976907834626
0.6455709459479493
0.0
0.2133151256157581
0.37443915742213185
0.11622247352663043
0.2060667184919411
0.049117261892542806
0.2422241013162041
0.6941414072589744
0.34519134154579534
0.07897960260470405
0.0
0.4294446628485693
0.4300930902751271
0.6018359212707252
0.0
0.1010415535431794
0.04254433881932042
0.16049402645835775
0.27716021458143475
0.36103393210207824
0.2163719059790395
0.21680281963473388
0.5025393581415002
0.3313229534437575
0.3493504486656357
0.4703235184081204
0.21398626751412297
0.4120297977538803
0.0
0.509171657759625
0.3485125262948398
0.24778364580430068
0.06904061827907194
1.0
0.1270511886416403
0.6390764958017522
0.39097230791357956
0.3860145933823542
0.0
0.5505226976541452
0.6215946198189175
0.0
0.5720287703169764
0.0
0.6623194526508305
0.2873629150257103
0.3972132948577819
0.14062601630817126
0.49292180159766874
0.3275862950596482
0.3628198877310713
0.10796512650253581
0.2133151256157581
0.07187669625087216
0.6686854815479204
0.09118686347588656
0.04703614646974142
0.1497704456554237
0.2886058459335932
0.3910842645623793
0.1868758209494642
0.44437635406944687
0.0
0.31216692978695204
0.21398626751412297
0.01745857967057873
0.10863275467081418
0.14908529338273338
0.04868945187953424
0.10080069924160998
0.05319306696963481
0.15962979421597637
0.2182695528180682
0.5880206898556275
0.6823188321024485
0.04574693472961689
0.44437635406944687
0.0
0.4897861660705418
0.04868945187953424
0.3062794133654786
0.18941653413487192
0.2687815619717727
0.16174285250522355
0.6134648640203729
0.4133604832817737
0.3600546231527257
0.07132875583804099
0.1338052951218553
0.04460176504061843
0.25656342113716796
0.409547702055064
0.06904061827907194
0.3103354805556202
0.18909072665788298
0.20253382986971338
0.16667253957535078
0.5675131742540639
0.2846438814537991
0.0
0.4020098003779063
0.2133151256157581
0.05912705637591624
0.11952002250719833
0.18363945595408637
0.08956074829523389
0.3211288721799347
0.26492590757536655
0.27426230436311755
0.0
0.1127611200670381
0.10451166033775597
0.19263014737095435
0.4542239823923331
0.4499394532974836
0.11305340062568932
0.37042687220253984
0.26412531034802
0.5190547277882746
0.17299334017825427
0.3197257670356911
0.2054778771824477
0.698404230894018
0.12785545615088564
0.07923337194815089
0.04373502467722413
0.0
0.2670747974596704
0.28928959200815135
0.3741855367795572
0.57553008630748
0.327969497901168
0.08804177011600667
0.18050932143195242
0.17983131924840706
0.0
0.10796512650253581
0.5059073248033296
0.19600689661854248
0.1130956049476524
0.31735759297679866
0.16174285250522355
0.19332294534948216
0.4463867339590227
0.5453092209578805
0.060555061152220785
0.10897454005984329
0.16958010093853398
0.6746718329027146
0.11305340062568932
0.552475327492826
0.4726736812072175
0.33380012998311975
0.1312050740316724
0.5806434423187238
0.3442143154402038
0.41048895771510896
0.14149287462142301
0.2513606181440024
0.15507597983874793
0.27922839613374334
0.12149387734045748
0.4591784095946432
0.09386383014061808
0.06506563341945709
0.29175588045439577
0.0
0.3143122765995335
0.37890749642161076
0.09354409406488638
0.0
0.5008226006712928
0.3127804212889341
0.2826335015642233
0.0
0.16358057299783876
0.19035648832481722
0.6790438494889128
0.5061569069948004
0.14688963472599967
0.0
0.2538852142272101
0.5157051099074879
0.1689607103740424
0.06633834496064638
0.2829031843469285
0.4825598152840816
0.5101716734086997
0.06155545769948064
0.4315846784338263
0.2620045774952923
0.2897668648486459
0.1312050740316724
0.03352774811888721
0.6568190383437804
0.5416940317467813
0.26647403091959604
0.3741855367795572
0.1312050740316724
0.6886348287268086
0.1312050740316724
0.5702649993212641
0.259121756264292
0.21639240395670037
0.0
0.3176588364667125
0.13946559205936707
0.16174285250522355
0.16322880883441732
0.04266302512315162
0.12389007127460513
0.5457876653626822
0.21169116381604733
0.325321895529589
0.5844704362039027
0.32961677012071955
0.12907565118668263
0.13124701695321142
0.23744372688845616
0.0677229625621206
0.05278616896214484
0.5557592362470787
0.4582447421714847
0.16958010093853398
0.20609621083396093
0.0
0.4931816938432226
0.17018353031256875
0.17944970713449493
0.05652670031284466
0.0
0.47419665229688623
0.0
0.0
0.042470132433485644
0.0
0.0
0.702097646260794
0.0
0.0
0.3176588364667125
1.0
0.3340881331766864
0.3956869021899126
0.1460683556386027
0.057840688287791965
0.02426864432438737
0.3361154157387423
0.2899346978526655
0.07833982670862567
0.5948136372814158
0.12350762491537033
0.3493003079344122
0.3956869021899126
0.07784901644692772
0.05105923615251682
0.5890442456351046
0.4110149450740197
0.30331369505594197
0.2939523844989153
0.4603163481427945
0.1519927169129699
0.11305340062568932
0.4335658873232011
0.2846438814537991
0.4349176056867889
0.09023645594659967
0.26564656503301676
0.25075055906318633
0.3270396681398123
0.0
0.12696627833947052
0.09340313160559072
0.5050075786264299
0.2620045774952923
0.0
0.1275002478879895
0.0
0.0
0.5477863974972428
0.15169811031525612
0.5478513901070012
0.16958010093853398
0.39395539737030466
0.5348011799918391
0.3299453309869156
0.3828952265542921
0.7698724389694698
0.20058753676377178
0.13434183392506863
0.13527790996163
0.23370070689868291
0.49342639630013424
0.2288867510794582
0.2846438814537991
0.3600546231527257
0.08804177011600667
0.09888166378375977
0.2620045774952923
0.07923337194815089
0.32627394358353395
0.27247155756424707
0.6568190383437804
0.09449690449332643
0.19990225565399783
0.6455263594851557
0.14832635753816129
0.26569667933203445
0.05757351851829737
0.23354704934078319
0.0
0.30078517497020635
0.21672826893174513
0.4483151563658228
0.04897006797204276
0.43665315753700223
0.11650268711760484
0.0
0.330450512102333
0.30078517497020635
0.16388572320113534
0.392439170562966
0.1462139639027896
0.2864304516039102
0.47124716518523585
0.17843226080358937
0.06364385817449529
0.25546355148386407
0.3031246606295382
0.04373502467722413
0.14909712929482916
0.0
0.4509038183678364
0.2826335015642233
0.4273013931298811
0.11137676456581494
0.2809227839377346
0.1843821564637303
0.41092910464419635
0.2895983086561092
0.21398626751412297
0.19462254111731933
0.19274213573200155
0.1947353293833905
0.5233139141894291
0.706352916892474
0.37757241561463006
0.0
0.12078373613277084
0.6724935352104012
0.432322656961772
0.41450970690517686
0.28497087128414356
0.1129736163376412
0.5105820597265738
0.16049402645835775
0.51818228644685
0.41336366564559573
0.1765449080304199
0.27394705210983916
0.16280058650917534
0.3299453309869156
0.24844273282562362
0.46066402241460264
0.21398626751412297
0.11506378051526511
0.37090227117741636
0.0
0.12425785089611295
0.1395077525801255
0.03371707223883758
0.19600689661854248
0.18294478693134877
0.40678410213919114
0.0
0.27247155756424707
0.4208033826877816
0.36020343231554375
0.16481193764312735
0.22207812276293576
0.4834672014163708
0.4258859070648718
0.08614244741848036
0.020262769534131753
0.17803676746387964
0.5755213250939383
0.09080139274188982
0.41048895771510896
0.06325739217051546
0.1312050740316724
0.042470132433485644
0.3730548019209087
0.6474892272724032
0.0
0.5589412186920694
0.4487174813765165
0.2499201520755876
0.044646664802357496
0.2863921670440453
0.2553169121801642
0.516655034450901
0.3676158812955736
0.36329512946122006
0.0
0.21731460850629478
0.7599635845648496
0.10159378288464728
0.3956869021899126
0.7883023541860192
0.43495198530659523
0.06364385817449529
0.16958010093853398
0.0
0.5133038473641053
0.2010757919035876
0.37142964835318704
0.0
0.23624874526204417
0.03892450822346386
0.12245509833619107
0.5755814281011192
0.4026517092817985
0.015038002750047305
0.0
0.2895983086561092
0.06682356531786623
0.03021322995786175
0.305545754556423
0.42033066000172026
0.02241902315869181
0.26647403091959604
0.01842932092610988
0.32031547858952086
0.40488684130164315
0.09037638297004846
0.12816736304927537
0.0
0.16375323239479936
0.14735178567762844
0.3804366840667829
0.36470855470468166
0.5574297546951361
0.3065735936544597
0.0
0.15678842530291345
0.3788892348232448
0.1460683556386027
0.2344765862784629
0.4632737627296862
0.12663153501857327
0.3263685262414474
0.6287585105331771
0.3478158896895772
0.24240286075448156
0.022272476893368132
0.31835243526939
0.08045675390393488
0.9017654762149144
0.0
0.20904540224150653
0.5590572126051171
0.0
0.09759845012918564
0.3697923780904248
0.04868945187953424
0.0
0.26320723354298103
0.3869772124151777
0.4071410298387244
0.5069341940510189
0.06767458000488906
0.12696627833947052
0.0985450939598604
0.07415493856340728
0.28321705633839944
0.21340266733461546
0.5277884697444113
0.7557415253426383
0.27051296782696765
0.17362666535192603
0.141156391756789
0.0
0.0
0.0
0.0
0.4284187386162202
0.32958335497434826
0.0
0.3589154882417906
0.4322558203321912
0.0
0.422899224366312
0.10169530530449752
0.24373980300986212
0.30078517497020635
0.07132875583804099
0.23354704934078319
0.1684199733413089
0.07608038880943697
0.6164074235652794
0.3894232550514147
0.41658132346557036
0.1718172923442091
0.3642464037530529
0.44164353067403783
0.6130840136665563
0.0
0.047972266399487144
0.4119371496236141
0.7112741326853153
0.2620045774952923
0.4094704647693012
0.5210853702054246
0.07132875583804099
0.10299510031613028
0.6864231493941731
0.310990441086804
0.18166518345666235
0.282172742121393
0.18807401487289394
0.1611389186966546
0.3043092555180603
0.1052161521923789
0.4307122370924018
0.3938649028508177
0.16958010093853398
0.4654330183970427
0.10286122292015565
0.456853908730772
0.11384943361155521
0.6131471873089194
0.0
0.5755814281011192
0.20712185483721585
0.3156484565771367
0.03941803758394416
0.18980338031582686
0.8196294533844933
0.04247787437896034
0.1843821564637303
0.32289835095660346
0.3333333333333333
0.33245602894470405
0.36780202167093323
0.6244065391803528
0.41658132346557036
0.2442584746573617
0.3178978528629564
0.1715706884024481
0.15774813382808767
0.44809743975361366
0.20301510927082528
0.2364212262240513
0.4143683830982698
0.10112594374215012
0.2687815619717727
0.0
0.22779938795370339
0.2941813497403599
0.31343421770281227
0.2943749846948229
0.08354940540653939
0.39395539737030466
0.1052161521923789
0.603785791474361
0.21099564385212372
0.0
0.08860273072904364
0.09794013594408552
0.11677352467039159
0.03892450822346386
0.25896340474071394
0.45228817386905956
0.13946559205936707
0.14970050624920445
0.17839010028283092
0.543699421527587
0.43581833319349694
0.12696627833947052
0.19842071371067949
0.19073991738957827
0.24788785098747781
0.0
0.1329840216514548
0.3486021855083161
0.10611747842312999
0.13541287281111197
0.4352826824045455
0.04373502467722413
0.21398626751412297
0.0
0.013267296802194501
0.6548086584542047
0.3933042588285638
0.10159378288464728
0.3064107440708813
0.766461595006949
0.2463300806286715
0.702097646260794
0.09242447655675837
0.48429469114545787
0.26647403091959604
0.5574297546951361
0.3323822886241505
0.11305340062568932
0.3028615383280123
0.7112741326853153
0.15684879095627366
0.22445659962588005
0.44088353732526375
0.05652670031284466
0.33916020187706797
0.10451166033775597
0.0
0.22520080212455615
0.34956751132042707
0.09308787786194933
0.41718150670927856
0.11739591933835215
0.025809702290020407
0.2442584746573617
0.06229194031648807
0.2690677899042937
0.3600546231527257
0.1284628886072843
0.13417309877108638
0.07784901644692772
0.33060686666111105
0.11506378051526511
0.3976972820794884
0.6034200477066691
0.4582447421714847
0.27726755112874935
0.2816950956147354
0.13776129931899198
0.1848293422361842
0.4497204409286976
0.5755814281011192
0.18087953379651564
0.13869012504799366
0.482422679720381
0.5147714424843294
0.0
0.4870993482538374
0.02517082252714257
0.3028567809415162
0.29512921231148936
0.7474189879531312
0.5445235689282567
0.0
0.6106177017166858
0.6765142949895528
0.19076147803930169
0.2942414204036281
0.12436117634826119
0.632388925651002
0.6067846736827663
0.15672801429889266
0.29822949604176296
0.5952514491522132
0.19623543693913043
0.39411246510716336
0.3424737229361448
0.24957078590674045
0.4273013931298811
0.1842561752417132
0.04792722106960394
0.20563371502468364
0.48372996190155515
0.3251313927336044
0.19600689661854248
0.14832635753816129
0.06751016354591252
0.28666345363063755
0.38324755558998763
0.2976530584669072
0.3842528385309446
0.3161882999990135
0.0
0.14735178567762844
0.7994765500198624
0.4745518963558666
0.03352774811888721
0.29223865110889735
0.8594940005773648
0.06904061827907194
0.024225728705504854
0.07586811789803105
0.3917766252272891
0.254273926806301
0.6843515434228633
0.24749099967566404
0.6399729219418112
0.2187411245282764
0.49292180159766874
0.3064107440708813
0.39206485498379295
0.30885545368746015
0.07817641598004023
0.0
0.21520353716672486
0.02104323043847578
0.20712166962039577
0.0
0.2830606860654497
0.0
0.1733666701089652
0.2871188801090224
0.5000210802603792
0.31977898395270193
0.5035777479782697
0.22772971696809982
0.0
0.12268512446406048
0.1994185346818216
0.511318860900127
0.0
0.5662017568753507
0.0
0.44437635406944687
0.4542239823923331
0.6533703415408659
0.02104323043847578
0.46308169407821287
0.03503511270557729
0.2446904914745953
0.8021806089797932
0.45580831435134195
0.02816744847313275
0.12785545615088564
0.3760560745062611
0.13935605900958237
0.5157051099074879
0.6534081943812597
0.4185350657780562
0.06229194031648807
0.2089451295050506
0.3985849767758458
0.0
0.07353877749776133
0.1462534813571036
0.2182695528180682
0.1460683556386027
0.1658907865629344
0.4601228078337378
0.0
0.08051116623719293
0.337577471411965
0.0
0.0254109577575306
0.27271365354844945
0.09889992891606433
0.4759908450094153
0.4601228078337378
0.41950381024879596
0.4201014994262939
0.17311091771061335
0.12696627833947052
0.2168608071190556
0.29594050988037734
0.48516733143393664
0.1405781010008848
0.1848293422361842
0.1765449080304199
0.5634608943638636
0.04792722106960394
0.1931762520110366
0.29659014097520414
0.11506378051526511
0.5425129336453169
0.10324665290424641
0.22811718114095444
0.5982556040454649
0.15183531618124196
0.1292728383902881
0.37211393080824734
0.2741510480716487
0.7599635845648496
0.706640720978871
0.09293521675994484
0.5882859326350677
0.6866602532383745
0.27716021458143475
0.18130717774279406
0.06364385817449529
0.13946559205936707
0.0625536779114692
0.688603934212289
0.6641638617500193
0.09308787786194933
0.1554093210462329
0.04841471806696002
0.4463867339590227
0.37572912001934655
0.066808337250814
0.42955394595932567
0.10702989239380509
0.32197462894140755
0.623804083330867
0.26564656503301676
0.16958010093853398
0.4670156580279536
0.3513159543768842
0.10159378288464728
0.0
0.3031246606295382
0.32958335497434826
0.14723431709496262
0.2620045774952923
0.11530158776481338
0.4454648977425013
0.1804173828448869
0.1556405111105746
0.13358406693199887
0.29540568001895257
0.2182695528180682
0.3560817936862076
0.7121061867775103
0.0
0.08051116623719293
0.1774678957332365
0.3333333333333333
0.11137676456581494
0.0
0.2620045774952923
0.0
0.31616384862134267
0.21429812116798896
0.3808988350184116
0.05519637782262401
0.0
0.3072506405762356
0.18980338031582686
0.3842528385309446
0.06904061827907194
0.11506378051526511
0.04868945187953424
0.8936138660607303
0.19955225497514417
0.1967907469691328
0.24633483801516767
0.38920769523516946
0.6864231493941731
0.4634031320877329
0.1951982330225151
0.2636631593963913
0.131318890316092
0.8090683744347215
0.1658907865629344
0.4065403895190375
0.10249128118027298
0.02066053160261392
0.07756993075132043
0.195327326369052
0.0
0.5577379410363614
0.10796512650253581
0.4204755889633975
0.5634608943638636
0.23173817299480787
0.38704026236086464
0.0
0.06979002234253116
0.18342032394373448
0.4716520271921188
0.11137676456581494
0.24090885677657498
0.34325452463930733
0.29294792653689594
0.11350091611658858
0.369266628808059
0.405618184969443
0.1771193737373214
0.09242447655675837
0.16102233247438585
0.2777821048724147
0.4273013931298811
0.15421192671724154
0.45040749373817424
0.31799121418130616
0.3105109411240629
0.12696627833947052
0.09776450620326618
0.7227265703297249
0.23724038488674432
0.3822890468381324
0.24141423540011062
0.5120390603649159
0.11384943361155521
0.500030613040867
0.30617210410128026
0.14149287462142301
0.21327415386060972
0.11617084209827994
0.13413972286562223
0.3669005491686464
0.57553008630748
0.4533510913607627
0.6192805515962008
0.259121756264292
0.7866233031831553
0.2364212262240513
0.207847468610342
0.19725078642101201
0.642688124716949
0.22953464473742968
0.22929026436018454
0.05491392091050475
0.3346496454083718
0.34907688041026763
0.25690899552195046
0.5029134342718673
0.2607357040353132
0.5125203939802757
0.4425575711516094
0.3426328071513696
0.23354704934078319
0.16156836423693866
0.3413880915364815
0.1052161521923789
0.3310843240152709
0.41959743489341933
0.12411356085261822
0.2025950559514474
0.5087403028156019
0.2895983086561092
0.9026210962409316
0.4618119406927834
0.12063981958727302
0.2538593503343168
0.5285099196216742
0.15791353912304845
0.4343322622275161
0.06322086088585509
0.271901639403262
0.1425829071020236
0.40888063897873117
0.702097646260794
0.07440601425705641
0.0
0.29659014097520414
0.0
0.21523203455192866
0.0
0.34907688041026763
0.37330809231866385
0.22510787533846538
0.280259523066399
0.496647374477684
0.0
0.20817390218197748
0.05319306696963481
0.4550568848715059
0.33462922187913463
0.4999268486847746
0.1696238626357336
0.3299453309869156
0.2626161153590331
0.1627334603602001
0.4253864555392833
0.07784901644692772
0.2204022842490909
0.0
0.6752676334463013
0.0410518450036729
0.13164048768570766
0.1587330473488744
0.38356636845265696
0.0
0.05757351851829737
0.14770468904724562
0.31920241970650187
0.35764509718841964
0.16280058650917534
0.0
0.3741855367795572
0.0
0.04373502467722413
0.5848900942064181
0.5115981894306814
0.0
0.1520532770329502
0.3730548019209087
0.19599331722608684
0.10305810046614199
0.3031246606295382
0.5124081576738544
0.48183833333532367
0.3245273041378043
0.30272898557104383
0.6594058607569
0.03632484668661443
0.23624874526204417
0.28181830788953655
0.07132875583804099
0.488111378746671
0.28911556841607333
0.0
0.2846438814537991
0.16520887730975475
0.0
0.38028225841624874
0.22669024703493865
0.0
0.0
0.4397971144662308
0.43815443212453076
0.37903629025223184
0.26734460714180014
0.09924604793034449
0.39633006241147684
0.49661976907834626
0.14895117686960302
0.3878496537566022
0.3963476358499585
0.37394629650395217
0.24064960295610305
0.0
0.7971388148067202
0.0
0.2737942078191836
0.34545668487730374
0.457505355361677
0.3581809440731626
0.10295181789582004
0.32589826401244254
0.34700614163771937
0.0
0.21043728004422568
0.27586283292161096
0.2826335015642233
0.22101647567463764
0.07032929946411434
0.25766563275174026
0.4199181314430579
0.22520080212455615
0.46433540981798427
0.0
0.37720786842457815
0.4425575711516094
0.06979002234253116
0.17078051609446676
0.11506378051526511
0.1305690059916895
0.22162566847902504
0.20712185483721585
0.2769178179471982
0.6312356870725394
0.09094674974798361
0.16008682830443552
0.2739238117894884
0.31557426276088346
0.220279932707644
0.526614315101878
0.33916020187706797
0.4991462013203997
0.2787514265095359
0.43565971490503025
0.0
0.6683577259999054
0.07195839959923071
0.16667253957535078
0.5599069312344984
0.16174285250522355
0.5570663400920933
0.34907688041026763
0.10159378288464728
0.14537063780594262
0.12511857833114962
0.3386612126801897
0.10429890562666966
0.3242886971641243
0.24614232971165542
0.10611747842312999
0.02802224444249224
0.04868945187953424
0.04661432166865291
0.47434271540268186
0.4657909669870153
0.22772971696809982
0.2020831070863588
0.2017250947326392
0.23892741873241602
0.05193442263146365
0.12057019870755653
0.47105305133225034
0.09556234525886517
0.5531464693911909
0.08804177011600667
0.5890442456351046
0.0
0.473108023778415
0.0
0.03632484668661443
0.380536290633792
0.42466194388914646
0.6992148250297936
0.34548630111666345
0.5442187583796582
0.1127611200670381
0.3401985064778129
0.42857142857142855
0.37412989602316143
0.3970890642903489
0.2976530584669072
0.31591754543215217
0.623804083330867
0.0
0.2576401780777366
0.2097466135881705
