0.6000980066567335
0.5404957844672963
0.405075762086542
0.40330464800283594
0.4176529222026218
0.13656435598980968
0.7810436800521698
0.7508872971567183
0.48938003928305773
0.6406427112110122
0.6498290342107088
0.3383001963975636
0.35811116606265936
0.522302802655912
0.47897815184584097
0.34592602369816855
0.31279058101608287
0.3871935439926843
0.40957613178415936
0.2902932485610188
0.0
0.6390131077014038
0.6031684342436059
0.07930431517431102
0.4226482021131218
0.5444671117090454
0.3482018629556117
0.4091657016642179
0.13437912641445154
0.5476243969925121
0.6843183149301802
0.29025978581242373
0.2486838312710933
0.031697299168604545
0.47725472862128704
0.5440456906485684
0.5818826058348229
0.03683186927370097
0.09019475822683527
0.1931259212755987
0.38117340848384407
0.5042449880234767
0.5046793769070265
0.27117208061775466
0.4031618772021896
0.5494418626037697
0.30668508153027596
0.5474999513553378
0.6041883447224529
0.37815204397706254
0.5405608667826057
0.0
0.4925244896345652
0.4488806707426475
0.3820152672518882
0.2500907753216703
0.9003468824282432
0.23412631903380174
0.66846148845013
0.44961488208886785
0.5569546741337238
0.11142153755196184
0.6864263575382954
0.6656241156385818
0.0
0.6789858767743155
0.0
0.6964927467107023
0.26108754816009005
0.7016242017002865
0.34802002205415067
0.5086735924068119
0.4362921423053322
0.4282147769430724
0.16331250250772203
0.3395413534570779
0.22027198009093105
0.6477258635321519
0.29239090435313847
0.18611701387045423
0.48172146313010966
0.4904688394859594
0.5413817225236733
0.14684303686054773
0.4289999239455463
0.1585551190196734
0.4340179242403138
0.23916519365139793
0.03642955799867831
0.20722996853730005
0.4259879386597868
0.1381745495026348
0.3574255166374528
0.0762759540403669
0.42698821487954486
0.25769778417218725
0.5577073177669721
0.6703342622800789
0.16542169167241833
0.4944435779564653
0.07839826893635371
0.49700835427877127
0.11972043117463857
0.34547135780470767
0.506062980570067
0.32535185266501515
0.4097754605428949
0.645181378835329
0.6588408280002156
0.328336061136614
0.20508351338294994
0.2795328742952422
0.06515091609408258
0.3974679696263221
0.5189603640140039
0.15627785957685716
0.451916692726202
0.2691030028262215
0.23045543368076238
0.31475366320545317
0.6515290212688073
0.3870387982310032
0.0
0.39259763533550196
0.2224265135729979
0.2594279825766627
0.30432223571280625
0.45554294499398135
0.23810596742814213
0.5468701225336468
0.49233195670473473
0.3888861342780284
0.0419214060365642
0.2766086066199554
0.44264737982257313
0.4074649739951501
0.5427222201105095
0.603547426713076
0.1518266530624425
0.3217397424120121
0.40432455389553107
0.5191860363104754
0.31285269002248967
0.5035219641261717
0.2847572760611078
0.66738785944892
0.12445416335165123
0.17994176225810013
0.0908213196279071
0.09096005725712984
0.301039278503775
0.5444893242404012
0.5331588759827349
0.7409788017080463
0.5995885612435113
0.24040561620529038
0.2641707201979391
0.4080575511297643
0.03168546115601671
0.22583035746452756
0.5958601634837991
0.31072078397402136
0.35703067102809416
0.44357884011656046
0.2223775717613454
0.5016197589178617
0.44442623342761484
0.5446498217147829
0.15330131714212028
0.11248476310396438
0.31038114104047543
0.7360611627415423
0.17947710414944112
0.6112145719152581
0.7008280929933305
0.38223309256856813
0.12182507665872419
0.6892256978659308
0.6056451581624488
0.5073589133996584
0.2535135451401665
0.5898839785387704
0.5307716929773477
0.466478164356099
0.527311114354809
0.5748717167326783
0.14394863138335703
0.15137066760503237
0.4733424300353195
0.14641498824187377
0.6237969658467801
0.4123384926097026
0.1929115023075745
0.042367767422447536
0.5985351525113101
0.3344849829056873
0.2200917631911596
0.20323893583978728
0.39806277882798535
0.4807672712669285
0.7455193605759562
0.5358012356608891
0.3047756668679118
0.028020606389332
0.6386545726683528
0.5673551370923029
0.46080766441139115
0.2577522293967644
0.5014621379540234
0.5131395613909933
0.5095701702469302
0.17875231895197713
0.5333159218457798
0.3591712045441405
0.3737091694304915
0.1312050740316724
0.19905667941418145
0.7223775717613454
0.4460636736806758
0.5361147805422358
0.39075177515325593
0.23854051928556533
0.6034935460794061
0.1198587263105873
0.7072077163279502
0.44744260803801034
0.34653007879851594
0.0
0.40870471263108366
0.30724148137076024
0.399500283867755
0.2684841257847449
0.2337089017081456
0.27764335913354504
0.5098005534850925
0.45646528177016504
0.5110720897426554
0.6211206095502061
0.4552240744498587
0.13943787392972506
0.2917254005608189
0.5784887202074123
0.28361530539936847
0.12876327018365644
0.6926158886556384
0.5006084159516788
0.22948244215427577
0.4395746374232734
0.16780796870600612
0.6417349738318022
0.33096358982572005
0.2482593783969477
0.22568558629702737
0.14177894403054048
0.671369560748014
0.10673691509710677
0.0
0.18952139243055438
0.09058660002429673
0.054555028988525225
0.6839606273406873
0.06362078691860773
0.13388208601485274
0.33282361653783926
0.8325041583157904
0.5037427399759354
0.43970532785553235
0.09478836774187899
0.3512470794547413
0.19975733492188205
0.4549094607127794
0.5270374491184535
0.2683450976345188
0.7171277245327302
0.298998944310323
0.33306587739203236
0.465455231712414
0.1608386100431456
0.10759624614199241
0.686874496803368
0.5595540620553802
0.4406647889014842
0.5054501299239675
0.43987566818625806
0.4669800309210217
0.14672784322064736
0.586985282354398
0.40365489696392526
0.4633654015491679
0.25180015540025996
0.48211923105502585
0.38217983018132345
0.3790686269847499
0.0
0.16168440163163414
0.222924542193948
0.6000064810112048
0.43308595028924796
0.08184396652103153
0.2845160807624767
0.1353921325704309
0.08033041422645933
0.5805118448334347
0.24819223237379548
0.4945143556973157
0.27151738978718143
0.4005183899083837
0.5973589295058181
0.5967012971264448
0.3385444168012323
0.7471786175412398
0.36899403448183377
0.2785596875535355
0.3304251435510294
0.1661717098572903
0.7325642606119033
0.33550064582713546
0.4354652904232291
0.3352702807694953
0.20805013852702012
0.30176944584533405
0.3591712045441405
0.3296577814838151
0.5195593560746988
0.40597323509383954
0.5802422499970565
0.3535305808456315
0.4729037940319348
0.5490200682226717
0.2764670005757344
0.48329574331560127
0.2529340867721703
0.26005552716768904
0.0
0.36623968710299143
0.44872540512889164
0.44760442825969937
0.06969137288114338
0.6098419894393047
0.48719331209448713
0.1313122415200951
0.4302556710807273
0.4199459085245629
0.31577387103963933
0.5083196568042615
0.3729144239776933
0.4531975460905973
0.46616203452678484
0.2488472114705758
0.16206913296171355
0.5452277744024787
0.3274908325710889
0.15452904584673346
0.32732331824126987
0.0
0.5547493059171978
0.38758760487536925
0.3960045699576512
0.1684730869280221
0.36537955752132467
0.27754172327978943
0.7030957635043933
0.3538371672749456
0.16842717722103237
0.42738079446329896
0.41716539780145334
0.272906503876793
0.6358051047624531
0.5707563714589619
0.5377544083123901
0.0
0.3354870450873311
0.6997844336703004
0.7119473128090965
0.3669356009399634
0.5238160827840916
0.4656855273559251
0.48787104918870206
0.3602448650748319
0.645539507960153
0.5146240994653485
0.41970880819129097
0.545450154170569
0.3216285359498371
0.5634269739324188
0.537542819984069
0.5941990870195484
0.20097847232608718
0.17602900606871558
0.48105764006778523
0.04439937014166628
0.22398861912110332
0.23178586914812455
0.2116735437697673
0.4375791460677195
0.32370697052701775
0.5446893662762599
0.023656362042295424
0.34570198166889515
0.5425715575168283
0.3994518778692234
0.182137776120226
0.4581697736803202
0.617586297240874
0.3845170023389927
0.3481999938891383
0.1913083397298517
0.42441670499564815
0.6725836387584839
0.14984799401178897
0.4342391725202806
0.3125833514454008
0.08514311503365664
0.18754767621189258
0.42704515223501105
0.6228777947940264
0.04510158040616892
0.5360696018830063
0.5719230912359956
0.4425003890033272
0.19963505978416762
0.49086545162720724
0.46327058445090136
0.47209495681420144
0.4375324296236358
0.5478606862135204
0.07328439862705116
0.3098130653391544
0.7333787517368473
0.15616888859229439
0.42517634148858957
0.8058349373906039
0.6134064514066744
0.1439353260053515
0.28754644560871784
0.0
0.60059751454765
0.3579576237561874
0.3482674852363779
0.1917203455013912
0.4223772640375254
0.2400560405877855
0.35416786653720644
0.6873228573215497
0.40053795653456814
0.0570506407085817
0.0
0.2947140121328335
0.2206970719141414
0.23405718487183483
0.5404127472221645
0.4917746110199044
0.11933916427518577
0.4275505537248827
0.06684845648496719
0.5712068016210254
0.5266904251445201
0.33728185804562144
0.3396210182994552
0.09466761962137142
0.4108122736998747
0.16633050598576204
0.4217306603656548
0.4691872788203721
0.5640096321210983
0.3065735936544597
0.0
0.2712386259640666
0.43272294108973586
0.23440651666305853
0.573274550449682
0.5458315718216998
0.293334854276742
0.3939720204717702
0.6180137416852952
0.5478218588105538
0.5588841395713067
0.11884017248950553
0.36240344291506965
0.26179349776062755
0.8355517498927564
0.031810393459303865
0.35050301150393354
0.5066762359212398
0.1993062351435135
0.18660113511020437
0.43220441484347094
0.1019765124150889
0.0
0.4828918673347685
0.45282028652219003
0.6080545015540922
0.5573678842474172
0.07394398508936902
0.16168440163163414
0.2710693678615453
0.23938325486237497
0.5257290076087007
0.39509082600588535
0.5622602772350915
0.5750197425095956
0.4055063799227327
0.22321146601608616
0.24573876665729605
0.0
0.0
0.10972431012059186
0.0
0.570335874588645
0.3485052901740691
0.0
0.5522164686573071
0.49953279476897533
0.07634325471557377
0.5496183193939052
0.2375253110335637
0.39256393453526484
0.4566278701496305
0.13792357763823274
0.21782792892801267
0.3509810672633952
0.27564318563079215
0.6567283100310504
0.47365336465298663
0.3912320890367751
0.2922371425493535
0.5067882107289331
0.5802630821613409
0.5587270907992807
0.046815990215187044
0.13580513119572377
0.5409397601853356
0.6949618073161892
0.395853166169208
0.5238487550972537
0.7145155082112005
0.17912796504168335
0.33516612401363144
0.5599349204761973
0.5500205078421739
0.365658418462261
0.4087918061580724
0.28428460518840215
0.32976276523976306
0.4292861215202671
0.12422240724385261
0.526923028613875
0.4046067825218218
0.41617276858358654
0.5444439025042008
0.5060180983264252
0.6169922974900403
0.2513539399880258
0.6131471873089194
0.0
0.513377142097957
0.17583867465790856
0.3762627917179422
0.08382943770638336
0.28518941674892234
0.7408186053994085
0.1395294642167078
0.24573132982048557
0.4743863494960142
0.5015884984414084
0.4861787336846152
0.3219505882625432
0.7059135872200374
0.4655246866886111
0.37007357932231905
0.38548041040815667
0.3562578340209493
0.4177962945497017
0.4844994118975715
0.37455122662183643
0.28562485883273436
0.42973270978462225
0.3290239976550962
0.4420576353281791
0.0
0.45030771749480936
0.6380143407881156
0.5493889348716419
0.48626497979366456
0.2897288599071607
0.4674959809406227
0.17222619912931916
0.5757360500738142
0.36427539335514775
0.3257337839063695
0.3594103264595158
0.13938274576228676
0.2183443137954398
0.11810888206027363
0.468091922995018
0.6261459215489561
0.36135270246976886
0.18865890336769134
0.43957769811794833
0.5838802941996725
0.42473077690291766
0.2786840813232248
0.2594515543096155
0.45422383674812244
0.45616747507949884
0.09131359494738221
0.3446475287313547
0.31588871006563146
0.297189147114452
0.2597828892144981
0.6753419520152808
0.0908213196279071
0.2024832320263304
0.0550128695176297
0.24239123852391575
0.6011098571655381
0.4674688848242701
0.30024339157219526
0.2927136228446099
0.6797171200674186
0.1923828660564972
0.5749524184119207
0.32939144496540435
0.5288709293924168
0.4846193730446389
0.5852644807565014
0.3855807237029785
0.2161590657745087
0.40378919259981966
0.6216966925430002
0.16944064770015424
0.4067759126507941
0.3956920442320027
0.16813682101107427
0.2548346678089954
0.41083361357861875
1.0
0.2925909894190091
0.4863918610438438
0.18850664169495826
0.6292755186188403
0.42501831547672675
0.13935149263808072
0.3401132703018247
0.3275891019929354
0.5575541569859033
0.3982414367161845
0.33371859715651764
0.49099823777107077
0.41540112581903055
0.47074873851772914
0.24637150891937706
0.4789851672825744
0.6267644118772785
0.4934728267221633
0.5001643407213328
0.5180752587365961
0.32275498308187556
0.329367221571051
0.5738512159431043
0.6223853510267237
0.22629166905463569
0.14982419994744298
0.6607969144317962
0.5079971569605518
0.08785941661573779
0.4712177764042997
0.14866909014784066
0.5144427834557121
0.46983423437446836
0.7167795813052786
0.48446389621060393
0.1341434771499871
0.6272067492807415
0.704636356895248
0.5381512516948324
0.47373801355522593
0.32687845742456656
0.6711540415599742
0.7449548116492659
0.35333726721501874
0.5241486111791425
0.48677944948464635
0.40158802589279036
0.6623149788023465
0.5645031919642107
0.4474882147956661
0.5612361731510986
0.41227704182347175
0.13952982159487645
0.36882253239645596
0.4705190340946639
0.5426588934676644
0.3268939330082056
0.21189589592682456
0.3169882068386602
0.3343781391022783
0.47188431143568854
0.32583369332361334
0.5194763910528067
0.4096373799735931
0.11058437324290965
0.2324858228096686
0.6870225225802853
0.6022374178435389
0.2410260036101187
0.46871533915956337
0.7251744948748339
0.2404083101252264
0.28160795752960477
0.2301924804190617
0.5207315270425547
0.2554358159263516
0.5865044241620179
0.48142050909361217
0.5793584755686098
0.45307626277499896
0.5752278148315773
0.3687181144818601
0.6081275326019736
0.5986659933385583
0.06978418968337607
0.0569065578905831
0.3451944654003234
0.09856823212342992
0.41302852180446736
0.08097408648752973
0.2731724114428011
0.08494489180122011
0.4287528103154111
0.3261752733059829
0.5962393877047153
0.41724140690441286
0.658108692828684
0.26101733311676
0.029843012243696915
0.17115228020730977
0.37962044525971117
0.5787188421157382
0.08841930598729249
0.7247087185984358
0.03922476184466326
0.3903516119723419
0.47039597280681045
0.6903737641111832
0.22332482311720409
0.6237541205649787
0.3470857789944634
0.532376658536833
0.6854858366415332
0.6161050622881713
0.16698168279466305
0.33431594331906556
0.535900966669732
0.2907334725938909
0.4678212065069947
0.6014729802860888
0.6498427104100735
0.11663898409219275
0.4142952907783695
0.6474016975695251
0.0
0.24647554972385333
0.4147966064222115
0.3561868264700065
0.21596285732586246
0.3125753192605984
0.7018712970823954
0.0
0.08097835889064542
0.5457549853042749
0.0
0.25577320754630944
0.4274967800692332
0.2782039482431218
0.5787863139108712
0.5619968830215376
0.46928004651619276
0.509119796716984
0.3920619663495434
0.26708256130936836
0.3565809599182645
0.5205925609154778
0.5148350721948295
0.36386183138660544
0.4078218106616127
0.34831123528929275
0.7544098809001686
0.18763177022239955
0.31368326064946
0.4748333948074702
0.28912549217709926
0.5621973634819384
0.3403801715175378
0.22204866166626944
0.6955223671048493
0.36251597366799143
0.27893283781994077
0.4744819991505121
0.25748598838217734
0.6005985213295683
0.670319770278002
0.423107927503306
0.6092098148240982
0.7182171572999821
0.5265897252103223
0.40630125000878486
0.11088987965646643
0.3013955677261862
0.1555000894441553
0.8368937604067217
0.7206778338585861
0.16291598715010208
0.45688548130210815
0.1625158854040914
0.5505394176065437
0.4088655682925539
0.236687446617082
0.4924707344611496
0.13231098204531144
0.42971407706957976
0.5870646985300173
0.6451977181684064
0.2544193327731956
0.4486825673058138
0.44441805239756543
0.29759862654131
0.0
0.24051935706356958
0.3292503147661561
0.20899572315328702
0.3453002233189709
0.21606903232975727
0.7107386562933706
0.26953663959595175
0.45609360184880016
0.3351440852672426
0.4441763182770959
0.38752956173625497
0.5107146376812025
0.6726589995891077
0.035331264071810815
0.13866850654800575
0.17956779688524482
0.5109435897984184
0.20746329869388558
0.0
0.30676554687144136
0.0983363981955384
0.38485446063931084
0.42721536084000505
0.6043205170911189
0.13622116161016654
0.04029064895341392
0.5398948657354459
0.30252593794150395
0.4601143410302866
0.15627785957685716
0.28660831933398995
0.1942848078916646
0.7735535072664395
0.3206653836433034
0.48241992174972953
0.3321764909115811
0.38078690507708984
0.6339659321306322
0.5324043184028558
0.3323880820869446
0.359093584814109
0.275254430058733
0.7788148087771442
0.19152741387533107
0.48162274301622693
0.3426354905016795
0.21224692765056938
0.28653893021987664
0.544191943350099
0.06625422567104446
0.6010015419142957
0.19860455038846828
0.5703833818116858
0.5788756672351674
0.4625596327365066
0.7088899902555356
0.16945985366730756
0.222693660273204
0.3942868144370342
0.5988404143567766
0.24321684834599175
0.44923339308040905
0.5213824798980652
0.41204537253252244
0.3714702612918911
0.44906191122745326
0.5393613015926946
0.4282607102020845
0.2829729510742269
0.17907044880387668
0.40109506380743604
0.41882907232161976
0.24825392997014867
0.5044740713182192
0.4102526676015662
0.4593925648920375
0.17763102680455203
0.4327156615967976
0.704837889232947
0.4482115803128154
0.49808455419942443
0.437150270580949
0.6779733825052602
0.3254491266139831
0.6006332000614863
0.5961439029559249
0.43913433802760327
0.432948124865384
0.34654091111633184
0.2550164244030787
0.6431791516370007
0.7638111004900616
0.6062252817140144
0.6505490414873586
0.3077704366335708
0.6634587268559596
0.44188076727825837
0.44922235920766584
0.36023333755198705
0.5688228066021825
0.4619807089212708
0.41346230532070666
0.20273281515224775
0.36125016136312815
0.6286212608238813
0.38821185630334004
0.5035875413430246
0.30688378213516965
0.5662955563402295
0.5352781685636492
0.6271860008262735
0.23358574808334207
0.3499603418843623
0.3762408625995628
0.1673546309635555
0.4342831573762691
0.4189835593210365
0.2596134037426496
0.22547614862757184
0.3632647576222616
0.3320456047298196
0.7824939931247955
0.5538430992198743
0.4177265932801985
0.30085982952993134
0.5529309788602662
0.4681245149609907
0.4458040744700772
0.21600507324566856
0.3938131103998478
0.30879592512178256
0.39637709903650914
0.7540414808664672
0.40169475836287616
0.10878180485217798
0.40335365746828394
0.1258383468501181
0.3411767848339997
0.0
0.5933081849248635
0.6499174523344495
0.3133344475881243
0.37133630713974974
0.5853871738933838
0.06835659942413011
0.6355570437970173
0.16971453119285226
0.5685723714092502
0.5297947756723265
0.632267092351514
0.24393688538678251
0.6429774558624953
0.3109560223861132
0.3880174977362638
0.6379543601492111
0.15327447913290954
0.5673218524366195
0.0884104864819871
0.5755977847108377
0.05886610457261094
0.1324043751266432
0.39293726219371267
0.3151625523743469
0.0
0.14569052208001945
0.472656666827641
0.3075337954474965
0.3396367995616313
0.3511219725760292
0.0
0.4244738205564208
0.0
0.1438131735299935
0.6659879793295868
0.5430452737474012
0.025767834994824653
0.37747380885713006
0.49244607626216635
0.4099362658928007
0.23656794586602578
0.34845906311931585
0.6355462948037606
0.590383280647547
0.34862922171474786
0.5131634711481794
0.5485620936702206
0.17554466072001418
0.3597098790708542
0.3308046646483932
0.14531231864710573
0.5791641625379768
0.4313859213058205
0.0
0.38381202211356785
0.19961799353282286
0.0
0.37951031754086706
0.46508187710247506
0.19342640634554034
0.10026710269348364
0.4531426891148469
0.54443236971111
0.5998602267036749
0.3569576324840095
0.2801873201940202
0.6288347306938884
0.4592569568425575
0.2203495242879714
0.41992998677641
0.4665218563261821
0.5042560249182426
0.2784652331596393
0.10704185858062974
0.6554314142595249
0.047264273863216376
0.31470760578514123
0.44949944732516195
0.5919194074371421
0.4084734020492686
0.38450031697076503
0.429616015448981
0.386456807317993
0.07839826893635371
0.4474699777724856
0.4417405641335762
0.2444521855815952
0.36920029583887337
0.253047220139932
0.37147784046647153
0.5515800648283053
0.29081957583986
0.49163965214002553
0.09984548956565263
0.551122639109661
0.5101641681198489
0.19802531871516235
0.2914975992449713
0.16651501070143349
0.4337474804377295
0.4922648017357646
0.2629953421058023
0.5418737181443829
0.6469550325336946
0.2945864230722178
0.40633092453702846
0.31889564866528697
0.2816974139274902
0.31538974168739414
0.525084376982574
0.32909997211992625
0.5194314703004065
0.4346926167808312
0.5346588950213971
0.13818694144390012
0.7167659604055113
0.22302476681122066
0.2785054112408223
0.6176618119175
0.26803677283669436
0.6377409494889017
0.4716750506020456
0.10218331438963532
0.4597807626632672
0.29733293891453616
0.4298785709804344
0.2392664519193238
0.43225297707112353
0.49882988901080344
0.21103277531003728
0.11817688964240847
0.22331644251045815
0.24218002002268815
0.5154754271838353
0.5848443681348722
0.2913215168522555
0.19031326138468466
0.3103671360222279
0.5296434191068321
0.19418264785342532
0.3136181256320492
0.6810830003072793
0.35796280227732835
0.39208132113440447
0.21139921298568712
0.6215489455340244
0.07643958572408002
0.4488710111546204
0.07839826893635371
0.05772995757298099
0.5060574202663254
0.4305242606496485
0.6341483578715261
0.5775469792360559
0.5824238209393685
0.24002505386469228
0.4514639198121827
0.5604776639852682
0.27411759401638014
0.5100486917590461
0.6099428417878342
0.4214414182551766
0.5820303528437987
0.0
0.38903674218913387
0.4140308492331067
