0.4150209026552193
0.27061440171614737
0.11045198236772019
0.38356636845265696
0.4834816783786919
0.020052344998013758
0.49419892100951524
0.8034836358015884
0.28497087128414356
0.5889993891032942
0.45441996400303847
0.2735291577806688
0.24592480766734692
0.4745518963558666
0.4836345757857873
0.15423269348313773
0.09735731788467095
0.14550537199330238
0.1780429336720688
0.142803106553681
0.0
0.49661976907834626
0.4273013931298811
0.0
0.2133151256157581
0.3277691685225153
0.11622247352663043
0.2060667184919411
0.030116110055608086
0.2422241013162041
0.7276691553778617
0.34519134154579534
0.07897960260470405
0.0
0.4294446628485693
0.4300930902751271
0.6018359212707252
0.0
0.07817641598004023
0.04254433881932042
0.16049402645835775
0.2785242140906561
0.2394573148972877
0.2695222587808645
0.20125603660955896
0.5025393581415002
0.2895983086561092
0.3868376126746849
0.4703235184081204
0.21398626751412297
0.4120297977538803
0.0
0.509171657759625
0.4832024104287762
0.269876476073744
0.07784901644692772
0.9125299506455518
0.1316228842163818
0.6666685276650474
0.38940485822691745
0.3049677880500563
0.0
0.5505226976541452
0.6215946198189175
0.0
0.5720287703169764
0.0
0.6691427287773887
0.2873629150257103
0.3236406007605821
0.16918467688868388
0.49292180159766874
0.3113960147459182
0.3628198877310713
0.10796512650253581
0.2133151256157581
0.07187669625087216
0.6686854815479204
0.09118686347588656
0.05975464991340508
0.14680398863075875
0.2541542656395554
0.42857142857142855
0.1868758209494642
0.44437635406944687
0.0
0.31216692978695204
0.3828952265542921
0.01745857967057873
0.09560418993925308
0.17304722133905281
0.04868945187953424
0.10080069924160998
0.05319306696963481
0.16689152497757065
0.16375323239479936
0.5412521485346606
0.6823188321024485
0.04574693472961689
0.4394219268671367
0.0
0.4897861660705418
0.2133151256157581
0.3062794133654786
0.28536106693384616
0.2687815619717727
0.12001820771757524
0.6134648640203729
0.4261004389448569
0.34519134154579534
0.07132875583804099
0.1338052951218553
0.04460176504061843
0.25656342113716796
0.42504246217690383
0.06904061827907194
0.3103354805556202
0.18909072665788298
0.17159048082810976
0.16667253957535078
0.6243301878484294
0.2846438814537991
0.0
0.4020098003779063
0.33916020187706797
0.05912705637591624
0.13302782339591465
0.20581935222626216
0.08237088136575713
0.19955225497514417
0.26492590757536655
0.26418584209171847
0.0
0.1127611200670381
0.10163008430577639
0.19435759472403466
0.4542239823923331
0.5101716734086997
0.11305340062568932
0.37042687220253984
0.26412531034802
0.3938807934253296
0.17299334017825427
0.3197257670356911
0.05652670031284466
0.698404230894018
0.12785545615088564
0.07923337194815089
0.04373502467722413
0.07784901644692772
0.2670747974596704
0.33585079941074175
0.3333333333333333
0.57553008630748
0.327969497901168
0.08804177011600667
0.013267296802194501
0.17983131924840706
0.08406673332747672
0.11137676456581494
0.5059073248033296
0.10256836639795916
0.08080840848381714
0.31735759297679866
0.1843821564637303
0.19332294534948216
0.4463867339590227
0.5599069312344984
0.11656431258510062
0.10897454005984329
0.4591784095946432
0.6746718329027146
0.11305340062568932
0.5289635821928947
0.5329059013184336
0.33380012998311975
0.1312050740316724
0.5806434423187238
0.35510748584250185
0.41048895771510896
0.14149287462142301
0.2513606181440024
0.15507597983874793
0.27922839613374334
0.1298467507052219
0.6096731697040356
0.09386383014061808
0.16266408354864273
0.29175588045439577
0.0
0.3143122765995335
0.3013143360211476
0.09354409406488638
0.0
0.5008226006712928
0.3127804212889341
0.3270396681398123
0.33916020187706797
0.16358057299783876
0.19035648832481722
0.6790438494889128
0.4681262355738447
0.1503012727892788
0.0
0.2538852142272101
0.5157051099074879
0.1689607103740424
0.06777913297663617
0.2829031843469285
0.4825598152840816
0.5101716734086997
0.06155545769948064
0.2611321361538678
0.220279932707644
0.1886250144726683
0.0
0.03352774811888721
0.6568190383437804
0.41048895771510896
0.2400488364160287
0.3741855367795572
0.1312050740316724
0.5854902825057394
0.2577212921913471
0.5702649993212641
0.3263685262414474
0.21099564385212372
0.0
0.3176588364667125
0.13946559205936707
0.07132875583804099
0.10128377319711473
0.05410259356539353
0.12389007127460513
0.5457876653626822
0.21169116381604733
0.325321895529589
0.5242382160926865
0.3458376684207971
0.12907565118668263
0.13124701695321142
0.23744372688845616
0.084311649796642
0.04084095461788239
0.5557592362470787
0.4582447421714847
0.1765449080304199
0.20609621083396093
0.0
0.4931816938432226
0.1795886696496108
0.14011096957468275
0.05652670031284466
0.0
0.47419665229688623
0.0
0.0
0.042470132433485644
0.10526601925033115
0.0
0.702097646260794
0.0
0.05365266332451218
0.3176588364667125
1.0
0.3178978528629564
0.5417552578285153
0.1460683556386027
0.057840688287791965
0.02426864432438737
0.3463081694078213
0.2941813497403599
0.07833982670862567
0.5948136372814158
0.12350762491537033
0.2847319229066508
0.4394219268671367
0.07784901644692772
0.05105923615251682
0.5890442456351046
0.48148207937507326
0.30331369505594197
0.2939523844989153
0.4603163481427945
0.1519927169129699
0.11305340062568932
0.4820173447342108
0.2895983086561092
0.4349176056867889
0.09023645594659967
0.26564656503301676
0.19451981304961244
0.2025950559514474
0.0
0.12696627833947052
0.09340313160559072
0.5050075786264299
0.2768066330204887
0.0
0.1010415535431794
0.0
0.0
0.40171804185864
0.17044169231978074
0.3160949245639243
0.16958010093853398
0.4126989793748293
0.5348011799918391
0.31898103758495516
0.3828952265542921
0.7698724389694698
0.11071154475808664
0.13434183392506863
0.13527790996163
0.23370070689868291
0.49342639630013424
0.2288867510794582
0.4394219268671367
0.34519134154579534
0.17299334017825427
0.09888166378375977
0.2620045774952923
0.06904061827907194
0.3680077594802776
0.27247155756424707
0.6724935352104012
0.05615600183222407
0.19990225565399783
0.6352914452953183
0.14832635753816129
0.27922839613374334
0.05757351851829737
0.23354704934078319
0.0
0.30078517497020635
0.2188305949147822
0.4483151563658228
0.04897006797204276
0.3356831669996611
0.11650268711760484
0.0
0.330450512102333
0.30078517497020635
0.10159378288464728
0.392439170562966
0.1462139639027896
0.2864304516039102
0.24793503003429007
0.17843226080358937
0.06364385817449529
0.25546355148386407
0.3031246606295382
0.04868945187953424
0.14909712929482916
0.0
0.4509038183678364
0.2826335015642233
0.4273013931298811
0.11137676456581494
0.3405559819953451
0.1843821564637303
0.25940913928592946
0.2895983086561092
0.21398626751412297
0.14970050624920445
0.19274213573200155
0.1947353293833905
0.4658504050806592
0.706352916892474
0.4383607242170253
0.0
0.12078373613277084
0.5890442456351046
0.41613237664804203
0.521801650644844
0.28497087128414356
0.1129736163376412
0.4509488616689633
0.16049402645835775
0.5477863974972428
0.38324755558998763
0.2133151256157581
0.32999154099482364
0.16280058650917534
0.3299453309869156
0.24423808085954946
0.46066402241460264
0.33916020187706797
0.11506378051526511
0.37090227117741636
0.0
0.12425785089611295
0.03892450822346386
0.021561105787939818
0.19600689661854248
0.18294478693134877
0.40678410213919114
0.0
0.2670747974596704
0.4208033826877816
0.23403861251213673
0.16481193764312735
0.29705245078103426
0.6107549177653614
0.4258859070648718
0.08614244741848036
0.020262769534131753
0.17803676746387964
0.661716588757093
0.09080139274188982
0.41048895771510896
0.06325739217051546
0.0
0.041169208305123446
0.3730548019209087
0.6447621075712023
0.0
0.5589412186920694
0.4487174813765165
0.2499201520755876
0.044646664802357496
0.2937541612266313
0.24373980300986212
0.516655034450901
0.26647403091959604
0.36329512946122006
0.0
0.21731460850629478
0.6287585105331771
0.10159378288464728
0.3956869021899126
0.7883023541860192
0.43495198530659523
0.06904061827907194
0.21398626751412297
0.0
0.5133038473641053
0.2010757919035876
0.5395261672636763
0.0
0.23624874526204417
0.03892450822346386
0.13739081052319962
0.5755814281011192
0.25906053018255804
0.015038002750047305
0.0
0.2739238117894884
0.06682356531786623
0.03021322995786175
0.305545754556423
0.42033066000172026
0.02241902315869181
0.35511656757567706
0.01842932092610988
0.32031547858952086
0.40488684130164315
0.09455281965243068
0.12816736304927537
0.09455460622101426
0.16375323239479936
0.14735178567762844
0.3804366840667829
0.36470855470468166
0.526891976221585
0.3065735936544597
0.04460176504061843
0.15678842530291345
0.21398796400873482
0.0
0.19646045663548692
0.4404835845445185
0.1409108653088296
0.3263685262414474
0.6287585105331771
0.3478158896895772
0.29816648977888116
0.022272476893368132
0.31835243526939
0.08045675390393488
0.8180174855446859
0.0
0.20904540224150653
0.4780537185137099
0.0
0.10353471202391995
0.4516859836254607
0.04868945187953424
0.0
0.26320723354298103
0.3869772124151777
0.3848685529453563
0.5069341940510189
0.06767458000488906
0.12696627833947052
0.0985450939598604
0.07415493856340728
0.28321705633839944
0.21340266733461546
0.5277884697444113
0.4322558203321912
0.27051296782696765
0.10132338266745056
0.12907565118668263
0.0
0.05567461685873054
0.0
0.0
0.4284187386162202
0.32958335497434826
0.0
0.3589154882417906
0.5634608943638636
0.05652670031284466
0.422899224366312
0.10169530530449752
0.24373980300986212
0.37572912001934655
0.07132875583804099
0.11677352467039159
0.1684199733413089
0.07608038880943697
0.5091154798256123
0.3894232550514147
0.41658132346557036
0.1718172923442091
0.3642464037530529
0.44164353067403783
0.6287585105331771
0.0
0.047972266399487144
0.4119371496236141
0.7112741326853153
0.220279932707644
0.4499960038375647
0.5210853702054246
0.07132875583804099
0.10299510031613028
0.6864231493941731
0.310990441086804
0.19068632799113497
0.282172742121393
0.5477096209737233
0.1611389186966546
0.3043092555180603
0.0
0.4307122370924018
0.3938649028508177
0.16958010093853398
0.4654330183970427
0.10286122292015565
0.456853908730772
0.09118580029330597
0.6131471873089194
0.0
0.5755814281011192
0.20712185483721585
0.3156484565771367
0.03941803758394416
0.18980338031582686
0.8196294533844933
0.0
0.16958010093853398
0.32289835095660346
0.3333333333333333
0.33245602894470405
0.36780202167093323
0.6244065391803528
0.4307122370924018
0.3155872304954027
0.21731460850629478
0.1715706884024481
0.15774813382808767
0.4509488616689633
0.20301510927082528
0.2364212262240513
0.4143683830982698
0.10112594374215012
0.2687815619717727
0.0
0.22592410028067042
0.2941813497403599
0.30617210410128026
0.2984907644491842
0.08354940540653939
0.28666345363063755
0.1052161521923789
0.5786149689472183
0.3127804212889341
0.0
0.08860273072904364
0.09794013594408552
0.24793503003429007
0.03892450822346386
0.25896340474071394
0.45228817386905956
0.13946559205936707
0.14970050624920445
0.6173953714708452
0.543699421527587
0.41005288266412165
0.12696627833947052
0.37153455436056326
0.09651345473465835
0.24788785098747781
0.0
0.13342832069463825
0.20253382986971338
0.10611747842312999
0.13541287281111197
0.4352826824045455
0.04373502467722413
0.21398626751412297
0.0
0.016741464989059606
0.3828952265542921
0.4020512637640086
0.10159378288464728
0.3064107440708813
0.6534081943812597
0.2463300806286715
0.6534081943812597
0.09242447655675837
0.4483669812903555
0.21191784840171815
0.5574297546951361
0.3323822886241505
0.11305340062568932
0.3028615383280123
0.7112741326853153
0.15684879095627366
0.22445659962588005
0.44088353732526375
0.05652670031284466
0.33916020187706797
0.0851916568007324
1.0
0.20854837085919745
0.34956751132042707
0.06506563341945709
0.41718150670927856
0.17362666535192603
0.08117509754673395
0.2173971114766437
0.06229194031648807
0.2690677899042937
0.5087403028156019
0.13935605900958237
0.19496140737348167
0.07784901644692772
0.31045394211831284
0.11506378051526511
0.3869772124151777
0.5899122468179528
0.5453092209578805
0.27726755112874935
0.2816950956147354
0.3113302614857605
0.1848293422361842
0.4497204409286976
0.5755814281011192
0.18087953379651564
0.13869012504799366
0.5491374689243735
0.5147714424843294
0.0
0.4870993482538374
0.02517082252714257
0.2826335015642233
0.2884115707972233
0.7474189879531312
0.5445235689282567
0.0
0.408000688385941
0.6765142949895528
0.19076147803930169
0.2976530584669072
0.11952002250719833
0.5655714949708976
0.6067846736827663
0.15672801429889266
0.2421850071567785
0.5952514491522132
0.19623543693913043
0.39411246510716336
0.33449133646549556
0.24957078590674045
0.3976972820794884
0.1665050999462079
0.04792722106960394
0.22937429602292045
0.48372996190155515
0.3251313927336044
0.2198040420199795
0.15568835172074724
0.06751016354591252
0.28666345363063755
0.38324755558998763
0.26647403091959604
0.3842528385309446
0.3161882999990135
0.0
0.14735178567762844
0.7994765500198624
0.4618119406927834
0.03352774811888721
0.29223865110889735
0.8594940005773648
0.4198233432418755
0.2091905908914304
0.05923640516466531
0.3917766252272891
0.254273926806301
0.5800690586536429
0.23128850043298943
0.6336029441102696
0.2187411245282764
0.36542977060757115
0.34519134154579534
0.33653894658886596
0.30885545368746015
0.07817641598004023
0.0
0.21520353716672486
0.02104323043847578
0.18856346400081891
0.0
0.2830606860654497
0.0
0.1733666701089652
0.25541255733949614
0.32389537950760744
0.30645040962310666
0.5035777479782697
0.22772971696809982
0.0
0.29312031151796925
0.1994185346818216
0.511318860900127
0.0
0.5662017568753507
0.0
0.38356636845265696
0.44437635406944687
0.5329059013184336
0.029790235373920605
0.46308169407821287
0.03503511270557729
0.2446904914745953
0.8021806089797932
0.3868376126746849
0.02816744847313275
0.12785545615088564
0.3760560745062611
0.13935605900958237
0.559440134584712
0.6534081943812597
0.3294451582045837
0.06229194031648807
0.23777930141938705
0.3985849767758458
0.0
0.07353877749776133
0.1884041121367339
0.2182695528180682
0.16958010093853398
0.13946559205936707
0.4601228078337378
0.0
0.08051116623719293
0.337577471411965
0.0
0.029501206901572284
0.30812392451949716
0.09261893120184464
0.4463867339590227
0.4601228078337378
0.41950381024879596
0.4201014994262939
0.1182587003890919
0.12696627833947052
0.2168608071190556
0.29594050988037734
0.48516733143393664
0.1405781010008848
0.16003377621236012
0.1765449080304199
0.5634608943638636
0.2964428374494431
0.1931762520110366
0.316975648313362
0.10026172499006879
0.5349436662539491
0.10324665290424641
0.4670156580279536
0.11677352467039159
0.15183531618124196
0.1503012727892788
0.40171804185864
0.2741510480716487
0.660839798122932
0.706640720978871
0.09293521675994484
0.36414245982666027
0.6878525248018376
0.28404648598392856
0.18130717774279406
0.27247155756424707
0.13946559205936707
0.06257258792072065
0.628371714101073
0.6641638617500193
0.09023645594659967
0.10371448236289421
0.04841471806696002
0.4759908450094153
0.37572912001934655
0.07375667362454422
0.39943783590371756
0.10702989239380509
0.32197462894140755
0.623804083330867
0.3180250653044748
0.2133151256157581
0.4670156580279536
0.3513159543768842
0.06934854736921958
0.0
0.6062493212590764
0.32958335497434826
0.14723431709496262
0.2846438814537991
0.10987225670690651
0.4454648977425013
0.1804173828448869
0.1556405111105746
0.14636885115837364
0.29540568001895257
0.2182695528180682
0.5119891319397846
0.7121061867775103
0.0
0.08051116623719293
0.14735178567762844
0.2846438814537991
0.07784901644692772
0.0
0.2620045774952923
0.0
0.31616384862134267
0.21429812116798896
0.3808988350184116
0.07103236534107896
0.0
0.25690899552195046
0.18980338031582686
0.3842528385309446
0.07923337194815089
0.11506378051526511
0.04373502467722413
0.8936138660607303
0.19955225497514417
0.20014956772626583
0.24633483801516767
0.4094704647693012
0.642688124716949
0.3948246647602897
0.1951982330225151
0.2636631593963913
0.131318890316092
0.8090683744347215
0.17843226080358937
0.3463081694078213
0.10249128118027298
0.02066053160261392
0.07756993075132043
0.19112267440297787
0.0
0.5577379410363614
0.10796512650253581
0.4849808769931868
0.5634608943638636
0.23173817299480787
0.378019117826392
0.0
0.06979002234253116
0.2188305949147822
0.4716520271921188
0.11137676456581494
0.24090885677657498
0.34325452463930733
0.3028567809415162
0.11219999198822637
0.35786094114666034
0.405618184969443
0.1771193737373214
0.04868945187953424
0.10159378288464728
0.2777821048724147
0.4322558203321912
0.15421192671724154
0.6002923380309357
0.31799121418130616
0.35103434379021187
0.12696627833947052
0.21022599823041394
0.7227265703297249
0.23724038488674432
0.3822890468381324
0.24141423540011062
0.5120390603649159
0.061220876827659504
0.500030613040867
0.30617210410128026
0.14688963472599967
0.21327415386060972
0.08738408283913125
0.13865029513285854
0.3669005491686464
0.6762133764160503
0.4533510913607627
0.6131108289770778
0.2826335015642233
0.7866233031831553
0.3064107440708813
0.207847468610342
0.19725078642101201
0.642688124716949
0.21191784840171815
0.22929026436018454
0.08237088136575713
0.3346496454083718
0.3559001565368259
0.25690899552195046
0.5029134342718673
0.04931528251513196
0.5233139141894291
0.4897861660705418
0.3426328071513696
0.23354704934078319
0.1546321661537045
0.3413880915364815
0.2626757193936572
0.3310843240152709
0.41959743489341933
0.15554461902159686
0.2025950559514474
0.3156484565771367
0.2895983086561092
0.9026210962409316
0.33060686666111105
0.12063981958727302
0.3042009953886019
0.5285099196216742
0.15791353912304845
0.4343322622275161
0.05459393783603497
0.271901639403262
0.1425829071020236
0.40888063897873117
0.702097646260794
0.07440601425705641
0.0
0.30738366118435745
0.0
0.21523203455192866
0.0
0.3127804212889341
0.3772992855539885
0.22510787533846538
0.28911556841607333
0.5253022413143175
0.0
0.20817390218197748
0.10923755585461929
0.3948246647602897
0.2804349127304946
0.4999268486847746
0.19462254111731933
0.3299453309869156
0.2626161153590331
0.14181975601883992
0.4253864555392833
0.07784901644692772
0.2204022842490909
0.0
0.6670698538592429
0.02802224444249224
0.13164048768570766
0.17021690744688697
0.38356636845265696
0.0
0.05757351851829737
0.13862447703114933
0.2626757193936572
0.35764509718841964
0.08264501001143001
0.0
0.23307160834326454
0.0
0.04373502467722413
0.5848900942064181
0.5115981894306814
0.0
0.1520532770329502
0.4031709119765168
0.19599331722608684
0.0894351520726379
0.4166158163040628
0.5124081576738544
0.48183833333532367
0.3196744954603468
0.2824662160369121
0.6594058607569
0.19134362460196475
0.22772971696809982
0.28181830788953655
0.07132875583804099
0.488111378746671
0.28911556841607333
0.0
0.23307160834326454
0.0
0.0
0.38028225841624874
0.2529005394952424
0.0
0.1437816632088118
0.4397971144662308
0.37308879870507367
0.33653894658886596
0.30753036157900937
0.09924604793034449
0.3242886971641243
0.473108023778415
0.14895117686960302
0.3878496537566022
0.3963476358499585
0.37394629650395217
0.24064960295610305
0.0
0.7971388148067202
0.0
0.2737942078191836
0.34545668487730374
0.457505355361677
0.3581809440731626
0.10295181789582004
0.2838763993561622
0.34700614163771937
0.0
0.21043728004422568
0.23131787913487467
0.2826335015642233
0.22101647567463764
0.07032929946411434
0.2738559130654702
0.43741214131394757
0.22520080212455615
0.4081046638044104
0.0
0.37720786842457815
0.4658504050806592
0.09118580029330597
0.1765231689285694
0.11506378051526511
0.13300855118425295
0.22162566847902504
0.11677352467039159
0.4366098087705292
0.6312356870725394
0.06278252091198788
0.16008682830443552
0.12001820771757524
0.31557426276088346
0.2739238117894884
0.526614315101878
0.33916020187706797
0.4991462013203997
0.2787514265095359
0.43565971490503025
0.0
0.6496141439953808
0.07195839959923071
0.16667253957535078
0.5599069312344984
0.16174285250522355
0.5570663400920933
0.34907688041026763
0.10159378288464728
0.14293109261337916
0.14909712929482916
0.3386612126801897
0.13006166834091148
0.1638211176600011
0.24614232971165542
0.07358466171340144
0.02802224444249224
0.04373502467722413
0.04661432166865291
0.47434271540268186
0.47826440733632986
0.23624874526204417
0.1010415535431794
0.2017250947326392
0.23892741873241602
0.05193442263146365
0.12057019870755653
0.4820173447342108
0.08321876184787533
0.5531464693911909
0.14149287462142301
0.5890442456351046
0.0
0.473108023778415
0.0
0.05105923615251682
0.380536290633792
0.42466194388914646
0.6992148250297936
0.3459884173571917
0.39547805555787763
0.1127611200670381
0.364641479757677
0.42857142857142855
0.38529251489113475
0.4676969115335111
0.2976530584669072
0.31591754543215217
0.6287585105331771
0.0
0.2566492926372746
0.2097466135881705
