0.4931399018919598
0.3140041384018484
0.2560396654877549
0.2680715027307288
0.43824835723407385
0.03641716159728258
0.7644995780253848
0.8148255603051783
0.3809361451351956
0.5120638347532985
0.48005919469782626
0.21903120745192273
0.22174727323478163
0.4467886953349011
0.47001849011274405
0.22491984453722566
0.1377767047289444
0.20606564953163664
0.18792459882539458
0.22963693987484438
0.0
0.5786613045270503
0.5712445405035741
0.05580598854724121
0.30328958711482357
0.3832021822682756
0.1389757993266903
0.25151299903734503
0.07757835165184811
0.47688256660499334
0.6767479103463586
0.29025978581242373
0.12788161966391243
0.018299153201306904
0.43106350043250136
0.4475597500976972
0.5075731399895094
0.025918373676688127
0.07641101261032367
0.08168965259748677
0.3025698113328829
0.3329635262732705
0.35548235019253394
0.23097509317129508
0.21873948811058747
0.4087498497999653
0.2411386815520439
0.36676954874752704
0.4766040556923365
0.337360572582933
0.41260826897518027
0.0
0.44180434847818884
0.3785560493495063
0.3065083552444821
0.16328938233475845
0.867129176570991
0.1376050815829175
0.581707200786988
0.2968294353321399
0.37836962798731794
0.1541849132249384
0.5456417391910175
0.5855184967993071
0.0
0.5861466276174782
0.0
0.6108392526207873
0.26406485996712026
0.5222225637589912
0.1620605056979659
0.4690385676787886
0.40234492454777515
0.34386160592167997
0.09603926059441692
0.26050106568586034
0.08963693338972321
0.6756480073777378
0.11778957248171704
0.0679343406745441
0.4237602266399231
0.2974948532111585
0.3598059002817836
0.16820030171191014
0.3838185114441291
0.1482747427449821
0.32386869720038464
0.22693787310970875
0.013818767495095684
0.12750136314526955
0.20856217748598896
0.09915315351847746
0.2386770894140017
0.040563325660567084
0.22169837408866855
0.18492224543065452
0.4618904869056261
0.6840083183971759
0.12170173944664613
0.4375999319710584
0.07839826893635371
0.4016265559278348
0.07981362078309238
0.2837956597549175
0.27444488628929437
0.22263811206597736
0.32597921219275744
0.5655483774567875
0.5058391097686361
0.33611685676941844
0.14716658863563445
0.1675284523564044
0.03904596971058079
0.23084523314427466
0.4084142653733416
0.08941195100822576
0.33275820943493206
0.1635415557507811
0.18201799413172712
0.20873253293795202
0.5471366643462253
0.2679102374297199
0.0
0.3074432910951931
0.18496630291385854
0.23895765144498102
0.1519443081951904
0.2449563798081608
0.09827586370084743
0.3757082874619268
0.34782068410543515
0.2583485425327136
0.02860989678194727
0.15893378340592923
0.2965989156198828
0.23624079746943685
0.48171811744445275
0.4744148968029141
0.10487767194769716
0.33965991008148505
0.2814630834901758
0.4911606544784731
0.21882878765132846
0.3385174360039124
0.21851507288819857
0.6597111894676387
0.08296944223443416
0.10443691548294158
0.06286698237077151
0.06911560064296367
0.237933938461563
0.30055802070732707
0.43631187039918795
0.6122799904552233
0.38826942740931086
0.1375443408071409
0.21471255687527432
0.32808762819673837
0.017039700050447804
0.146279548928792
0.5570161264393351
0.17777407234234283
0.14463696042633528
0.3260344973883539
0.14825171450756358
0.3941591685069955
0.33296611615026983
0.47052396446100114
0.09919910417706006
0.08543628068133183
0.2300645015449374
0.6377162133502744
0.1427951436175812
0.583957674586923
0.5621211978734645
0.3392538637209357
0.109597756117035
0.5665046955823511
0.42159337002816194
0.4819554964134719
0.1463557881209402
0.3578393019067305
0.3462037264019226
0.29207464470151734
0.41545120003304487
0.5243580441654345
0.0882642492174091
0.08049847114689522
0.3171575734557943
0.12285967349521316
0.41361013801563945
0.3641616508385528
0.12282757246456347
0.031140695875877623
0.4936794918033728
0.24808970531932886
0.18340980265929968
0.20323893583978728
0.23917234259499662
0.25657622856453566
0.6469778075297032
0.4984459276938969
0.19516224585330139
0.013642265298759886
0.43647565389939064
0.5158985812212358
0.22220236945993996
0.09408182195342407
0.3434321618732503
0.4626585303799801
0.4059899075638348
0.07242739741074837
0.5064278633916747
0.23944746969609365
0.28050914195191445
0.1312050740316724
0.13178014089289425
0.6298367623484605
0.3991207418620559
0.47019916294937003
0.2920973060161303
0.24234618963727664
0.540755950659736
0.10828685588494374
0.592290182444623
0.38541701418676155
0.25425153710129855
0.0
0.3301986873134667
0.23683573662632124
0.31068419240265965
0.19733828372872572
0.1122621898047016
0.2040704038644698
0.5343179836913704
0.37983861127782526
0.38178868696750606
0.5595604249125707
0.3746126697348481
0.10569361730387877
0.2053222861654016
0.4067195623733618
0.27745643938082665
0.06295118350817654
0.5008832408388099
0.4516991348781297
0.16148546911357547
0.21575323278582687
0.18129057436600246
0.5681238727685348
0.2761794903485866
0.18247290974548036
0.17166398650422082
0.10746814355233435
0.546305666456283
0.1213595381785141
0.0
0.07385731765892861
0.08057233996101404
0.021894070816136386
0.6017579106388702
0.06362078691860773
0.13431040204445915
0.2534785336058525
0.8219006938293557
0.37660705186799004
0.40979247716395883
0.09478836774187899
0.17477015374232993
0.08749278875951928
0.3358951396721194
0.3147205849770905
0.10615534555475088
0.583692598098194
0.17341657303971694
0.33918600248963576
0.3903529055162947
0.09202131357792474
0.054500511654747966
0.6086320853832753
0.4517556563278555
0.412331241200577
0.36554143390259475
0.394277790591993
0.24524559326278558
0.09781856214709823
0.47101681724791444
0.3319179814865947
0.4304350580113474
0.21045811162784725
0.30669351277975565
0.32366002834353996
0.3601352243054085
0.0
0.09250522010363395
0.11069243357191545
0.4847279104594871
0.31485672317161656
0.044836501799955374
0.24103575709251374
0.09810357530874071
0.048143281917867355
0.5385010219250111
0.13715648016956708
0.5097304665038495
0.21935069701540655
0.3469277731581115
0.5142558535363388
0.4248601086576721
0.2990601989312081
0.6629048233883198
0.29709697156757015
0.133725364622455
0.23472862436220684
0.2209509648467099
0.5537133707728435
0.21756924714581882
0.37433183943233317
0.3013971247961974
0.13793909566967394
0.172836747186511
0.23944746969609365
0.26942389389288424
0.3882246137250682
0.2889905988919544
0.5129951392819198
0.20421442638588871
0.275092786250325
0.603515031294793
0.21093926313115063
0.32905374909100754
0.19547413910838338
0.21784818316654703
0.0
0.33236653112969355
0.35718075322903425
0.41505373984744115
0.04235343130210294
0.5479578023116123
0.27356862552537903
0.19418449411847416
0.3643998943102623
0.35269564718508384
0.29020956452461477
0.3784055478261485
0.2251572275375125
0.3638806160912335
0.400061055729766
0.16680174927257113
0.09463700173544448
0.2749245197283284
0.2774430202963792
0.10416010948564196
0.25587366813589735
0.0
0.5104285107711888
0.34030217985707467
0.3469724888728683
0.09907404791535245
0.3257330884843454
0.2071125574102078
0.537080057259203
0.24492789851913263
0.18129336212558866
0.329882163327304
0.23456391733303236
0.20922722045481795
0.5628083338821251
0.4933393171096795
0.4281739755949208
0.0
0.1567605933310492
0.5997125782270671
0.6141704223233845
0.30077513968680747
0.4599091904583572
0.4123730528313899
0.4342846155857073
0.22501494550949636
0.6007499316772572
0.3944876239105386
0.32802337032999335
0.3546999193973529
0.22303101546993243
0.36713558099912214
0.31239799885828384
0.44750376862393654
0.19799834624770446
0.12631726410733501
0.3292185771346705
0.032633942423163885
0.13283786918455096
0.16376875516940875
0.09832154873439465
0.26742833074537814
0.1960901839766684
0.4342263160976635
0.010681384547447404
0.2724002893009588
0.39009541002243775
0.3074781107362866
0.15899023080740318
0.3251187834119199
0.46605145961925526
0.3684825344401529
0.17742755350814426
0.15397190241400704
0.24737585410132065
0.6125123612970569
0.08977116603673801
0.40738824970859355
0.12633862204857194
0.08514311503365664
0.06530283712336896
0.32547424992202295
0.6019420521492533
0.03418690377947255
0.5297031690189371
0.39642361991217834
0.30535119094398955
0.0985007807995767
0.42679980353922675
0.40056072831153117
0.47809528813125524
0.3170246293602136
0.38873893047760216
0.05946931697533683
0.21919789937227008
0.6706377586279143
0.12353764979984319
0.3789147672215196
0.7271127973176096
0.4461722946064066
0.0823503620537769
0.2528342320210502
0.0
0.521913436934311
0.2652606521936797
0.3317957556476761
0.14532362159368598
0.28917213257185703
0.19183667593808917
0.1673922217313253
0.6293846247979739
0.3249141938611079
0.021923222778936005
0.0
0.2331579686204156
0.09146789848374882
0.18383274813351405
0.3948381202662833
0.39285016737263034
0.049756570207231836
0.2869370443125721
0.02770534189026768
0.4735179756105257
0.4188759098385042
0.17394860171704904
0.15530187980307256
0.07199513305066235
0.32446224652874606
0.13984490389914833
0.39194785883478084
0.37490441247452344
0.5366397004051416
0.3065735936544597
0.0
0.19463906498818115
0.3629666969740719
0.23440651666305853
0.31388567033132
0.41638472722251246
0.1477647407623116
0.3090312231371479
0.5451987835703971
0.39595141389271826
0.4060421654781956
0.060175630623838954
0.27364685709778125
0.13945598242630863
0.8320308019139955
0.021206928972869243
0.2828013374516192
0.46558921298066497
0.1993062351435135
0.19019836464480447
0.3059964400328938
0.07317767871991089
0.0
0.32156066795269034
0.416641384806165
0.4418242968235912
0.49384549148007006
0.054111661122606264
0.09250522010363395
0.1374682441161279
0.08908291524683869
0.3823194242060275
0.22222914916996583
0.4614598049759319
0.5566787622436656
0.38163540862462414
0.13346761718634306
0.18626947204382566
0.0
0.0
0.1256829228132997
0.0
0.4120069913580811
0.2952460059295585
0.0
0.4798267628650214
0.40544210119400903
0.051459075063152664
0.41745516199326566
0.11399967821981224
0.27316284611900105
0.4016049293518406
0.09194905175882183
0.1896386646251293
0.18046760497958964
0.12945797668280382
0.6117252277340306
0.46570875555125496
0.36184873782567106
0.2147969679172486
0.4393948672263204
0.4155926829996476
0.4862182780916702
0.03703386414777899
0.05744373367935094
0.45644849128825166
0.6248785323355452
0.263902110779472
0.4519690028883788
0.5906424154225537
0.1464267540284235
0.13045130004476485
0.5090624407720613
0.4416836822117533
0.24730010794973878
0.2784349633417392
0.24083965608445837
0.16588634286280304
0.3244437698750014
0.08914118743444628
0.4137051969529123
0.3152849290806174
0.33276076005221666
0.38862077435302145
0.42486202303233306
0.46756597945245815
0.11835559630352215
0.6131471873089194
0.0
0.4439963874735768
0.15090505148746466
0.36565932723150757
0.03381089231794565
0.27099889757664625
0.7187627478789828
0.07174808523207139
0.18590562843733854
0.31858937436058293
0.3575360731455594
0.39130964005687047
0.2657438725497088
0.5860654563678183
0.4103181372992894
0.3203252406344002
0.2669163387665362
0.20414826597955352
0.20283165065492514
0.40650623864660035
0.19549537430683592
0.2408823527900566
0.4309047627413697
0.1865849543628846
0.29963809553262427
0.0
0.2678807417820607
0.48921526089996553
0.3597226654368048
0.2975946619940885
0.24909836590678458
0.40184362360779224
0.11481746608621278
0.5665359997468346
0.24420041520391222
0.2971768750254161
0.13102226863898475
0.08470686260420587
0.18131355038212688
0.06786300581555996
0.345956582299732
0.47666470810002537
0.2652837515758217
0.13365548796228074
0.35922564529700857
0.44850529125457544
0.36390457264387455
0.19291454542541275
0.19666373645310706
0.2678131944951489
0.2939523003935386
0.06711632598518535
0.2683777617336344
0.2705696343022662
0.17369671489460503
0.14356764898685337
0.5457810026370861
0.06286698237077151
0.2024832320263304
0.04621713569219043
0.23853766154950184
0.5880434790094792
0.4119075824584912
0.28174544316111455
0.25599801376999887
0.6306850389826356
0.15985136661829114
0.5029530150409078
0.2704870494866815
0.4653828521550153
0.31876934706754306
0.5478205840345796
0.32727194660627223
0.16724978470095955
0.22842374777959967
0.5985529516917131
0.1284356571785314
0.23177886288925795
0.4271820742039569
0.13822397031950076
0.268988525818495
0.27879074319690383
1.0
0.2031872964541014
0.3167756622602247
0.10108746273386454
0.43517842538583684
0.30097349910158144
0.073035811989543
0.28125597485788656
0.30477576838433795
0.3919482420043252
0.38666956629054094
0.22457341933774205
0.3302058991544636
0.3281382992554745
0.3431231230586251
0.18739141346420515
0.3821381616990274
0.589404476035339
0.41060051318072527
0.35363118699860463
0.4225716369087527
0.26130542644081806
0.20039939286428574
0.5630919579494154
0.5428012830715391
0.16525516966180515
0.11356643073951146
0.5354778757821053
0.4720999937763691
0.06182616401955146
0.39081044821822447
0.09399797538954867
0.47221627352774637
0.2931022604466469
0.6797437896087039
0.48034375537852714
0.09626048234809999
0.5092346853504145
0.629325550044951
0.3874033007056741
0.34410579807605873
0.14364255949212323
0.5799233016804957
0.6435764411227066
0.16506788897796784
0.34858271331423174
0.5271362132957498
0.307901794134215
0.46565039314301027
0.3665948998341446
0.4106293142321741
0.44657768678209125
0.2831076737409474
0.10255569278827252
0.2497205725897669
0.3433483608931519
0.45612079497166286
0.2153869462191193
0.1439904271397613
0.2175902144629873
0.2451231800488095
0.3675238376825924
0.22421668355524207
0.4442131867050159
0.21954343605188595
0.06716190879465739
0.20507707167370232
0.6544910231420792
0.4444402015950298
0.23660755056015875
0.3404169800991326
0.804249358970019
0.15947271507062907
0.1997142531221501
0.13812160328000314
0.4324385729430174
0.24325692072303484
0.5390353905521915
0.47386298479922906
0.5380591248254443
0.36813690517573283
0.5395967683388535
0.3165541991071926
0.42436175931154574
0.34099787108109963
0.05911962848758073
0.04820998246540818
0.18668879537518082
0.02903486648569963
0.2176804002564355
0.08187072211401246
0.2522379815710957
0.08966284461165924
0.21341004920799786
0.23974180388063748
0.48560293102797747
0.24737592599194352
0.5890192630948408
0.2702335677186897
0.01707421611670484
0.1092331496175654
0.23358950281078758
0.5435468737245386
0.053734929405095284
0.6285089219399708
0.023508017303697948
0.33359832904528114
0.41141587735163854
0.6104382450895129
0.11593034153741229
0.4762387203203974
0.2782437173387209
0.35670520663984245
0.7323921039128877
0.46770665444568005
0.17745200035463843
0.27021698083103085
0.36591232458230294
0.19294050637883947
0.38524472540171634
0.5467661459358044
0.4879428784768925
0.09226745544311805
0.21563292676101398
0.5117931694424811
0.0
0.16075371008053502
0.2467045995335151
0.23745788431333767
0.18592821440276408
0.24216194208181852
0.5509409074168115
0.0
0.06405806068144215
0.35127475873812
0.0
0.3162938548683561
0.2458504564685118
0.13334854199902774
0.48273242170531794
0.41883283893244827
0.35288895488008354
0.45014176889213836
0.24423083830031256
0.1541893106034226
0.23923254675047423
0.31964971149298416
0.43037112222998
0.29713488926156506
0.26610677374744757
0.28042498839532787
0.6725465078668914
0.13791106420331536
0.20065424193704506
0.34234884549001876
0.21589406896935326
0.5143299981844908
0.18754907227714285
0.1480324411108463
0.5968984856308458
0.15298793135493297
0.19860333467248178
0.42872401692840734
0.2313137587681333
0.5388259341598443
0.6053180092024036
0.20675243992808068
0.5827856145349701
0.6767305881448098
0.3415537859457563
0.3194921290722453
0.06344392298434257
0.2875131756605258
0.07221903901653551
0.6999239637278748
0.6278999559410827
0.08663823776737077
0.22004754397832485
0.057731007464766594
0.4268519797875095
0.34331916831432185
0.1013464276506743
0.3668384579655841
0.10702989239380509
0.278137632831633
0.5275551035943759
0.46566921720742355
0.23074949013070203
0.37248563260092904
0.36949903442406673
0.27398266813633676
0.0
0.28017371442267053
0.2739463298302894
0.1584183217842503
0.23565535324179132
0.15881271148621318
0.5555685954247507
0.1880435874098209
0.3216568610256367
0.1830764126202746
0.3418231718242559
0.2780886803401553
0.38078670658707237
0.6315288712649093
0.024456481855138056
0.10969394451488755
0.14410276154495472
0.3912164572611085
0.13685735018189746
0.0
0.2093567812251951
0.08676452776989484
0.3991975403331889
0.300526380637812
0.5085269878291676
0.061490430603357314
0.024485774379504027
0.34879134763925934
0.27030410378598907
0.38697973613107456
0.08941195100822576
0.2386705948239921
0.15565596157322764
0.7748052660904774
0.17447759031536392
0.3398590737632014
0.25475084760972877
0.3532958662463495
0.5592942614591635
0.42409144611369365
0.17386057468455207
0.27856469382199966
0.16386530058470547
0.6975539030798785
0.13793909397930662
0.37312075546545664
0.19342678714255432
0.1158651274391897
0.15570904552228118
0.4550095912626154
0.06625422567104446
0.48963534921151847
0.11362850999767671
0.5124344945149251
0.460585631537238
0.2857325149258982
0.559838377002425
0.16945985366730756
0.09268659179652805
0.1950786342332949
0.45838608506417444
0.15798321473988727
0.3256216850323906
0.5014570466565359
0.325162695256582
0.15587188400049373
0.35841590325622813
0.39293658511076485
0.29461108227981464
0.23717744169381752
0.13859391284569936
0.3410073262832231
0.32550686325032074
0.19241938568093347
0.43711732390472374
0.24531109178515667
0.3530224663826871
0.10309578110570072
0.2675796719750912
0.6877893264737414
0.2878474648259482
0.37570592018624993
0.29579647238575957
0.525912102868393
0.1598866223195017
0.5179767136502155
0.43041373453408377
0.32532132915144796
0.24479727508193513
0.20210920439171276
0.13561697656880217
0.412508453225573
0.6388341510427724
0.47431477127505317
0.6014277819861519
0.25886115556002165
0.7639368932733306
0.3966993547768412
0.2505890868967899
0.2355413511726524
0.5199135255286333
0.3276419161285271
0.23472127541113735
0.08367594783446228
0.3023346903423949
0.48996386743488296
0.24893231262543994
0.4331914011563244
0.3585851700117715
0.42708623271828244
0.4127172889230248
0.4563855386766312
0.1903617746634435
0.16634513020458916
0.3308432046137361
0.11156975397570366
0.280709766466792
0.41140388905028386
0.1432810322057832
0.18497750808088592
0.35222238667708755
0.2825003381017847
0.7556535608893082
0.390847359192477
0.17416447226030837
0.2631457395053654
0.5046659035266963
0.2509058644819388
0.3842296014854306
0.10054743986326195
0.255605987811191
0.16685154648175612
0.2790966182682885
0.6941400497123044
0.23562193592149488
0.08605202120319329
0.25520021350421174
0.17267090435480428
0.2382255002169194
0.0
0.44955621121560985
0.5178856781056311
0.26663007651551346
0.31458794064469686
0.4868140141589437
0.02872592950404157
0.388234547978599
0.10792760262788369
0.42636190524770023
0.3233528447069329
0.5324240761753197
0.18419621055041652
0.4366505349775172
0.24598226025015907
0.2235919842652805
0.5042985398542071
0.08950154099440519
0.3632443100169811
0.06701496415949633
0.6307544169272572
0.0313048194570485
0.10473869330699323
0.29936213666256856
0.3151625523743469
0.0
0.07377151057951971
0.25883610130147994
0.2733947538912534
0.2925871177509186
0.30752343466521437
0.0
0.34585029741256973
0.0
0.11901918987128278
0.49087305747997706
0.44653426209844876
0.013047740407491655
0.2163014595176047
0.3994917602985498
0.20754231062683817
0.11727616278522136
0.2827699055433368
0.5381128216521357
0.4497615821314818
0.36215686251870244
0.3433718333058908
0.5768212690701787
0.10393430454796337
0.2558458034989499
0.2423552259158722
0.09687487909807048
0.5308346018094575
0.3654606511601902
0.0
0.265676646483009
0.1691119674906548
0.0
0.3690887235119637
0.3436461433141419
0.19342640634554034
0.11054585388698732
0.334281904235931
0.4462219774729316
0.4154492503780212
0.23923647411534035
0.11352713356740733
0.5211034574266742
0.41034767576900844
0.1581213782718509
0.37528321363308154
0.365778406640251
0.353379664442073
0.20962124356831924
0.07136123905375316
0.6531030904942047
0.03582622090438783
0.2832894158963906
0.34302699807968506
0.490643926047287
0.34625164278747034
0.20092383911197895
0.31878607360376826
0.26257480806034655
0.07839826893635371
0.26132168595635996
0.2993258921386985
0.21151381779653922
0.22090886201136653
0.10627599502202412
0.2406378707618332
0.4139655321510626
0.20217380967751625
0.3401971363485908
0.07898293466285258
0.4498480869419068
0.3993621902622255
0.08241946294569989
0.17287449740997102
0.1171756512835769
0.1874295759960614
0.3809344895593253
0.2171659445758338
0.34367768540627014
0.5524171175628799
0.1148025306599775
0.1929058145271165
0.24419322169081764
0.23864784463167216
0.23234456968194425
0.5172894942036301
0.292763902477004
0.48254373683424073
0.24449839886676447
0.4415761467645064
0.13336252946861576
0.6350708311126958
0.09647431355629017
0.17291683185294365
0.5577101598987768
0.17869118189112956
0.6187087454782236
0.3446637038122278
0.08083227473949577
0.3040200696912729
0.2137025452342212
0.247727820339812
0.13707296478358003
0.2969091178082707
0.31136181476034247
0.12787901243249153
0.06337284363201563
0.1964760102749709
0.12604570164975148
0.46352389856003795
0.5472196078474985
0.20454088062157091
0.15988502149702535
0.2045889550842719
0.28976930189417505
0.08770170754151158
0.1452251346156676
0.541095095574182
0.15240473464898327
0.3810389501892304
0.14115260566413051
0.518542334896653
0.048593237134039444
0.40158558613632583
0.07839826893635371
0.0292418401045538
0.39959923925823904
0.3387799288595346
0.5984677383446495
0.4279889125775599
0.5396543923750727
0.13732660797252655
0.3414226005417633
0.381354235876134
0.2976734371427099
0.46986278830319833
0.4515718155788722
0.3113801136310778
0.5225207579081573
0.0
0.2676256808208944
0.265563159486557
