0.5299231411476061
0.5761095100080009
0.3750579781209817
0.5107514441565574
0.4557313789941945
0.07519629374255159
0.6971721419655154
0.7376505869173214
0.3903969859828818
0.7290071879093581
0.6655375417748669
0.3619551253062714
0.4182752241903967
0.6583626215835698
0.4556668208077081
0.2800508855700505
0.25282881487599096
0.3768941734919598
0.4409018532174744
0.19366182191954467
0.0
0.5531464693911909
0.6917831842263285
0.0
0.31997268842363713
0.5624447848939075
0.32659600906119407
0.37366597265989815
0.09147995393492454
0.4425155763767347
0.7094167414621493
0.34519134154579534
0.1693063753838124
0.0
0.4380219542231925
0.5423297350984172
0.6261806472104923
0.0
0.12663167610629236
0.11230365663070153
0.2989170320479572
0.4616213268793122
0.5064442414917938
0.2519268853230341
0.40850673982400726
0.6816860710758395
0.4121943796963693
0.5742421901099083
0.6046224332481503
0.21398626751412297
0.5497395632421185
0.0
0.6280833743956392
0.5026957542343208
0.29681824477217705
0.12858682134248017
1.0
0.21240780189984595
0.7306766142818083
0.5006543310060684
0.6078003935923099
0.0
0.7264208854383947
0.7353449604906581
0.0
0.64402736270816
0.0
0.7390505826027667
0.25143829789579086
0.6225658433507684
0.3572582252446757
0.5682228052503657
0.31326431741787786
0.4746620825136481
0.20108296795204275
0.31997268842363713
0.19062549679648644
0.6672375331350919
0.2409125885413143
0.14812190571250256
0.2931571928784684
0.5092741020878486
0.6229316419894425
0.1689538966445357
0.4969844301656363
0.0
0.4099595959877962
0.21398626751412297
0.0507852545808394
0.17275523772178805
0.33744494306580197
0.07303417781930135
0.2424338542759175
0.108600674890537
0.35651913961629667
0.32740432922710233
0.7301181369930598
0.6512222719764912
0.08570210709464543
0.4969844301656363
0.0
0.6386381830581352
0.07303417781930135
0.36648800609187576
0.43668416194685383
0.4159129861672231
0.24261427875783534
0.7379010146337606
0.6051855391515119
0.3600546231527257
0.10699313375706149
0.24673532498154988
0.08224510832718329
0.4332397755543218
0.5234885244055344
0.12858682134248017
0.42803264921397205
0.34603728264369527
0.23819820778873388
0.2738639687978906
0.7087433092772377
0.4269658221806986
0.0
0.5213496293766811
0.23518263795437017
0.1107683683654393
0.25314244587403467
0.3992373391115083
0.24788468789210058
0.4909652101488336
0.3998573656132993
0.4266302512315162
0.0
0.21001541356174958
0.2845293687584081
0.3751561586436406
0.5117558726499656
0.6015313156505797
0.16958010093853398
0.339158356773089
0.4004483476985369
0.5433994537280417
0.26610608829466714
0.5026957542343208
0.30821681577367155
0.7403910768569311
0.19178318422632848
0.1475706286678421
0.0656025370158362
0.0
0.3524293713321579
0.546110845636366
0.48824412735003436
0.7169271019135607
0.5874605752639346
0.16397610054448714
0.2320827172453963
0.31207954447253816
0.0
0.20108296795204275
0.5927313443222151
0.3650590684965299
0.32255027072806663
0.46489580739746295
0.24261427875783534
0.41250530522591566
0.584790050469267
0.6261806472104923
0.12363115879223509
0.1571852787907447
0.25437015140780095
0.8007398678788243
0.16958010093853398
0.5743428398314381
0.6539247388288321
0.3620634801395421
0.1312050740316724
0.7310306154128218
0.5331976539155895
0.44615333563412946
0.26352775284595026
0.5158453259181488
0.393107650344335
0.4522720624042188
0.30709180120444235
0.5191875134534308
0.1609445164714562
0.1328400880807838
0.4604558550405418
0.0
0.5827932994676996
0.4240967788035461
0.16174285250522355
0.0
0.5984029792863452
0.4375552151060925
0.33916020187706797
0.0
0.3172263036637368
0.40437624148122586
0.8022999468069708
0.5486694982477662
0.2735791145616054
0.0
0.5309249060763035
0.6039775639226977
0.40437624148122586
0.20890661363395385
0.428640631121092
0.5171184740573584
0.6576219903834972
0.17297658714843206
0.4777969167122055
0.3930068662429385
0.41109838151379235
0.1312050740316724
0.062444784893907486
0.7426142787578354
0.5773584096658019
0.3613618169418647
0.48824412735003436
0.1312050740316724
0.7129795546665757
0.1312050740316724
0.675752321151924
0.3156484565771367
0.31154672921232923
0.0
0.4034540768807674
0.20366130340075966
0.24261427875783534
0.23911319770801986
0.11759131897718508
0.18148604598834192
0.4703658944364173
0.29522578257510784
0.47096483095898295
0.6665544359932041
0.4126458393926612
0.18322609171618134
0.205374133103715
0.45083096274929635
0.1255792865414112
0.10918487359727684
0.7531149422153155
0.5147714424843294
0.25437015140780095
0.45102050151823037
0.0
0.5933275309390499
0.26299677938513033
0.2628751236200242
0.08479005046926699
0.0
0.6096030140171182
0.0
0.0
0.1365630608520373
0.0
0.0
0.7765732346955955
0.0
0.0
0.4034540768807674
1.0
0.4936458898390101
0.42395025234633493
0.1460683556386027
0.18598720987602932
0.07803602583199565
0.4810161926746381
0.5049238141614432
0.24954595818602
0.7433080793414883
0.26475985719177764
0.3413915022222942
0.42395025234633493
0.1449922932191252
0.11047204601737919
0.6917831842263285
0.5290351690410171
0.41824071329449636
0.4673025463059169
0.5104472106378288
0.40998634421181857
0.16958010093853398
0.559440134584712
0.34217577171143165
0.44684413228211206
0.1842296482194776
0.4740856904205711
0.3465918056187403
0.38356636845265696
0.0
0.23647224715404974
0.18068164258243122
0.6209212620998668
0.3930068662429385
0.0
0.15979138807603727
0.0
0.0
0.576049747653665
0.2974355570894196
0.5332425212993074
0.25437015140780095
0.4670156580279536
0.659617267912426
0.5516028861514015
0.40476273889290415
0.8274043292271023
0.3072108113408165
0.307631589247017
0.2669590046976025
0.19638862753499509
0.699534379988689
0.400882502265525
0.34217577171143165
0.3600546231527257
0.16397610054448714
0.23769097658734267
0.3930068662429385
0.1475706286678421
0.4194641446965707
0.36248073304781303
0.7426142787578354
0.25307766306048907
0.4018895779640967
0.5598664494451906
0.21901509206922104
0.4338542038271214
0.12456638340881777
0.2899845864382504
0.0
0.30078517497020635
0.4454627028813049
0.520478583247067
0.08961554885016511
0.5529942343660653
0.3380144790349814
0.0
0.4226415903341982
0.38557522543947337
0.22225292227661242
0.5118454151792357
0.2842854363942568
0.38057812052038675
0.5851258437739346
0.26988186300694017
0.11853545962682505
0.5345121546751247
0.3798950283188771
0.0656025370158362
0.25301193028304314
0.0
0.487370302835628
0.33916020187706797
0.44916890546849314
0.2074370781130327
0.3078608070117127
0.27657323469559547
0.6380448746937286
0.4343974629841638
0.21398626751412297
0.2899845864382504
0.38214686482815874
0.2708372452742261
0.7010829679520427
0.7946030607191842
0.5029414279754292
0.0
0.3188310267750125
0.754370151407801
0.5851258437739346
0.5069341940510189
0.4021659359040855
0.28163025280544635
0.5743295888092016
0.2989170320479572
0.5538466643658706
0.5624447848939075
0.26481736204562983
0.4754863389422399
0.24712228096930522
0.5516028861514015
0.4746416030806765
0.6327792703123287
0.21398626751412297
0.17259567077289767
0.5597511443238048
0.0
0.2304124284047609
0.1973857163973776
0.12157927336792393
0.3650590684965299
0.28435497298640044
0.4947374658023515
0.0
0.36248073304781303
0.5656025370158362
0.41807231602135214
0.18980338031582686
0.36923110957724703
0.6639761005444872
0.48837473930310793
0.24412206367501718
0.045735257283120605
0.3252526992253474
0.621113795075542
0.15979138807603727
0.44615333563412946
0.20340466585199893
0.1312050740316724
0.1365630608520373
0.487370302835628
0.7313711352686486
0.0
0.5474745062052322
0.6271850757039005
0.3739915141062367
0.11785313517184128
0.3558629924750072
0.38404287582189184
0.5257766771235727
0.5560906747329175
0.5666942919079052
0.0
0.3486535966198849
0.8199726884236371
0.13777597395434457
0.42395025234633493
0.8919478208444896
0.6141479816361731
0.11853545962682505
0.16958010093853398
0.0
0.5636180048517418
0.27090873018235895
0.3658605273994772
0.0
0.3494929421268312
0.0724961466095626
0.2978825436583429
0.6281895041973087
0.5191875134534308
0.04374403946132689
0.0
0.3496074125148968
0.18311845329285847
0.09715088992797466
0.4744472617696259
0.572698606870119
0.060835276117134816
0.4338579635514273
0.05050237483100388
0.4639151716305176
0.5368577322983717
0.2588626916422028
0.31666973035190876
0.0
0.24562984859219905
0.1829599078698491
0.49106755439029315
0.4528417708767893
0.5817744806349033
0.3065735936544597
0.0
0.23518263795437017
0.47749157419233024
0.1460683556386027
0.49274856160935304
0.5722318102203325
0.2569826342759459
0.40476273889290415
0.6887676143919648
0.5278077834269095
0.38358834043666395
0.0481888543129703
0.4333057080920948
0.1984849121120978
0.9085200460650754
0.0
0.3277254062130079
0.6327211072542995
0.0
0.1328400880807838
0.5595874374700881
0.07303417781930135
0.0
0.43723616436079515
0.4226415903341982
0.6240857394740218
0.5878056203036307
0.10183255297643772
0.23647224715404974
0.2215367367308786
0.22458445273424657
0.440559865415288
0.43668416194685383
0.6740274622601422
0.7840048754990606
0.29877631798338994
0.3127044092644024
0.20037500291164995
0.0
0.0
0.0
0.0
0.6319884417554238
0.413054740288622
0.0
0.4621809798320363
0.5413905967412252
0.0
0.6099914020825833
0.2460925951035817
0.38146454037317495
0.38557522543947337
0.10699313375706149
0.2899845864382504
0.34833808943473327
0.17756616945605305
0.7162285598876255
0.43988688509461704
0.4448446736219927
0.25169443119341606
0.47096483095898295
0.5774043292271023
0.6770117417419992
0.0
0.12663167610629236
0.5661420364485726
0.7469385106043358
0.3930068662429385
0.4513233147414502
0.6441382365694659
0.10699313375706149
0.31496541930701455
0.7648173620456298
0.4846952682307886
0.31368236162486207
0.44316768488770064
0.23570627034368255
0.371497387922971
0.3994946955825924
0.15782422828856835
0.5730341778193013
0.5360848283694825
0.25437015140780095
0.6376322863417293
0.2721195963571079
0.630761530357568
0.2666212606496537
0.6131471873089194
0.0
0.6281895041973087
0.25717364268496035
0.3156484565771367
0.1107683683654393
0.21167089265443892
0.8947838478076211
0.08917827636631903
0.27657323469559547
0.46824371364876355
0.5
0.4520251514872103
0.42998139201506236
0.7968409771958099
0.4448446736219927
0.30078517497020635
0.47354316640769983
0.30055555577997356
0.357302966646459
0.516329868421437
0.40963748802373495
0.2890293023202407
0.38459623422562256
0.22825216697327425
0.4159129861672231
0.0
0.43299740890610044
0.5098782413637533
0.5280166347104913
0.516852050584016
0.17895297016024359
0.4670156580279536
0.15782422828856835
0.6175353563115724
0.3014953674966741
0.0
0.27490377153422146
0.17923109770033022
0.1449922932191252
0.0724961466095626
0.3953925916924639
0.6349409315034701
0.20366130340075966
0.21636952372273952
0.27615745001032227
0.7200667752774047
0.5476854260879332
0.23647224715404974
0.28166312975761404
0.3645927741541407
0.4488846877288195
0.0
0.23407714155660506
0.3842665634273366
0.2166528540460474
0.244514244896071
0.6596506064318143
0.0656025370158362
0.21398626751412297
0.0
0.04555266086155614
0.6548086584542047
0.4200834573623076
0.13777597395434457
0.35262298234926054
0.788329107345561
0.2964609431237059
0.7765732346955955
0.13863671483513756
0.5649173558978396
0.4338579635514273
0.5817744806349033
0.3946929096371473
0.16958010093853398
0.46247848259694113
0.7469385106043358
0.222650753206438
0.41132576502753027
0.4291817659844051
0.08479005046926699
0.33916020187706797
0.2845293687584081
1.0
0.32795220108897427
0.5618025477696129
0.19005120283262697
0.6386891413410942
0.22523435990995413
0.09306635012777448
0.30078517497020635
0.08447694832226785
0.4562343622819089
0.3600546231527257
0.19330306754267892
0.3028431618112529
0.1449922932191252
0.4739804651198395
0.17259567077289767
0.5117558726499656
0.6440838340577315
0.5147714424843294
0.44390932526708243
0.40631804560838025
0.21946847049515358
0.3213051487322551
0.49837988346977313
0.6281895041973087
0.24540469276375657
0.19687407608286536
0.659617267912426
0.5147714424843294
0.0
0.5692877629075982
0.051389560138693814
0.3812509935929729
0.47531970311105043
0.7947207146307255
0.5585181088890684
0.0
0.7791091749590127
0.7573857212421646
0.41160216992961357
0.45653902243145444
0.31096891557438655
0.7431931532716787
0.7163695237227395
0.3482822966839562
0.5002742478675133
0.607657214894977
0.3602055977350204
0.6099914020825833
0.5541284678589271
0.29544484150384587
0.5339589559377601
0.35677410610117316
0.07020838520507416
0.3126697809519774
0.5851401479566068
0.442432497087887
0.2925629218869673
0.21901509206922104
0.16660824200237967
0.38356636845265696
0.50635411016099
0.46289313259244436
0.44437635406944687
0.5482729615596164
0.0
0.1829599078698491
0.8496074125148968
0.6716210938689767
0.062444784893907486
0.4335038518233512
0.804648907607911
0.12858682134248017
0.05652670031284466
0.17124252860931816
0.47989727656868975
0.23577791818611704
0.6843515434228633
0.29706157753869034
0.7070520734631041
0.34495634506521966
0.5682228052503657
0.35262298234926054
0.6077762917830584
0.5989529938922141
0.09797563715511069
0.0
0.3406679867942498
0.07891211414428417
0.4201043059619814
0.0
0.2980611098905259
0.0
0.40789409488938116
0.4205992436963618
0.6513464033801152
0.4894018147798764
0.6102352374343594
0.1992601321211757
0.0
0.20315902280419013
0.3714131786575198
0.5549717586269692
0.0
0.6950545130576847
0.0
0.4969844301656363
0.5117558726499656
0.7661060882946672
0.07891211414428417
0.6449922932191252
0.12584721559670803
0.4161517938972317
0.7771726926066087
0.6278860691917526
0.05765043644427622
0.19178318422632848
0.5511153122711805
0.20969444155627814
0.6039775639226977
0.7035390568762941
0.5882229847804589
0.08447694832226785
0.45363844526920843
0.5658284231017815
0.0
0.17159048082810976
0.34109888584248804
0.32740432922710233
0.1460683556386027
0.23647224715404974
0.6655375417748669
0.0
0.10918487359727684
0.5316279724914235
0.0
0.07240136793924852
0.5221293345260122
0.2610646672630061
0.6069931337570614
0.6655375417748669
0.5541508978845991
0.4951977174361798
0.30203925239856333
0.23647224715404974
0.36914502345566746
0.509221184536544
0.5773584096658019
0.2356192083581714
0.3213051487322551
0.26481736204562983
0.6725956707728977
0.07020838520507416
0.32252908137316394
0.41745249167478227
0.17259567077289767
0.621870629174497
0.24090885677657498
0.34217577171143165
0.7428263573150397
0.3949699899067551
0.1846774960753977
0.40777830872726784
0.3204245182852755
0.8199726884236371
0.7491019443184218
0.2661918918220454
0.6576503474957818
0.7353449604906581
0.4616213268793122
0.3408329496081646
0.11853545962682505
0.20366130340075966
0.14266952969482188
0.8550077067808748
0.7761574500103222
0.19005120283262697
0.37842994029953586
0.1556779249480163
0.584790050469267
0.4566005462719583
0.18383073010979953
0.5825475083252177
0.13231098204531144
0.5245136610577601
0.6813359735884996
0.4740856904205711
0.16958010093853398
0.5309433861033964
0.4247789924955184
0.13777597395434457
0.0
0.2532633522125847
0.413054740288622
0.209002768839754
0.3930068662429385
0.16890481250294573
0.6285868213424801
0.26352775284595026
0.38198019324391375
0.2386337045199131
0.39000859791741677
0.32740432922710233
0.5136136934566427
0.7851245392386236
0.0
0.10918487359727684
0.23905058260276665
0.5
0.2074370781130327
0.0
0.3930068662429385
0.0
0.3245887180766553
0.3531845553542619
0.4729444943080995
0.12923021746439353
0.0
0.509483177156062
0.21167089265443892
0.44437635406944687
0.12858682134248017
0.17259567077289767
0.07303417781930135
0.891399325109463
0.3994946955825924
0.3461250089689539
0.33529340689304066
0.40558805745832965
0.7648173620456298
0.5995516523014631
0.4176442075956332
0.346075261171168
0.23508198823284035
0.9110983815137923
0.23647224715404974
0.5560906747329175
0.25152553347195655
0.054537297118695094
0.20609718984818465
0.381169638944129
0.0
0.7268591497706847
0.20108296795204275
0.594889323418743
0.6725956707728977
0.4067040568786744
0.590933705098152
0.0
0.19124751703754828
0.4042761993541709
0.6700780668014288
0.2074370781130327
0.36136328516486244
0.41798839472725396
0.37381935278950773
0.30473868803612203
0.4736725966540929
0.5914799539349246
0.31022304503488635
0.13863671483513756
0.21836974719455368
0.32862020529207514
0.5339589559377601
0.19225157336910628
0.5030155698343637
0.5891090319975397
0.4328792430644406
0.23647224715404974
0.22811718114095444
0.7227265703297249
0.4510484336584629
0.5048430837264405
0.40906629490184804
0.6588294182333563
0.2666212606496537
0.5922216912727322
0.5198209477036917
0.26352775284595026
0.40646147667728577
0.2513478771171604
0.2738639687978906
0.6192928122205893
0.7833471459539526
0.6078854258115696
0.6665626784270926
0.3156484565771367
0.7276159990967488
0.2890293023202407
0.42000002373197054
0.28956377675151257
0.6992148250297936
0.3550077067808748
0.46204255886617734
0.1519897991579908
0.4398285200524227
0.5025783354487169
0.45809361701736817
0.584790050469267
0.2516546732418456
0.6910316062363876
0.5978340640959144
0.5664049416765978
0.2899845864382504
0.37502295978065026
0.37998905024715646
0.15782422828856835
0.5317968400145099
0.433180477181758
0.23307160834326454
0.2308584061078697
0.5087403028156019
0.3496074125148968
0.9269658221806987
0.6617122394643565
0.3273629133331667
0.28944294843461527
0.5758277863087048
0.4210878858557158
0.5400926406944848
0.15450018137285534
0.4314919658039478
0.27608974938745723
0.5312934835907362
0.7765732346955955
0.2164396215322203
0.0
0.4899486382843449
0.0
0.3054765323921607
0.0
0.5025783354487169
0.556343578158452
0.21840849383071256
0.35123898936769543
0.6089510278092565
0.0
0.49168797774458745
0.108600674890537
0.637519266952187
0.5856543906833515
0.6298964490813285
0.25347639113029513
0.5516028861514015
0.35614572114889825
0.3325119448093168
0.5820794385432188
0.1449922932191252
0.4734438465701873
0.0
0.6237289027912101
0.08381276596526362
0.17852368410492667
0.26950964936820787
0.38356636845265696
0.0
0.12456638340881777
0.36542920305393484
0.3718104958026913
0.4084785592946367
0.24712228096930522
0.0
0.48824412735003436
0.0
0.0656025370158362
0.7359850426151319
0.6539247388288321
0.0
0.2973276632705882
0.487370302835628
0.4101205921358334
0.24965343409610338
0.3798950283188771
0.604326943678125
0.6263008497735467
0.30251580098726105
0.4904770644341703
0.6295898737974851
0.07859263939537235
0.3494929421268312
0.38356636845265696
0.10699313375706149
0.5625869671814725
0.3623379464499749
0.0
0.4269658221806986
0.2070502313925009
0.0
0.3971521039154484
0.327615766959758
0.0
0.0
0.5840898184327945
0.5592991049075036
0.5936819543916197
0.3976972820794884
0.2788906670594953
0.5585104992715821
0.5531464693911909
0.22342676530440453
0.4121943796963693
0.5371068674075556
0.5721229856847634
0.3196184275788678
0.0
0.8098813524001992
0.0
0.28700876849686524
0.4304527582685128
0.5689682599302289
0.40940952573864775
0.29947649694610706
0.4700768588523939
0.4332397755543218
0.0
0.3581055543626091
0.42410311483894847
0.33916020187706797
0.4026517092817985
0.19828725781150233
0.41745249167478227
0.5519887819613489
0.32795220108897427
0.6518646111414703
0.0
0.49252697373306176
0.5978340640959144
0.19124751703754828
0.3166798166374483
0.17259567077289767
0.33622268960408475
0.3883513765729514
0.25717364268496035
0.4832099083742406
0.7234267653044045
0.24701860230998743
0.3590825908000152
0.3378515398649312
0.39549765841971984
0.330419899061466
0.519504916221983
0.33916020187706797
0.565836368734518
0.5549567803923457
0.5104352782364687
0.0
0.7846744944946661
0.18994751415943856
0.2738639687978906
0.6164336315473431
0.24261427875783534
0.60596418899985
0.5025783354487169
0.13777597395434457
0.34185017097036435
0.19823499546895
0.529131367667486
0.1758949109163845
0.5268758990809337
0.4597907223568957
0.2166528540460474
0.05721111475184319
0.07303417781930135
0.1748037062574484
0.5191689040117291
0.5038537706460682
0.33210022020195945
0.2532633522125847
0.3196184275788678
0.5002420887735161
0.14594057973174118
0.2922409858000536
0.6031751592619361
0.25691950060715363
0.5531464693911909
0.16397610054448714
0.6917831842263285
0.0
0.5296347240912597
0.0
0.07859263939537235
0.49975791122648394
0.5376747763394927
0.6992148250297936
0.5153047317692114
0.5773725067006563
0.21001541356174958
0.463686219315506
0.6666666666666666
0.36959868369134796
0.42372807867816437
0.46289313259244436
0.45552796500357495
0.6813359735884996
0.0
0.3776884321276741
0.3141334741056853
