0.4931399018919598
0.2907653384460103
0.18641327794206866
0.2977612032927457
0.43824835723407385
0.03641716159728258
0.5789444919589606
0.8159695835882118
0.40584457654255657
0.5120638347532985
0.3791361945689117
0.21871014333461933
0.22174727323478163
0.3877514930321249
0.4887041211149822
0.22491984453722566
0.1377767047289444
0.190436773076324
0.1724445711793115
0.22963693987484438
0.0
0.5786613045270503
0.43783938232229735
0.05580598854724121
0.30328958711482357
0.38839873316908224
0.1375383400416782
0.25151299903734503
0.06026462419076801
0.47688256660499334
0.6405641068148996
0.287626347059987
0.12813770599142424
0.019176627084518373
0.43106350043250136
0.45149793308791486
0.5075731399895094
0.025918373676688127
0.05911962848758073
0.08067034057643925
0.2712830702226125
0.3405404052877835
0.34778151442468397
0.2699948860225504
0.20770663742309287
0.4087498497999653
0.21406224219089826
0.39676832429120257
0.4766040556923365
0.3131824040655226
0.41260826897518027
0.0
0.4439106366846698
0.4215498999481713
0.3251623282489849
0.1799834280782248
0.8566545815844608
0.14109039452533992
0.5966894358575798
0.2958122677418932
0.3864485668391879
0.1541849132249384
0.542601278861262
0.553620001171338
0.0
0.5861466276174782
0.0
0.618405340155719
0.2660863695829789
0.4824028397050321
0.16414026200500786
0.5757371954383037
0.38795421558281923
0.34386160592167997
0.09603926059441692
0.26050106568586034
0.08896007009402986
0.6756480073777378
0.11778957248171704
0.06996230074946909
0.3510026921396901
0.3033355136374629
0.36296991681998536
0.16820030171191014
0.3838185114441291
0.1482747427449821
0.32322360605609574
0.2746055578478297
0.013818767495095684
0.11782702128868003
0.20222772562015176
0.09915315351847746
0.2386770894140017
0.040563325660567084
0.2276660693242322
0.1387349496987076
0.4286345517170275
0.6840083183971759
0.1258496988110972
0.4336705674346276
0.07336392325013509
0.4016265559278348
0.22782488646246357
0.28343385427993734
0.32735831882531763
0.22263811206597736
0.2906292749050787
0.5655483774567875
0.49320873214565397
0.3255573244674209
0.14716658863563445
0.14495481958642484
0.03904596971058079
0.23084523314427466
0.4154662424869636
0.08941195100822576
0.33275820943493206
0.1635415557507811
0.18471440382912147
0.19439001400378408
0.6020650147663871
0.2679102374297199
0.0
0.3074432910951931
0.2693682603545646
0.23895765144498102
0.15282368225978657
0.40295925814430783
0.10716249802389803
0.3690096825848759
0.34782068410543515
0.2512854236504065
0.02860989678194727
0.14043420939922602
0.29402268641889484
0.23769411050447428
0.4836549293228706
0.4799272641024654
0.10487767194769716
0.33965991008148505
0.3004811489757523
0.4207644794282542
0.21882878765132846
0.3385174360039124
0.09294713202931196
0.6567600841945181
0.08296944223443416
0.10443691548294158
0.06286698237077151
0.05671931551793566
0.23680442154613604
0.3088135321046461
0.41136438727303876
0.611092638113382
0.38826942740931086
0.1924314350627144
0.16528380326793687
0.32808762819673837
0.07616215231632535
0.18604850154404828
0.5514708030227623
0.14730940691293604
0.1240249102704248
0.36843802062323083
0.1923235420521385
0.3928842146922955
0.33296611615026983
0.41068097071982246
0.17111528340986346
0.08543628068133183
0.3706475067602046
0.590719029670416
0.13961814673476433
0.5207345638019084
0.56819237187497
0.3317062359175045
0.109597756117035
0.5309842525356309
0.4322193640017284
0.47668899117713764
0.14970992449404574
0.3603238494172647
0.3462037264019226
0.29207464470151734
0.4139010458046475
0.5075519645580343
0.0882642492174091
0.13969481920319995
0.33031274004812106
0.12285967349521316
0.4127022099665983
0.30338880372122967
0.08777774549440566
0.031140695875877623
0.4936794918033728
0.24808970531932886
0.21222636617144253
0.3531437726636287
0.23917234259499662
0.22483715333770465
0.6469778075297032
0.4971085573254025
0.1958904864771214
0.013100019581676848
0.43647565389939064
0.48676170996162804
0.22220236945993996
0.09566665306696179
0.3434321618732503
0.4626585303799801
0.40666856468998486
0.07282419477642303
0.38008793581639166
0.21343002929588695
0.2661332051070263
0.12081130312983202
0.16463118408610172
0.6298367623484605
0.38058742920783784
0.41703825997522564
0.2920973060161303
0.24234618963727664
0.5671906684060475
0.19038722430356197
0.5916681612323943
0.40141585087753723
0.28141853421815566
0.0
0.3310765002309456
0.23480876307315088
0.13885564972919662
0.18246332788950526
0.12226601801002664
0.2040704038644698
0.5343179836913704
0.37983861127782526
0.3778965198468994
0.6021463476318536
0.38939474508019406
0.10569361730387877
0.20451574383433946
0.4067195623733618
0.2921089986818571
0.05272760420510825
0.5008832408388099
0.4548761317609466
0.1400180631130687
0.21575323278582687
0.1792936521328511
0.5060707248296048
0.25447804121802936
0.18832246017222795
0.10804319958561309
0.10746814355233435
0.546305666456283
0.1213595381785141
0.0
0.07385731765892861
0.09741695440046666
0.02148111093247286
0.6017579106388702
0.0
0.07676155219369839
0.23227160463298327
0.8006937648564865
0.35459455100321924
0.39722366152114613
0.09478836774187899
0.1591208306931271
0.0871309832845391
0.3924571360836961
0.3180808044135251
0.10615534555475088
0.583692598098194
0.17341657303971694
0.2833949763217359
0.3927007695190164
0.09202131357792474
0.04110316093867339
0.6086320853832753
0.3899089698823247
0.412331241200577
0.3798839528367627
0.32484656803813167
0.24524559326278558
0.09781856214709823
0.38772273233712673
0.33276316652963855
0.4304350580113474
0.20338213911964365
0.3089048412480036
0.3150463832680659
0.2547033084907422
0.0
0.09250522010363395
0.11069243357191545
0.4847279104594871
0.31680609819192973
0.034319171282751346
0.07641101261032367
0.08290714203037243
0.04720889738414897
0.4479350592698359
0.13836183685553238
0.46398769946348395
0.21935069701540655
0.3592704731910112
0.5142558535363388
0.4159594708250461
0.2977492986991168
0.659031199631484
0.17530138093890368
0.12501907411495078
0.23472862436220684
0.2209509648467099
0.5537133707728435
0.18888420927748295
0.4714159693997196
0.29175187208797504
0.143113879710415
0.172836747186511
0.26259121054738077
0.2542133128249405
0.39513263288955064
0.2889905988919544
0.5244777154164783
0.17181538384223521
0.2767430424184248
0.5545477724539678
0.21093926313115063
0.33818524968704294
0.19547413910838338
0.21784818316654703
0.0
0.33236653112969355
0.37119866800190093
0.41505373984744115
0.04235343130210294
0.46581210163542275
0.27356862552537903
0.19418449411847416
0.3643998943102623
0.3553290859375206
0.16688429594268905
0.3784055478261485
0.2251572275375125
0.39135669801805234
0.2949310973569039
0.16530435597027673
0.09463700173544448
0.2579677556522426
0.2752370536090658
0.08445466803700748
0.25587366813589735
0.0
0.5065363436505822
0.34030217985707467
0.36985753307447705
0.09907404791535245
0.3697750221722675
0.14085833173916332
0.46068185757727265
0.24492789851913263
0.18129336212558866
0.2857280141532698
0.23456391733303236
0.20922722045481795
0.5229774833961007
0.4933393171096795
0.5112849042740565
0.0
0.16964199578860448
0.543441701582898
0.49638459925734085
0.37598166885707485
0.4599091904583572
0.4123730528313899
0.3896968313452465
0.22501494550949636
0.5590820392515538
0.3859553680515974
0.3501290996201071
0.359470027617827
0.22303101546993243
0.36713558099912214
0.30897836413181157
0.44636826030284216
0.2949068994951831
0.12517122599023597
0.3292185771346705
0.032633942423163885
0.13283786918455096
0.28539963522271905
0.0766859372083781
0.24899680037637315
0.1960901839766684
0.4342263160976635
0.0
0.2660121038110087
0.39009541002243775
0.19958212116939927
0.15899023080740318
0.3294683501994843
0.5354574332519625
0.3684825344401529
0.10096577714378158
0.15397190241400704
0.2165744675488362
0.6307476687556796
0.08885813123614023
0.40738824970859355
0.12633862204857194
0.07839826893635371
0.05693871328097135
0.32547424992202295
0.5995306020992272
0.03418690377947255
0.5297031690189371
0.39642361991217834
0.30535119094398955
0.111382183257132
0.43241382402257106
0.392125866346851
0.4918910943883462
0.30394608155552766
0.38873893047760216
0.05946931697533683
0.21919789937227008
0.5970244135014945
0.11939907203260047
0.3789147672215196
0.7271127973176096
0.4461722946064066
0.08628233901529406
0.28165079553319305
0.0
0.521913436934311
0.2652606521936797
0.4572430417381342
0.14069666310523576
0.28917213257185703
0.14264999896642488
0.16680514864695564
0.6341244231840343
0.1942453135802087
0.022579586610638944
0.1754926066518575
0.2250974952613003
0.09146789848374882
0.18383274813351405
0.3948381202662833
0.39285016737263034
0.049756570207231836
0.3496880908008126
0.02770534189026768
0.5144316468825699
0.4300399240781089
0.09978896462389841
0.1539085172734722
0.07754563031614947
0.31848421560708445
0.13984490389914833
0.39194785883478084
0.3755830696006735
0.4865693333640743
0.3065735936544597
0.19706139910043777
0.19463906498818115
0.3344196091204511
0.14782949149021504
0.26025561625317156
0.39969463896264684
0.1487261081841916
0.3090312231371479
0.5239918545975278
0.39595141389271826
0.4176041803495568
0.08589019497728974
0.27364685709778125
0.13945598242630863
0.7759192596587331
0.07839826893635371
0.2828013374516192
0.4456069769394386
0.1993062351435135
0.20266968389442896
0.3691687336595713
0.07317767871991089
0.0
0.32156066795269034
0.369663675120411
0.4404410225003943
0.5150524204529393
0.054111661122606264
0.09250522010363395
0.13898535941211776
0.08908291524683869
0.3823194242060275
0.22222914916996583
0.4614598049759319
0.4225235051388902
0.38163540862462414
0.11768841014057058
0.18033370047618935
0.0
0.05702496050776437
0.1256829228132997
0.0
0.4124388562376166
0.2492419901514637
0.0
0.4798267628650214
0.41218694729131194
0.08690742258138351
0.4194098358951511
0.11399967821981224
0.23819567770944705
0.4552727671608916
0.13305200947246906
0.09481933231256465
0.18705270788012987
0.14458324469641207
0.5132578140692581
0.46570875555125496
0.36184873782567106
0.2147969679172486
0.43633641124600503
0.41611704309248404
0.4482397553519389
0.03703386414777899
0.04456233122179565
0.45644849128825166
0.6015536054407981
0.2378846703792653
0.45453594814432885
0.5664296943604928
0.19633919477011738
0.13045130004476485
0.5090624407720613
0.44434341829475155
0.253708205523251
0.2784349633417392
0.5655773872114169
0.14025583785204632
0.3244437698750014
0.02768693472787053
0.38992693881389406
0.3152849290806174
0.33276076005221666
0.38862077435302145
0.42279522325592533
0.46756597945245815
0.13553997267732762
0.6131471873089194
0.0
0.4439963874735768
0.20009172845912895
0.30028291447794203
0.03381089231794565
0.27493159827292
0.7187627478789828
0.053928210795924324
0.17630010726662426
0.3193235609245945
0.3575360731455594
0.3068123520982542
0.2657438725497088
0.6145805641759879
0.4128066801282066
0.20479451779995073
0.31873862971248274
0.1963537653531416
0.20283165065492514
0.40868064148398575
0.1952219521709004
0.24405934967287346
0.4309047627413697
0.14855953901218347
0.2841082242566151
0.0
0.2663241899512761
0.482917522595248
0.33472652501240074
0.30068584514964797
0.24909836590678458
0.2451167036849442
0.11481746608621278
0.545608335440864
0.3019633127983172
0.3000417335191589
0.2599427923338801
0.25610728326073406
0.2872747659382428
0.050209925458124444
0.345956582299732
0.4753073938477252
0.23249263359471217
0.13365548796228074
0.6164891025661191
0.4150355161473159
0.4358127299254283
0.19291454542541275
0.3042311283555552
0.2571929584904908
0.2939523003935386
0.06711632598518535
0.23004063085157633
0.2762642773870891
0.17369671489460503
0.14322794074344564
0.5386745996289823
0.06286698237077151
0.21222636835785774
0.0
0.24152033506170123
0.4876961483661143
0.40939204177434896
0.2792689834806394
0.25599801376999887
0.6125756460039824
0.15985136661829114
0.4746046045707907
0.2716330876037805
0.43493645054156066
0.25745960580333055
0.5478205840345796
0.32609273546117135
0.16724978470095955
0.22842374777959967
0.5972536897478761
0.1284356571785314
0.23177886288925795
0.4271820742039569
0.2044781959905452
0.268988525818495
0.24234075019403115
0.0
0.1869115523900287
0.3167756622602247
0.09375310614528454
0.44667323545844195
0.24080634524077243
0.07591302526976572
0.26470260112244215
0.30477576838433795
0.3919482420043252
0.5333765806265267
0.23328344820408112
0.33405631703838856
0.3281382992554745
0.2399345823614274
0.165306671573857
0.35397464105976506
0.5884876157881502
0.41924870740199693
0.35363118699860463
0.4225716369087527
0.28680175464436564
0.1845257962330158
0.5708473516664171
0.5890887647741133
0.16525516966180515
0.11356643073951146
0.6057449217175945
0.4714033669023502
0.08516429911026742
0.39081044821822447
0.09399797538954867
0.4826279720893697
0.2883935145251088
0.6791392408199793
0.48034375537852714
0.09487789483880477
0.49653014902555265
0.6291463164702888
0.3874033007056741
0.29074705281963303
0.1895860668667031
0.5333259798760017
0.6415494675695362
0.16506788897796784
0.2842381887443005
0.5271362132957498
0.307901794134215
0.46565039314301027
0.3603366911678016
0.4099495095992733
0.44416513937363994
0.2709186204555461
0.10255569278827252
0.25528550024758123
0.3433483608931519
0.45612079497166286
0.23171160782325867
0.15204926933898777
0.21021645704941655
0.2451231800488095
0.3675238376825924
0.20073008412588367
0.43246374176075647
0.21954343605188595
0.06384491609228547
0.20507707167370232
0.6666350664073885
0.43375565573803365
0.24459478973379678
0.34665955750349353
0.7878260775642736
0.4206537180831043
0.23889690169055633
0.19927104537182758
0.4324385729430174
0.2422244462942072
0.5847710757118096
0.45963829682803015
0.5331877110267526
0.36813690517573283
0.4753642145851517
0.2944889862776536
0.4192095112197779
0.34099787108109963
0.05911962848758073
0.050940676591699534
0.18668879537518082
0.02903486648569963
0.20328420134800396
0.07661339280949822
0.25158642360380057
0.08966284461165924
0.21034840908150007
0.2459012385587807
0.39339656955806696
0.2300669000424416
0.534610651527818
0.2702335677186897
0.017892952292849148
0.2433947953575831
0.23358950281078758
0.5435468737245386
0.053734929405095284
0.6285089219399708
0.023508017303697948
0.32070265307166795
0.425721771469037
0.6564856529997082
0.11648358538200676
0.4762387203203974
0.2782437173387209
0.35670520663984245
0.7480491607616341
0.43587869524918926
0.17745200035463843
0.2006840353087256
0.36591232458230294
0.19294050637883947
0.4584870314912555
0.5467661459358044
0.4824097811841048
0.09226745544311805
0.2456809702554426
0.5117931694424811
0.0
0.16075371008053502
0.29137132840465185
0.23658007139585877
0.2035236480082111
0.2229090470154762
0.45989130753940877
0.06362078691860773
0.06405806068144215
0.35127475873812
0.0
0.33658219694949415
0.274182725812672
0.1300251000656844
0.4635213793638894
0.41883283893244827
0.35288895488008354
0.4406735245962315
0.2676225267301149
0.1541893106034226
0.24378958330785405
0.3178372658407823
0.4515780512028492
0.29713488926156506
0.24298896156651845
0.28042498839532787
0.6301326499211529
0.313150307778432
0.20065424193704506
0.3572013391434797
0.20628854779863898
0.5052982525044852
0.18801968835370522
0.32751584650897214
0.3237068390333328
0.1410423687103254
0.24038730487280685
0.4299758424074758
0.2313137587681333
0.45004673845170734
0.5882437930856989
0.20675243992808068
0.48680639948697974
0.6776397761736218
0.3455632512081524
0.3214415031660696
0.2338196023727639
0.2875131756605258
0.07205862663506997
0.7292386857878832
0.6296759978453429
0.08374762030654966
0.15632041961369006
0.057731007464766594
0.4486848225931206
0.3377083523893086
0.10683659488610321
0.3651002600050336
0.10702989239380509
0.27754395666071235
0.5275551035943759
0.47771362682119195
0.23299777216313636
0.37573334471143816
0.36949903442406673
0.16627820536755958
0.0
0.5066760581273502
0.2739463298302894
0.15638906464728652
0.27495646272962126
0.12288308846722605
0.5555685954247507
0.24286145473348672
0.3216568610256367
0.18643850527611894
0.3157276910092726
0.24787311998589057
0.5030184049635665
0.6328817712576299
0.0
0.10447419805119004
0.13959012514063504
0.39481597670016005
0.13249029693586284
0.0
0.2093567812251951
0.08570552880895588
0.406644155143529
0.33577279679692307
0.5085269878291676
0.08709493472599524
0.024485774379504027
0.32854420655670313
0.27030410378598907
0.39740803558362753
0.1128989271750759
0.2386705948239921
0.19354383505080075
0.8034903039588133
0.17447759031536392
0.3420387185994444
0.25475084760972877
0.3555373214279382
0.5520426414812623
0.3229637535565265
0.17467301788658515
0.27856469382199966
0.16467802761900857
0.6955269295267081
0.14707657402699248
0.3696443595443556
0.195679603538632
0.1158651274391897
0.15570904552228118
0.45158995653614314
0.06625422567104446
0.47892045714706355
0.11294985287152662
0.5676427903758171
0.460585631537238
0.2857325149258982
0.4491238744630795
0.1622031022221467
0.09311157640142806
0.22585819664289825
0.45838608506417444
0.1599468848891801
0.3256216850323906
0.5014570466565359
0.32016007882814
0.1547327742003762
0.34971829190668646
0.39293658511076485
0.2628174294924762
0.22905211607945014
0.08744302528979629
0.3410073262832231
0.3278441345689159
0.19241938568093347
0.5830397125266277
0.24531109178515667
0.33198158769461045
0.10309578110570072
0.33405830687790955
0.6877893264737414
0.2878474648259482
0.37570592018624993
0.29579647238575957
0.525912102868393
0.15330894224335423
0.5146204831927365
0.43041373453408377
0.2540185605341323
0.23359245755676047
0.1795403213973917
0.13774670342040474
0.412508453225573
0.6300279498248976
0.47431477127505317
0.5967229495316195
0.22863828540093492
0.7169657227270912
0.507494175417165
0.2505890868967899
0.21278403765747939
0.5135682796103235
0.3134493384986654
0.23402412416603133
0.0909362238479676
0.3023346903423949
0.46378153126058924
0.24893231262543994
0.4331914011563244
0.3360017548182528
0.43495018664131674
0.48657598759884324
0.4580109927452374
0.1903617746634435
0.17789231031004002
0.3308432046137361
0.2602121109190746
0.280709766466792
0.4515941946987568
0.1532151381577709
0.2447019939018636
0.22691899122780695
0.2825003381017847
0.7556535608893082
0.38323561731423933
0.17416447226030837
0.2661868236397813
0.5046659035266963
0.2509058644819388
0.3842296014854306
0.09309325172747329
0.255605987811191
0.16685154648175612
0.29199633823550586
0.6305192627936966
0.15603530250519226
0.0
0.24415772835781172
0.1529211314419172
0.2382255002169194
0.0
0.40843711150551854
0.5179173591523196
0.26663007651551346
0.35975905659351576
0.4941513450738292
0.013893625161719395
0.3865990952273542
0.16552813387656204
0.41840232724499593
0.3252720255648983
0.5324240761753197
0.2143835847428209
0.3874412566811581
0.24751519339548478
0.2225287210215497
0.5042985398542071
0.08950154099440519
0.3632443100169811
0.06701496415949633
0.6237227568078507
0.02136886424897625
0.10473869330699323
0.307400647024363
0.3151625523743469
0.0
0.07377151057951971
0.2455375790473548
0.2840524786443806
0.2925871177509186
0.1889181857531572
0.0
0.32750347699974985
0.0
0.11901918987128278
0.491996686250341
0.44735299827459307
0.013047740407491655
0.2163014595176047
0.41808019732428614
0.20754231062683817
0.10433976620094702
0.3886401547782229
0.518357512950515
0.4497615821314818
0.41244115534113923
0.30576927908482454
0.5768212690701787
0.2188709546220131
0.24816211359499535
0.2423552259158722
0.09687487909807048
0.5347673025057313
0.3672891950257431
0.0
0.22901687083948494
0.09915065905710771
0.0
0.3690887235119637
0.3972079524354847
0.20438240186070983
0.12005645636939648
0.3350627009665859
0.3656756807076544
0.3730392694570979
0.2707929568359815
0.11352713356740733
0.4544842415770392
0.3314693749966999
0.1581213782718509
0.37528321363308154
0.365778406640251
0.353379664442073
0.20962124356831924
0.07136123905375316
0.6531030904942047
0.03582622090438783
0.2824028372020579
0.34302699807968506
0.48491337519925165
0.33762994181688644
0.2589867339873076
0.32710087871730037
0.26257480806034655
0.07336392325013509
0.26132168595635996
0.2975727401493122
0.21151381779653922
0.2214464868520322
0.1083230061752013
0.23410343731789138
0.41518073522505217
0.218569368668071
0.33617787141298805
0.07560066144088369
0.4478211133887365
0.4000212458888555
0.0875267577895859
0.15592048750844384
0.1171756512835769
0.19040032031971363
0.38521059912830663
0.17222760526271053
0.4675734438422481
0.5524171175628799
0.10084290679378023
0.1929058145271165
0.2129431408617797
0.23864784463167216
0.24744093380132676
0.5172894942036301
0.292763902477004
0.4833933405965551
0.26590040654649266
0.4415761467645064
0.13769937789082226
0.608082728024639
0.09647431355629017
0.17291683185294365
0.5356254180084287
0.17270635559094197
0.6187087454782236
0.34365021703564264
0.08083227473949577
0.3009480188196984
0.22520707514598848
0.247727820339812
0.14209729607761892
0.24144270219502317
0.3226398941872764
0.10092188666724929
0.06337284363201563
0.21446785501176602
0.12604570164975148
0.46352389856003795
0.5135720119670241
0.19669469924951635
0.07994251074851268
0.2045889550842719
0.28976930189417505
0.08770170754151158
0.13771148369718053
0.5487805416834135
0.13009687743713044
0.3810389501892304
0.13906967757171254
0.5202979607316108
0.048593237134039444
0.39765288544005206
0.07336392325013509
0.04110316093867339
0.39959923925823904
0.3385744906061195
0.6170528668533363
0.44128189999466083
0.42466159726065794
0.13732660797252655
0.3630218880697644
0.38096383751080654
0.30655488489992944
0.5213063254037261
0.4340000076704733
0.2731780741586245
0.5257358421442314
0.0
0.2667567995616819
0.265563159486557
