0.1848293422361842
0.12811357700200807
0.18496486218592556
0.4698833041394222
0.2873629150257103
0.06666666666666667
0.3459884173571917
0.0
0.19600689661854248
0.47025043943391
0.3117612128434719
0.08334650193735828
0.02802224444249224
0.16036523004838163
0.0795235609842478
0.19499303244826025
0.07192639664252896
0.08569723061578974
0.04315138623537275
0.23037087984360544
0.0
0.5147714424843294
0.47036527590874033
0.1312050740316724
0.14895117686960302
0.2587285502434434
0.05912705637591624
0.06588353990045252
0.07245225634235107
0.016554033253076927
0.2670747974596704
0.0
0.09454246225867186
0.6844508677086196
0.09135246021540781
0.01745857967057873
0.4394219268671367
0.0
0.0
0.023986133199743572
0.26647403091959604
0.3192674347415747
0.19955225497514417
0.4880382151764883
0.21404082083593373
0.22520573607658526
0.3707746928170364
0.0931701906328473
0.16642435713567622
0.24090885677657498
0.09693606392534382
0.0
0.49489232746936873
0.07438669807147222
0.49846117326054984
0.049117261892542806
0.2054778771824477
0.07440601425705641
0.0
0.32439546151258153
0.24555557340784007
0.10914224619415824
0.2499201520755876
0.42758999112400925
0.0
0.5531464376239399
0.0
0.1658907865629344
0.09023645594659967
0.4181912182457284
0.17885031404695276
0.04706804291719221
0.32389537950760744
0.4110149450740197
0.03892450822346386
0.14895117686960302
0.13687030868457267
0.1442920286894773
0.1034083501158186
0.0
0.10495006253756041
0.02426864432438737
0.1915086559752039
0.0
0.16174285250522355
0.4030146296280816
0.05391533124553702
0.3486021855083161
0.1616988897164764
0.08738408283913125
0.29614210786155465
0.0
0.32262724754596533
0.0
0.19496058451450476
0.2054778771824477
0.1658907865629344
0.2393333889255917
0.0
0.5069341940510189
0.21398626751412297
0.4810199284234445
0.14895117686960302
0.05319702678267979
0.23471819194035126
0.0
0.0
0.16102233247438585
0.1803443068661921
0.04373502467722413
0.07132875583804099
0.07911040049790423
0.0
0.07913738043798252
0.032532816709728546
0.2942414204036281
0.4806302564633422
0.09794013594408552
0.34519134154579534
0.060555061152220785
0.16667253957535078
0.23307160834326454
0.0
0.2733910464961889
0.2895983086561092
0.015248978243205629
0.20180868431872812
0.17676891209640522
0.034646827384729136
0.4782643729943089
0.060555061152220785
0.18496486218592556
0.04868945187953424
0.0
0.19077755165495494
0.213762421643885
0.3869772124151777
0.21735676902705323
0.05652670031284466
0.37042687220253984
0.12387607828571147
0.1460683556386027
0.1804173828448869
0.1449576013574286
0.0
0.6080650669995424
0.1843821564637303
0.07784901644692772
0.04373502467722413
0.1658907865629344
0.08804177011600667
0.24243543741352136
0.18773177434451704
0.3683078179689846
0.19266529316924513
0.07923337194815089
0.0270064468442305
0.20018275430807286
0.0
0.2553169121801642
0.07816593393738018
0.5101716734086997
0.1130956049476524
0.07816593393738018
0.11305340062568932
0.06418733385232443
0.2364212262240513
0.362937444383726
0.44905625059268806
0.07438669807147222
0.2895983086561092
0.3242886971641243
0.29294792653689594
0.5417552578285153
0.47124716518523585
0.3956869021899126
0.0
0.17853485291381585
0.24538379549888498
0.24090885677657498
0.08264501001143001
0.07865588646968853
0.08062527001226476
0.34429402955320043
0.15842540138405756
0.38356636845265696
0.020262769534131753
0.3367338120983305
0.08572588367936336
0.31920241970650187
0.2015406112190961
0.13865029513285854
0.018743582004524625
0.0
0.07949917469879707
0.030116110055608086
0.07132875583804099
0.0
0.22965248872454797
0.08821934326864105
0.3287631385319276
0.04706804291719221
0.3426593633347463
0.0
0.2141785320760247
0.16174285250522355
0.037949811203851734
0.11565362747577834
0.311201748982391
0.38496136515489593
0.2198040420199795
0.0
0.1843821564637303
0.05652670031284466
0.26412531034802
0.0
0.41336366564559573
0.3333333333333333
0.3869772124151777
0.03892450822346386
0.4724368818800501
0.11305340062568932
0.2133151256157581
0.526891976221585
0.13066269788974696
0.3270396681398123
0.0
0.06934506252399683
0.4273013931298811
0.11815788017161476
0.3539622574022643
0.0
0.03391602018770679
0.04792722106960394
0.013507800888716323
0.23222112752638913
0.21099564385212372
0.47452018766006937
0.23376232798151164
0.06934506252399683
0.12439094919840177
0.10352707473652248
0.10914224619415824
0.0
0.44422185374366985
0.04868945187953424
0.14895117686960302
0.07192061599740994
0.0
0.05143637473610367
0.03371707223883758
0.0
0.11305340062568932
0.05365266332451218
0.17843226080358937
0.2625111852968305
0.0
0.07421337051777716
0.20261701333074483
0.47238671972309604
0.7557415253426383
0.0
0.06934506252399683
0.30774998206209225
0.5574297546951361
0.39943783590371756
0.18773177434451704
0.21398626751412297
0.19844118098355987
0.0561881095795475
0.26647403091959604
0.18312916848423474
0.0
0.09103160882447517
0.012784784226374787
0.03815551033099099
0.10026172499006879
0.03892450822346386
0.0
0.3333333333333333
0.2400488364160287
0.1750188160106016
0.22075398514020433
0.3176588364667125
0.30335697363588476
0.2133151256157581
0.30540703563516214
0.29294792653689594
0.14183938673892227
0.06506563341945709
0.2997184079163978
0.02086690794837182
0.15678842530291345
0.0
0.10256836639795916
0.1425104140942413
0.09354409406488638
0.3333333333333333
0.0
0.0
0.17376534617417208
0.0
0.2577212921913471
0.30540703563516214
0.1455592797358461
0.11305340062568932
0.04931304879225648
0.3944852958393393
0.3195563020692679
0.33916020187706797
0.4307122370924018
0.29312031151796925
0.14264046460879293
0.11102594150681058
0.0
0.1182587003890919
0.18371059616323948
0.25122328174924763
0.0
0.2738559130654702
0.07865588646968853
0.22811718114095444
0.03352774811888721
0.1803443068661921
0.030116110055608086
0.2846438814537991
0.4210226123192492
0.3217565020992687
0.0
0.08406673332747672
0.12276927265632821
0.0668174306801044
0.18087953379651564
0.0
0.3828952265542921
0.13544805754424732
0.06020011949705001
0.0
0.08747079284612294
0.05391533124553702
0.0
0.0
0.23307160834326454
0.0
0.16667253957535078
0.18332475095010323
0.18436997856438808
0.14735178567762844
0.2670747974596704
0.0
0.17762843317112023
0.0
0.04373502467722413
0.24838996722800608
0.0
0.11677352467039159
0.33916020187706797
0.14895117686960302
0.10256836639795916
0.13413972286562223
0.3600546231527257
0.026189250135729033
0.33916020187706797
0.0
0.03892450822346386
0.066530472019064
0.07959862662467698
0.13946559205936707
0.11269217887277272
0.3585506043727383
0.0
0.1594341907439909
0.2768066330204887
0.250842356625182
0.27782248617252425
0.03892450822346386
0.013613651539294131
0.25717765103809004
0.10796512650253581
0.04373502467722413
0.0
0.6469101839391602
0.3103354805556202
0.1658907865629344
0.4261004389448569
0.102225530513194
0.13680103701707222
0.0
0.05652670031284466
0.08065555169411169
0.0
0.08794194883039147
0.03892450822346386
0.0
0.15708238839507863
0.19219078106367182
0.15075586133281474
0.0
0.07784901644692772
0.4208033826877816
0.16908111174165574
0.1702940843441076
0.15402149196615464
0.14688963472599967
0.05923640516466531
0.06666666666666667
0.0
0.23611450125103178
0.19061013651396583
0.8310459203368109
0.0
0.13411194868274975
0.0
0.04299801418423654
0.08264501001143001
0.06914179309560432
0.05365266332451218
0.43354234125763963
0.34304734243765034
0.3277691685225153
0.050927662516577196
0.8343669303578104
0.4810199284234445
0.029572488308883652
0.03352774811888721
0.18085917424788983
0.0
0.1774678957332365
0.5029134342718673
0.0
0.22811718114095444
0.060555061152220785
0.369266628808059
0.1503012727892788
0.1843821564637303
0.0
0.28253868971830404
0.11161490543612337
0.49419892100951524
0.08750372843227683
0.02517082252714257
0.10796512650253581
0.1298467507052219
0.2895983086561092
0.24090885677657498
0.013507800888716323
0.0
0.2739238117894884
0.045427787367091424
0.0795235609842478
0.30149915837577995
0.09170840036319555
0.07808303571789266
0.03892450822346386
0.12837466770464886
0.20683600598380492
0.1727205555548921
0.29273343777231997
0.26280254707872475
0.11658488146633449
0.31920241970650187
0.0
0.3503205740111748
0.35447364051484426
0.27727342967027513
0.0
0.08920353008123685
0.05652670031284466
0.11582002378619152
0.21398626751412297
0.1489860745527897
0.13527790996163
0.1593666322814681
0.2577212921913471
0.17159048082810976
0.7510458081969471
0.3427114435656174
0.022272476893368132
0.31384186300215366
0.05731280653704108
0.4119371496236141
0.16958010093853398
0.16654805857814067
0.25908083333233817
0.21398626751412297
0.3599063538532375
0.0
0.0
0.0
0.028786759259148684
0.1312050740316724
0.022272476893368132
0.2846438814537991
0.1571355008143742
0.06364385817449529
0.20225118243897133
0.1196441464119252
0.05143637473610367
0.23471819194035126
0.03352774811888721
0.20253382986971338
0.3828952265542921
0.10766712074967755
0.08750372843227683
0.0
0.2783730842936527
0.0
0.0
0.13350456749774417
0.2020831070863588
0.0
0.11217964886295533
0.3333333333333333
0.1460683556386027
0.2501786688114199
0.28281373147204303
0.03892450822346386
0.3270396681398123
0.3176588364667125
0.11677352467039159
0.08450787900110329
0.10475147802347239
0.40299642053546925
0.2422427992624918
0.21398626751412297
0.04792722106960394
0.2187411245282764
0.6702445258923388
0.1312050740316724
0.06934854736921958
0.04254433881932042
0.24373980300986212
0.4582447421714847
0.11305340062568932
0.20026740882895894
0.2473399076449397
0.12785545615088564
0.27487355880644204
0.09242447655675837
0.032532816709728546
0.5079169239409176
0.267541150113391
0.280259523066399
0.03611032392629155
0.3211288721799347
0.12785545615088564
0.3333333333333333
0.34429402955320043
0.25906053018255804
0.024003641543515045
0.05278616896214484
0.252645909100417
0.09323777398218137
0.2640681333451695
0.0
0.3494746268497406
0.03892450822346386
0.0
0.016976425596285944
0.3270396681398123
0.21553432897365743
0.03815551033099099
0.0
0.22174201890253153
0.09242447655675837
0.020262769534131753
0.022610680125137863
0.39032785028554956
0.2768066330204887
0.2577212921913471
0.0
0.06207903862396797
0.14181975601883992
0.36186943983372205
0.012784784226374787
0.12001820771757524
0.02241902315869181
0.12138871327628187
0.2939523844989153
0.0
0.1925620015569733
0.3659707047263131
0.30397135500814376
0.15275088175513896
0.07759168066151649
0.1702940843441076
0.20253382986971338
0.09759845012918564
0.1862762939010923
0.20421800213249025
0.0
0.0
0.0
0.06904061827907194
0.0
0.049117261892542806
0.1292728383902881
0.03892450822346386
0.29659014097520414
0.4533510913607627
0.2640010408492879
0.21099564385212372
0.0
0.10674284770243941
0.4601228078337378
0.0
0.053582325282972756
0.38356636845265696
0.1771193737373214
0.07897960260470405
0.33802259250673833
0.40512888582116074
0.0
0.0
0.023532278657365395
0.24090885677657498
0.43902046005032536
0.10159378288464728
0.04868945187953424
0.0
0.0
0.16958010093853398
0.12785545615088564
0.0
0.08804177011600667
0.1312050740316724
0.15168562829050197
0.4307122370924018
0.21497654379348125
0.4273013931298811
0.33185624782082734
0.07491379571632077
0.0
0.6864231493941731
0.0
0.07866738702572823
1.0
0.1127611200670381
0.08636027777744605
0.09308787786194933
0.188871060792672
0.2800320833062542
0.16688679234565118
0.16958010093853398
0.10159378288464728
0.44240682301406337
0.7112741326853153
0.0
0.19995646368346898
0.1306993544122697
0.5571917284593606
0.05652670031284466
0.07132875583804099
0.1362323998096262
0.30774998206209225
0.5329059013184336
0.10897454005984329
0.14120412875157662
0.13196021658976959
0.013267296802194501
0.2739238117894884
0.06364385817449529
0.0
0.16877215723775263
0.17159048082810976
0.04373502467722413
0.15947739891782028
0.1182587003890919
0.0
0.1589034397787299
0.5725324461852727
0.7944977917086279
0.0
0.33905674476282655
0.6287585105331771
0.3962146388206675
0.10796512650253581
0.06803465855466258
0.13196021658976959
0.21639240395670037
0.06413692850114862
0.32197462894140755
0.06722493551956711
0.20853164761744425
0.22756440652902268
0.022272476893368132
0.06203378595879562
0.30774998206209225
0.2010757919035876
0.22517384447171987
0.13377010608366738
0.5703970776223806
0.333657103590959
0.12156951823489388
0.15568835172074724
0.02905580151557072
0.08134430584964009
0.3025876676198551
0.1909315745234859
0.25695557822415244
0.13459206637203755
0.2313300852025539
0.0
0.10026172499006879
0.20276058161932073
0.08804177011600667
0.079603780813167
0.8348953417194382
0.16049402645835775
0.24667775490047966
0.07586811789803105
0.22953464473742968
0.45659695491105434
0.7738931987486214
0.07114194303509659
0.1953814044308592
0.1909315745234859
0.140966408122104
0.2611321361538678
0.35754989779107627
0.19849773233899623
0.0
0.38859763187713314
0.1090618441915761
0.018484895311351675
0.12763301645796127
0.11305340062568932
0.0798459954116655
0.0
0.21380833177371086
0.16322880883441732
0.48332858582792515
0.023012756103053023
0.3620952199798335
0.0
0.34382083324779966
0.0
0.07245225634235107
0.14735178567762844
0.09115059071379746
0.13417309877108638
0.1338052951218553
0.2364212262240513
0.04373502467722413
0.4144265831372988
0.06122903454811378
0.4726736812072175
0.037893472923950025
0.4766184208215061
0.14954380005179013
0.3868376126746849
0.0
0.11305340062568932
0.05319306696963481
0.0
0.04868945187953424
0.4026517092817985
0.16654805857814067
0.10159378288464728
0.16358057299783876
0.04081687964478447
0.0
0.0701799567406283
0.11005633316477408
0.10026172499006879
0.1460683556386027
0.2377001158444527
0.1593105453927648
0.0
0.06229194031648807
0.3307257556490611
0.0
0.029501206901572284
0.06198159480784177
0.12078373613277084
0.0
0.29822949604176296
0.4199181314430579
0.0
0.0410518450036729
0.10256836639795916
0.5716313350531084
0.3527306990302954
0.5289635821928947
0.15079151709882044
0.1607157958850162
0.33916020187706797
0.14895117686960302
0.06194503563730257
0.15409785638757337
0.38800138863373146
0.2463300806286715
0.1329840216514548
0.2899346978526655
0.09242447655675837
0.1909315745234859
0.12839822838183937
0.2599300322817994
0.10026172499006879
0.30337783122645035
0.15678842530291345
0.3361154157387423
0.08554356439091403
0.12235025514434282
0.4834816783786919
0.07493669360642108
0.04247787437896034
0.27247155756424707
0.030116110055608086
0.14028955415750893
0.4550568848715059
0.1127611200670381
0.06506563341945709
0.10303811036781896
0.0
0.3976972820794884
0.21398626751412297
0.05654335539564311
0.3127804212889341
0.0
0.0410518450036729
0.6724935352104012
0.31591754543215217
0.3270396681398123
0.2025950559514474
0.42059301737725213
0.0
0.0
0.08703246132971454
0.1010415535431794
0.0
0.1765449080304199
0.04792722106960394
0.3257840464812178
0.0
0.0795370291383724
0.042470132433485644
0.0938983652049118
0.11305340062568932
0.26937973051973246
0.05560534836389929
0.07132875583804099
0.0
0.0
0.04373502467722413
0.0
0.0
0.0
0.2182695528180682
0.0
0.05859732357998256
0.5903694104272035
0.09510581453077221
0.0
0.32999154099482364
0.04868945187953424
0.12199023490877103
0.32389537950760744
0.07132875583804099
0.3156484565771367
0.4103184738117319
0.052378500271458066
0.28215540925010135
0.023012756103053023
0.4094704647693012
0.1843821564637303
0.21639240395670037
0.03982509887688469
0.12696627833947052
0.18372936737263973
0.07245225634235107
0.2499201520755876
0.28497087128414356
0.2168878102562876
0.03921873722219077
0.3915611173761264
0.13334573156121024
0.0
0.20047046642613647
0.049117261892542806
0.0
0.2768066330204887
0.647302796038693
0.38704026236086464
0.0
0.0
0.15914940322090862
0.03553807613403654
0.08264501001143001
0.702097646260794
0.5331546018464144
0.04868945187953424
0.06879666663505365
0.33978345728596415
0.2897668648486459
0.19519690025837128
0.04373502467722413
0.0
0.23008771576545398
0.5338567833134709
0.05237573901173619
0.1460683556386027
0.40149307225270014
0.03553807613403654
0.38523267763128516
0.054795195493236706
0.6455709459479493
0.12955378871588175
0.18527827683237907
0.3117964502955765
0.28063228219465913
0.01842932092610988
0.500030613040867
0.2473399076449397
0.11815788017161476
0.0
0.061120412710438506
0.0
0.2168466870687754
0.27394705210983916
0.19061013651396583
0.1491323667469338
0.4463867339590227
0.1596468868463552
0.4625280274754299
0.09455460622101426
0.27581709964939677
0.7227265703297249
0.07784901644692772
0.16457733080107534
0.05491392091050475
0.20493684311460839
0.2400488364160287
0.0
0.4591784095946432
0.045595358453751636
0.14149287462142301
0.25623911672975863
0.18459095875388648
0.1886250144726683
0.057919661731221844
0.1077398335463829
0.2846438814537991
0.07657904531085842
0.0
0.018743582004524625
0.04373502467722413
0.0
0.500030613040867
0.37211393080824734
0.3284835407172639
0.13334533328785128
0.15079151709882044
0.034983354179186806
0.11269217887277272
0.5431148764363024
0.09707181221499532
0.16667253957535078
0.25919286884813425
0.2515722582858174
0.5087403028156019
0.015038002750047305
0.10159378288464728
0.3127804212889341
0.0
0.09449690449332643
0.0
0.1804173828448869
0.1560425829770355
0.04989991745560239
0.31557426276088346
0.14087830413511934
0.0
0.09634524580222661
0.14177037256434782
0.1886250144726683
0.25170167397911963
0.07353877749776133
0.1658907865629344
0.09440568544613315
0.22331427279087393
0.09505026033209522
0.43201782586366666
0.03892450822346386
0.2500344010559016
0.05365266332451218
0.17980957045131313
0.09308787786194933
0.06934854736921958
0.22067261953714878
0.2826335015642233
0.0
0.022272476893368132
0.10215013654103554
0.04373502467722413
0.1312050740316724
0.3127804212889341
0.0
0.2133151256157581
0.08051116623719293
0.04373502467722413
0.558767335013432
0.21639240395670037
0.0
0.12900524648276915
0.06364385817449529
0.05119086423553336
0.04863203044563698
0.2020831070863588
0.4364531789213737
0.4366098087705292
0.0
0.020262769534131753
0.18214402082793116
0.05757351851829737
0.0
0.023012756103053023
0.16958010093853398
0.2846438814537991
0.1275002478879895
0.0
0.2895983086561092
0.0
0.21398626751412297
0.2937382861632453
0.22075398514020433
0.0
0.0
0.3219921946593637
0.18166518345666235
0.23442047428383234
0.17663782242633458
0.12974400441675574
0.5992752192071246
0.16958010093853398
0.04373502467722413
0.16958010093853398
0.2247386511729274
0.03519077930809656
0.0
0.3156484565771367
0.6256800665232003
0.12299772584850902
0.0
0.10953575207308731
0.1910254073549249
0.09237779183456274
0.13724806044409843
0.2777039023794108
0.5716313647025426
0.1312050740316724
0.03496010666867355
0.16003377621236012
0.04868945187953424
0.02086690794837182
0.08065555169411169
0.08804177011600667
0.3688016280881705
0.11677352467039159
0.30377009229530033
0.10159378288464728
0.2888446602990514
0.2687805909704136
0.045427787367091424
0.16140756422661467
0.0
0.5048821632722905
0.16896062047807067
0.1886250144726683
0.502849284537534
0.6534081943812597
0.5843783278268642
0.13516771218425155
0.33916020187706797
0.0
0.11305340062568932
0.08277677246569036
0.5968814940684151
0.2608609887418731
0.20068649186970738
0.44521725230739356
0.17488654176785856
0.3905965766131716
0.23909494080246502
0.17311091771061335
0.2768066330204887
0.04868945187953424
0.24788785098747781
0.28266431123332597
0.41247582896544566
0.4009856668376996
0.0410518450036729
0.3135091852060536
0.14072253358078265
0.25717765103809004
0.07491379571632077
0.10160690615589368
0.02517082252714257
0.24090885677657498
0.06626459068875151
0.014279330290256315
0.09883051994131885
0.11656431258510062
0.0
0.14688963472599967
0.17474008488009157
0.09104826834328607
0.47973180340070065
0.3424589594263819
0.16228931098368063
0.0
0.06364385817449529
0.25906053018255804
0.16409795423755374
0.24090885677657498
0.1460683556386027
0.03632484668661443
0.14034098847757118
0.21520353716672486
0.30774998206209225
0.25717765103809004
0.3352774208977082
0.12156951823489388
0.39769065826721073
0.3299453309869156
0.0
0.34382083324779966
0.26412531034802
0.06901021300482381
0.23307160834326454
0.0
0.2576401780777366
0.04839424439175636
