0.3213051487322551
0.2824729839747927
0.318531277808137
0.6648598520433932
0.25143829789579086
0.25
0.5071209391328884
0.0
0.3650590684965299
0.5771806333529796
0.4522720624042188
0.14238679105446006
0.05721111475184319
0.3254960849000229
0.21459908668403294
0.29732162113060584
0.1901703421321778
0.22783341040385405
0.13745567838964187
0.3124164829772125
0.0
0.5995614929535963
0.47036527590874033
0.1312050740316724
0.22342676530440453
0.3903969859828818
0.1107683683654393
0.19164859969507808
0.13494093150347009
0.04536347246128633
0.3524293713321579
0.0
0.20266804436824626
0.6323625960547532
0.2567089480971805
0.0507852545808394
0.4895527893621711
0.0
0.0
0.06331583805314618
0.4338579635514273
0.37134079477349435
0.3403827320875739
0.5695472417314872
0.4848453575359935
0.3580434818117702
0.44916890546849314
0.16870765959710948
0.4292912469913968
0.36136328516486244
0.3052621355817849
0.0
0.5871834650132423
0.10729564784826241
0.5158912639477592
0.09147995393492454
0.30821681577367155
0.2164396215322203
0.0
0.3484497250850548
0.43774983044960025
0.20238342934299816
0.3739915141062367
0.599117497734475
0.0
0.6686770465562425
0.0
0.30896839376361235
0.1842296482194776
0.6462405617005282
0.3591382826109326
0.1018366782371015
0.4021659359040855
0.5290351690410171
0.0724961466095626
0.22342676530440453
0.34217577171143165
0.307238843825524
0.26686637409463093
0.0
0.19173169458458042
0.07803602583199565
0.29790235373920604
0.0
0.24261427875783534
0.3736991502264533
0.18399995623138835
0.3842665634273366
0.26945044457003553
0.18906468541275154
0.3982160387155997
0.0
0.39322196395811104
0.0
0.43329862694083326
0.30821681577367155
0.23647224715404974
0.49957259620962613
0.0
0.5878056203036307
0.21398626751412297
0.6159571241781081
0.22342676530440453
0.12994589899212675
0.413054740288622
0.0
0.0
0.21836974719455368
0.3205416576977128
0.0656025370158362
0.10699313375706149
0.1458786093517068
0.0
0.21197512617316747
0.0664200440403919
0.38404287582189184
0.44990982438104515
0.17923109770033022
0.34519134154579534
0.12363115879223509
0.2738639687978906
0.3496074125148968
0.0
0.4412798278025548
0.4343974629841638
0.042851053547322715
0.42138682443616104
0.3671418327646293
0.09589488873410977
0.668301100633889
0.12363115879223509
0.318531277808137
0.07303417781930135
0.0
0.160207764392298
0.4422186658810095
0.4226415903341982
0.3423780096165028
0.08479005046926699
0.339158356773089
0.1746261343597426
0.1460683556386027
0.26352775284595026
0.31363106882156927
0.0
0.5832435257538909
0.27657323469559547
0.1449922932191252
0.0656025370158362
0.23647224715404974
0.16397610054448714
0.4947763946810856
0.21599512450093938
0.501299384519739
0.4080882212272984
0.1475706286678421
0.09272540838668726
0.21590275176620652
0.0
0.38404287582189184
0.11450494890617528
0.6576219903834972
0.32255027072806663
0.11450494890617528
0.16958010093853398
0.17589431572708103
0.2890293023202407
0.4374130328185275
0.5551231245961828
0.10729564784826241
0.4343974629841638
0.5268758990809337
0.37381935278950773
0.5700186079849376
0.5851258437739346
0.42395025234633493
0.0
0.2965631157479951
0.42835043313745047
0.27657323469559547
0.15392473882883204
0.2252919824396484
0.21848378426143866
0.5186921064446107
0.30251580098726105
0.38356636845265696
0.045735257283120605
0.40725255261370097
0.1750207189309289
0.3718104958026913
0.42281936664702036
0.2166528540460474
0.04373502467722413
0.0
0.17943821561611775
0.05609067473291756
0.10699313375706149
0.0
0.37240775443590485
0.24174989186855217
0.5081547238454818
0.1018366782371015
0.3884173226337652
0.0
0.5019962897255725
0.24261427875783534
0.10399491103698001
0.3124393811632969
0.5078678614741774
0.38427838597657465
0.3179008393733192
0.0
0.27657323469559547
0.08479005046926699
0.32795220108897427
0.0
0.5624447848939075
0.5
0.4226415903341982
0.0724961466095626
0.5508310945315069
0.16958010093853398
0.31997268842363713
0.5551553263780074
0.255708665728105
0.38356636845265696
0.0
0.09843703804143268
0.5339589559377601
0.2200667752774047
0.44615333563412946
0.0
0.12718507570390047
0.07020838520507416
0.03929283595255989
0.33047013145567883
0.3014953674966741
0.45542010632550617
0.34243745418758703
0.09843703804143268
0.22094409203475837
0.19850779473727548
0.20238342934299816
0.0
0.6434808603837033
0.07303417781930135
0.22342676530440453
0.20600032475104516
0.0
0.12001820771757524
0.12157927336792393
0.0
0.16958010093853398
0.07616128774664462
0.26988186300694017
0.24842743033001066
0.0
0.19090696361593046
0.15717134381023956
0.7162550444861286
0.7840048754990606
0.0
0.09843703804143268
0.3960224360773022
0.5817744806349033
0.5264568335923001
0.21599512450093938
0.21398626751412297
0.3458482670801941
0.12044888628010213
0.4338579635514273
0.3559726372918401
0.0
0.22144757177794067
0.04110957904407206
0.080103882196149
0.15039258748510317
0.0724961466095626
0.0
0.5
0.3285508731885746
0.3822984832549182
0.3668856640517029
0.4034540768807674
0.479808058053161
0.23518263795437017
0.4273013931298811
0.37381935278950773
0.1372057718493618
0.1328400880807838
0.5125376033675311
0.04868945187953424
0.23518263795437017
0.0
0.19103160623638765
0.17360009926630587
0.2182695528180682
0.41520994953073304
0.0
0.0
0.23981247076184994
0.0
0.27958880452995916
0.4273013931298811
0.19687059695429796
0.16958010093853398
0.11506378051526511
0.5737518919936119
0.4116268962632602
0.33916020187706797
0.5730341778193013
0.46144149107211624
0.3314377958738893
0.21532550550533391
0.0
0.24144076297132078
0.29125669072276233
0.31123238560803523
0.0
0.4375552151060925
0.1724296155484907
0.34217577171143165
0.062444784893907486
0.37706835801055744
0.05609067473291756
0.4269658221806986
0.5099971636676427
0.5050909698317002
0.0
0.11442222950368638
0.2506496922598695
0.0963777086259406
0.24540469276375657
0.0
0.40476273889290415
0.2776445232478785
0.1724296155484907
0.0
0.18363664972549204
0.18399995623138835
0.0
0.0
0.3496074125148968
0.0
0.34028401283828247
0.2955598174750923
0.4616460077782108
0.1829599078698491
0.3524293713321579
0.0
0.4117359324360457
0.0
0.0656025370158362
0.37428085105210457
0.0
0.21748843982868782
0.33916020187706797
0.22342676530440453
0.19103160623638765
0.2738639687978906
0.3600546231527257
0.05911196349501846
0.33916020187706797
0.0
0.0724961466095626
0.17561949468384772
0.16746055153196407
0.20366130340075966
0.33629783538644886
0.5789329111987102
0.0
0.34096036130102475
0.41520994953073304
0.41109838151379235
0.362937444383726
0.0724961466095626
0.042238474161133924
0.3500414378618578
0.20108296795204275
0.0656025370158362
0.0
0.7351826379543702
0.42803264921397205
0.23647224715404974
0.6150943935561322
0.206527370144311
0.24787366386846088
0.0
0.08479005046926699
0.2470003842825124
0.0
0.16307153103427438
0.0724961466095626
0.0
0.2925629218869673
0.25437015140780095
0.33696314831808377
0.0
0.1449922932191252
0.5656025370158362
0.23236619102505157
0.2025950559514474
0.3106940293748266
0.20108296795204275
0.13370295833299714
0.25
0.0
0.47113674380160936
0.3550077067808748
0.7208553896199018
0.0
0.3357845944478877
0.0
0.13826046897204672
0.15392473882883204
0.18190398352823708
0.07616128774664462
0.4141295258056461
0.48197017397641123
0.4464876607157993
0.13443299115671373
0.8226170430458974
0.5434609775685455
0.10018750145582497
0.062444784893907486
0.28543513610961296
0.0
0.23905058260276665
0.584790050469267
0.0
0.34217577171143165
0.12363115879223509
0.4736725966540929
0.2799332247225953
0.27657323469559547
0.0
0.4789648171598356
0.2519268853230341
0.5500901756189548
0.12421371516500533
0.051389560138693814
0.20108296795204275
0.3190542587132031
0.3496074125148968
0.36136328516486244
0.03929283595255989
0.0
0.3378515398649312
0.1244870147171648
0.21459908668403294
0.33380012998311975
0.14265751167608198
0.21188269463562492
0.0724961466095626
0.23452575430277472
0.36507192176355585
0.24913276681763555
0.415569734949419
0.332613943360373
0.18196236564738177
0.3718104958026913
0.0
0.43497687965737564
0.4401335505548094
0.27727342967027513
0.0
0.16449021665436658
0.08479005046926699
0.2079819248241224
0.21398626751412297
0.34877772802350887
0.2669590046976025
0.3507449105495006
0.27958880452995916
0.2573857212421647
0.7214091140302603
0.3905229315874297
0.0481888543129703
0.490516822843938
0.18428980175601992
0.5661420364485726
0.25437015140780095
0.28175166219956244
0.3736991502264533
0.21398626751412297
0.44542537113884373
0.0
0.0
0.0
0.06228319170440889
0.1312050740316724
0.0481888543129703
0.4269658221806986
0.23644785398007384
0.11853545962682505
0.4021921660603315
0.3310742300675344
0.12001820771757524
0.413054740288622
0.062444784893907486
0.23819820778873388
0.40476273889290415
0.20748825707202348
0.12421371516500533
0.0
0.19595127431022138
0.0
0.0
0.3242675187832493
0.2532633522125847
0.0
0.24271250933688274
0.5
0.1460683556386027
0.3608586352649477
0.44080969743424525
0.0724961466095626
0.38356636845265696
0.4034540768807674
0.1449922932191252
0.1934359756756647
0.2031410183233576
0.488111378746671
0.2650761259304395
0.21398626751412297
0.07020838520507416
0.34495634506521966
0.7861669914223108
0.1312050740316724
0.09404673578265882
0.11230365663070153
0.38146454037317495
0.5147714424843294
0.16958010093853398
0.37743415664923163
0.4534256398725126
0.19178318422632848
0.4417924464517266
0.13863671483513756
0.0664200440403919
0.6239054066597484
0.2621544685758423
0.35123898936769543
0.07668458273984416
0.4909652101488336
0.19178318422632848
0.5
0.5186921064446107
0.32298825825800087
0.09001365578818142
0.16377731039591525
0.4365461201442501
0.20499966069898776
0.2640681333451695
0.0
0.37381935278950773
0.0724961466095626
0.0
0.04770534200169881
0.38356636845265696
0.389860033646178
0.080103882196149
0.0
0.3503478213165062
0.13863671483513756
0.045735257283120605
0.08479005046926699
0.5790732833301683
0.41520994953073304
0.27958880452995916
0.0
0.16268921352390187
0.31096891557438655
0.47312410091906626
0.04110957904407206
0.18002731157636284
0.060835276117134816
0.27398742425639483
0.4673025463059169
0.0
0.35178863145416206
0.5127610625947535
0.3877321687870936
0.3267334029842151
0.18641356915614876
0.2025950559514474
0.23819820778873388
0.1992601321211757
0.25545605447941166
0.21137979516792463
0.0
0.0
0.0
0.12858682134248017
0.0
0.09147995393492454
0.1846774960753977
0.0724961466095626
0.41745249167478227
0.6078854258115696
0.2959909948945172
0.3014953674966741
0.0
0.12855316064196814
0.5326974536940831
0.0
0.1159310156285401
0.4683564189219239
0.31022304503488635
0.21703311628779504
0.3459286993073792
0.4690566138966036
0.0
0.0
0.08079700974212714
0.36136328516486244
0.49964990251266017
0.13777597395434457
0.07303417781930135
0.0
0.0
0.25437015140780095
0.19178318422632848
0.0
0.16397610054448714
0.1312050740316724
0.2825115601713122
0.48824412735003436
0.47458445273424654
0.44916890546849314
0.34686446837144336
0.19774882920985992
0.0
0.7648173620456298
0.0
0.18241019377774412
1.0
0.21001541356174958
0.18684957511322664
0.19005120283262697
0.3771259047895376
0.4690260379175294
0.2287210710859631
0.16958010093853398
0.13777597395434457
0.6390729355058498
0.7469385106043358
0.0
0.3330993877514133
0.18098024452073252
0.6242708799806534
0.08479005046926699
0.10699313375706149
0.22131020891737996
0.3960224360773022
0.7100154135617496
0.1571852787907447
0.203673356474203
0.2318620312570802
0.04555266086155614
0.3378515398649312
0.11853545962682505
0.0
0.3352017128824757
0.2573857212421647
0.0656025370158362
0.27185220581817854
0.24144076297132078
0.0
0.2994459369789954
0.582923947943385
0.7042755336350294
0.0
0.5159161184783274
0.6887676143919648
0.466855638770791
0.20108296795204275
0.19790598778442828
0.2318620312570802
0.31154672921232923
0.1693063753838124
0.5245136610577601
0.17579796975956397
0.3351401479566068
0.3282397398830208
0.0481888543129703
0.1953510923920891
0.3960224360773022
0.27090873018235895
0.32985622070219084
0.2108331027148759
0.7032348233575656
0.5127206128602444
0.22642088543839464
0.23404557597091913
0.09843703804143268
0.1411139284362926
0.4185714077807306
0.2370709192536501
0.3142479925041918
0.350611841008305
0.22377298451393607
0.0
0.15039258748510317
0.3530898160608398
0.16397610054448714
0.18221064344622456
0.7717742120913484
0.2989170320479572
0.4187930027982058
0.17124252860931816
0.3550077067808748
0.4896301658549934
0.8304198990614661
0.241019066334632
0.2611321361538678
0.2370709192536501
0.30499570104129164
0.3186640264115004
0.5704379155498907
0.4187968128254156
0.0
0.37794057655081764
0.31309032360524613
0.06931835741756878
0.28792315131454926
0.16958010093853398
0.17275523772178805
0.0
0.38930028797387295
0.23911319770801986
0.4718255782021512
0.08629783538644883
0.4101205921358334
0.0
0.27443986180477364
0.0
0.13494093150347009
0.1829599078698491
0.16680618494336505
0.3028431618112529
0.24673532498154988
0.2890293023202407
0.0656025370158362
0.535389279202007
0.09840380552375429
0.6539247388288321
0.13611453449125643
0.5963079749640303
0.2672756125319865
0.5614505144742877
0.0
0.16958010093853398
0.108600674890537
0.0
0.07303417781930135
0.5191875134534308
0.28175166219956244
0.13777597395434457
0.36801155824457615
0.10942471581197054
0.0
0.16375323239479936
0.26156323655155655
0.15039258748510317
0.1460683556386027
0.2951412573356842
0.3252535289365844
0.0
0.08447694832226785
0.41213488147068955
0.0
0.08405538098616709
0.10907459423739019
0.3188310267750125
0.0
0.4338542038271214
0.5519887819613489
0.0
0.08381276596526362
0.19103160623638765
0.7091127596825484
0.5481327457920727
0.5508310945315069
0.3078608070117127
0.2995367314301307
0.33916020187706797
0.22342676530440453
0.09074302299417096
0.3602829857830332
0.5750744820582795
0.2964609431237059
0.23407714155660506
0.5049238141614432
0.13863671483513756
0.2370709192536501
0.25431942787094153
0.25975197813367723
0.15039258748510317
0.39739237045153003
0.23518263795437017
0.4810161926746381
0.2450201767671852
0.29015665906812177
0.4557313789941945
0.16914020347825579
0.08917827636631903
0.36248073304781303
0.05609067473291756
0.30651771206561956
0.637519266952187
0.21001541356174958
0.1328400880807838
0.25422943431328465
0.0
0.5117558726499656
0.21398626751412297
0.14858638122922851
0.4375552151060925
0.0
0.08381276596526362
0.754370151407801
0.45552796500357495
0.38356636845265696
0.2308584061078697
0.4709397944494895
0.0
0.0
0.10907459423739019
0.12663167610629236
0.0
0.26481736204562983
0.07020838520507416
0.4528417708767893
0.0
0.2235064828767756
0.1365630608520373
0.20315902280419013
0.16958010093853398
0.40461726897886824
0.12550727132619754
0.10699313375706149
0.0
0.0
0.0656025370158362
0.0
0.0
0.0
0.24261427875783534
0.0
0.12678149370834263
0.7635277528459502
0.23417657754241564
0.0
0.5326974536940831
0.07303417781930135
0.2846438814537991
0.4021659359040855
0.10699313375706149
0.3156484565771367
0.5574853626193564
0.11822392699003692
0.4739804651198395
0.08629783538644883
0.4513233147414502
0.27657323469559547
0.31154672921232923
0.10913381340669756
0.23647224715404974
0.3234857050104471
0.13494093150347009
0.3739915141062367
0.4021659359040855
0.4483130374640449
0.10352511569625045
0.4932686097639037
0.2720950447067388
0.0
0.41132576502753027
0.09147995393492454
0.0
0.41520994953073304
0.7237737931789358
0.590933705098152
0.0
0.0
0.35678846790883517
0.10337669374226198
0.15392473882883204
0.7765732346955955
0.620463518219706
0.07303417781930135
0.2212162485439435
0.509483177156062
0.48359452812335496
0.2656801761615676
0.0656025370158362
0.0
0.3856298436560312
0.6503925874851032
0.1015705091616788
0.1460683556386027
0.5130076681216776
0.10337669374226198
0.5724961466095626
0.12785545615088564
0.6917831842263285
0.3127751001549698
0.32468690265964195
0.44652244970564586
0.4365391056361364
0.05050237483100388
0.5922216912727322
0.4534256398725126
0.2200667752774047
0.0
0.13224046331950357
0.0
0.465130863897488
0.40906629490184804
0.3550077067808748
0.24726231758447018
0.584790050469267
0.3598737473456776
0.5433994537280417
0.11787850785767966
0.3147138272177372
0.7227265703297249
0.1449922932191252
0.3078006493312798
0.1519897991579908
0.20479690257545752
0.3285508731885746
0.0
0.5191875134534308
0.14358470862741754
0.26352775284595026
0.4211497432294475
0.3820227852128676
0.2888656703323021
0.2171987314920819
0.2952424280745283
0.34217577171143165
0.20238136944645208
0.0
0.04373502467722413
0.0656025370158362
0.0
0.5922216912727322
0.49256835919653486
0.5255527382303741
0.36184003701128065
0.3078608070117127
0.09586584729229021
0.29390281015181535
0.6407496328495935
0.22104854232713955
0.2738639687978906
0.46680234608441046
0.44429539763691855
0.5087403028156019
0.04374403946132689
0.13777597395434457
0.4375552151060925
0.0
0.25307766306048907
0.0
0.26352775284595026
0.2590219570278462
0.15714022986928233
0.39549765841971984
0.34981803942691847
0.0
0.2396917029523408
0.2322318336827721
0.2888656703323021
0.3813101614534389
0.17159048082810976
0.23647224715404974
0.220279932707644
0.30284669551682153
0.23719882373698817
0.5531464693911909
0.0724961466095626
0.4548235422004414
0.07616128774664462
0.39451332387931065
0.19005120283262697
0.09404673578265882
0.30338371209971066
0.33916020187706797
0.0
0.0481888543129703
0.2982729615596163
0.0656025370158362
0.1312050740316724
0.4375552151060925
0.0
0.23518263795437017
0.10918487359727684
0.0656025370158362
0.6568190383437804
0.31154672921232923
0.0
0.15150712449301162
0.11853545962682505
0.14662464316471235
0.13929544298486982
0.2532633522125847
0.4963836236108525
0.6559651460960286
0.0
0.045735257283120605
0.2376953833601164
0.12456638340881777
0.0
0.08629783538644883
0.25437015140780095
0.4269658221806986
0.15979138807603727
0.0
0.4343974629841638
0.0
0.21398626751412297
0.3059409045623101
0.3668856640517029
0.0
0.0
0.44350391272802236
0.24726231758447018
0.3749529726563863
0.2173971114766437
0.321741720606818
0.7411665151038075
0.25437015140780095
0.0656025370158362
0.16958010093853398
0.346075261171168
0.10918487359727684
0.0
0.3156484565771367
0.6840668911318439
0.1745983257880773
0.0
0.20149875454947852
0.3771850757039005
0.24631850623560136
0.1960998032038451
0.45996586953251145
0.6224648268087597
0.1312050740316724
0.12003393807384326
0.2676573248081239
0.07303417781930135
0.04868945187953424
0.2470003842825124
0.16397610054448714
0.3928558916606438
0.21748843982868782
0.47733008300062624
0.13777597395434457
0.4464876607157993
0.3820632124727753
0.1244870147171648
0.2992994693546168
0.0
0.4487016929210052
0.28353287480906053
0.2888656703323021
0.649030554945263
0.7035390568762941
0.628502612077029
0.2897552616639145
0.33916020187706797
0.0
0.16958010093853398
0.20890661363395385
0.6187490064070271
0.36820264684675497
0.4103283700099425
0.4728957079601477
0.2117967666873405
0.4591784095946432
0.4389359984561354
0.30203925239856333
0.41520994953073304
0.07303417781930135
0.4488846877288195
0.38146454037317495
0.4501924569315571
0.48635262619593383
0.08381276596526362
0.4411288532202601
0.2532401882604759
0.3500414378618578
0.19774882920985992
0.2074439247574987
0.051389560138693814
0.27657323469559547
0.20609718984818465
0.04089990938239698
0.16395918427315753
0.18659188624265124
0.0
0.2735791145616054
0.3829792116221287
0.20814879851473395
0.4556668208077081
0.4892493172948223
0.3564251000944829
0.0
0.11853545962682505
0.32298825825800087
0.2698418259286028
0.27657323469559547
0.1460683556386027
0.07859263939537235
0.3105956293849955
0.3406679867942498
0.3960224360773022
0.4164614819022497
0.39768267782810257
0.22642088543839464
0.5293892250573092
0.5516028861514015
0.0
0.27443986180477364
0.4004483476985369
0.15576349726635794
0.3496074125148968
0.0
0.3776884321276741
0.1326160784618546
