0.26610677374744757
0.13550480499971299
0.32556587780920365
0.31945653938373897
0.23680765554372238
0.06242528087209282
0.3401935485903943
0.21269456922330826
0.24716457742364364
0.4496930745225631
0.4362600444500699
0.21934451054243936
0.09658781920286132
0.14743788892378024
0.06714532912851041
0.25680927371053164
0.07090878613857164
0.12027178270297557
0.045387635062744354
0.2237088716568548
0.0
0.4289895089566117
0.3595058357012743
0.13234444264373457
0.1869543511168205
0.23986743747258996
0.06468318002949078
0.07717539871348478
0.1776680568768457
0.08142289556186645
0.21349206642069196
0.0
0.14267277003255444
0.5547168438714781
0.2659862159702544
0.23698143227064752
0.4021775711775725
0.02699120620432798
0.04820998246540818
0.03569576462354851
0.2387770789854333
0.29551858280445614
0.21315180279197485
0.40514698665172916
0.2208455890945161
0.21624358354178877
0.3321233689602042
0.14081671828795062
0.19633473412522834
0.19436944866605504
0.12907166196133557
0.0
0.45129980760750116
0.07255871609700396
0.46942265927062954
0.1970172258217815
0.15542582387924656
0.1794018918132638
0.007875442971305567
0.3021283167085425
0.22105708523658102
0.09640384510231595
0.2869885836123624
0.4790625533492126
0.0
0.43573340614970607
0.04045317939283803
0.22705477430618606
0.06881142520146111
0.4103350882727367
0.20587809141469235
0.043109096060168675
0.3060584406334704
0.48136623492921526
0.055471157303760565
0.21233315759140348
0.13282339726257816
0.1524958834985026
0.11945553040665677
0.12827314528984635
0.09942074113672907
0.05211689268182061
0.23229510554549007
0.04572048124372657
0.1833583125806999
0.34878385015091623
0.09581442081718755
0.3267019753048117
0.13783215411311472
0.10765253564054864
0.30785127492063497
0.09626048234809999
0.24842632679731344
0.0
0.1688567793978119
0.20291785983135585
0.20888691757499978
0.42129326809364037
0.06988068938657246
0.48484755558428067
0.13886244510772267
0.37560480499824417
0.11786605042990772
0.0956338668608186
0.3841200177229245
0.0
0.08844692785640884
0.2123188024894344
0.15104645233066424
0.13126211538048493
0.06043112070852956
0.0692560551991611
0.0
0.09198884970108359
0.05682492017348596
0.21437871310418544
0.36651320794068276
0.13936583065035066
0.27134524542636645
0.1964402961788511
0.22724848068044864
0.3326206378938103
0.0
0.1985133920470501
0.21406224219089826
0.04158754237352553
0.24933659785598705
0.15937606177677455
0.09779975891191084
0.4995446650018503
0.12519883922641695
0.2413826012671402
0.06136385093955411
0.05738763073987315
0.3504466534893806
0.43470296828060356
0.2742654718913201
0.3023647902517084
0.05243883597384858
0.32613679922485633
0.1310389470096471
0.30383773921691987
0.2216377724601038
0.2128219866846058
0.05538260873313908
0.554141406791917
0.2161590668677163
0.06321288820837644
0.05819868780619767
0.15616687592259088
0.16791985191246261
0.2107031998720397
0.17241247296101284
0.45534144883835953
0.16374315747656598
0.11092288100872359
0.037230006373880596
0.18807968855405766
0.040646813079576
0.20492549441465194
0.06526788484632777
0.4268723927996214
0.1454218062698177
0.06526788484632777
0.09650766191500698
0.2695202602699993
0.30150259090751025
0.32623043331918394
0.40373563253871125
0.05831933598344865
0.281808554137494
0.294244785923339
0.23576472873425044
0.41799750317940304
0.5789748176733036
0.3049912219254856
0.02314374085128711
0.21626403539025393
0.29973073842741194
0.24368680705901274
0.13984383528708266
0.09754760555404024
0.11298699430284309
0.3382376696286576
0.16990170179737848
0.43615586529989914
0.01620183115073926
0.2901087268403837
0.11523712505126638
0.21631529438786648
0.1782315867731
0.22330518354866216
0.1020710526642429
0.036848617962329105
0.20727371493538174
0.057922681256326235
0.04628748170257422
0.0
0.25616776008717773
0.14090751283557826
0.4793582631975346
0.05194737230240902
0.29930810773185945
0.045318623568501394
0.38669431597380627
0.1565640060474315
0.22268270786372169
0.11744494039009425
0.41807017311498995
0.30790170081831286
0.23089812530876566
0.19354125490257137
0.2832888804511381
0.059825701383147044
0.28025872248430417
0.0
0.31756447859259906
0.47430018560588183
0.3385828856839467
0.06563770198530922
0.47305290568407066
0.2939158239777139
0.23424280007726353
0.4839358946116376
0.2006041943323293
0.3821825638031396
0.0
0.05678321536975573
0.36475051969176836
0.12288697977713667
0.27492576710350913
0.034482383562021476
0.0533464985981867
0.07450120235182031
0.10293635797516554
0.24271009823966283
0.29324701312558227
0.4555897407367503
0.25896417849348913
0.09260943627414356
0.14024091991923407
0.18858437917675727
0.11948646342620883
0.037239609119304164
0.40933233462497953
0.26688676871475503
0.20427582943948494
0.16782388794737166
0.12629117082215746
0.0970368300260168
0.03533985607615024
0.08970879472592944
0.19742376005632117
0.11597587363449878
0.22741323360148075
0.24914422920579954
0.3164644455535076
0.09332586504078214
0.18750906027386252
0.43488744713750144
0.5360861066288688
0.02314374085128711
0.05678321536975573
0.3163642739620696
0.5045289131713622
0.43802038560345047
0.12182507556551657
0.13886244510772267
0.21338273963093363
0.10044440348506471
0.2478215234718499
0.18045402659798354
0.0524573929956732
0.08574683099485211
0.03528426646784076
0.17481383851479818
0.18721154715745433
0.06366165581895691
0.013397350716074582
0.28810485059169805
0.2608810935225592
0.15122694085850305
0.3228778504176871
0.2273457772937346
0.2768128427288078
0.3253847541462987
0.3291930898210597
0.32508518465036373
0.35188304109166996
0.09077134155012412
0.3211640296019441
0.02877956945127021
0.1669521302603106
0.032828060380023776
0.1493416341277577
0.26907903769992714
0.10683835245701509
0.36932927766427187
0.0
0.0
0.17376534617417208
0.024635264614169403
0.3092625393072363
0.3371749918383156
0.35872543441239113
0.11794831997488468
0.05314224962839956
0.4176968964788452
0.37418598736327174
0.26663114616488615
0.48960434444203904
0.33899896343075114
0.19722115725949974
0.20079350054048964
0.1618436521191878
0.1045228083846053
0.17156698804300244
0.2123032164802622
0.0261327563121179
0.2696006353198267
0.09792295914811576
0.19326092385248156
0.12000633353591428
0.20080171799292995
0.03833758506074182
0.2802783805086855
0.37551244201019984
0.2698989361397886
0.0
0.06410659274692876
0.18913256298337683
0.15642959309365934
0.2167376871903976
0.0
0.344980465637134
0.14708391660417386
0.06609252999915435
0.0
0.1287648283385613
0.07181582416145395
0.0
0.19350777253537374
0.24512659360563407
0.03703386414777899
0.1897041725029938
0.18450980458015387
0.19373446792835217
0.1073577137570949
0.2677005035501154
0.020818790387752098
0.2002686437593417
0.09511614850424147
0.0569283454120633
0.27104762057729975
0.0
0.10215318939360833
0.2934556864412947
0.14232069151328608
0.09123862851219715
0.19476808081823574
0.2567945537008888
0.06282169123710017
0.28201842456919934
0.10235370513079939
0.11352698991677126
0.07035385577150147
0.13079192095064876
0.1754055161212673
0.09533462974971273
0.35801504732786593
0.0
0.17738940939884654
0.27456663091112526
0.32888162307407387
0.2181585808653384
0.06182943286622743
0.04301538267582035
0.2104579416006746
0.14873575745722492
0.09463526401559666
0.06707962926451341
0.5806255209339255
0.4519646922400164
0.24909456953218068
0.42482080283484114
0.1336289264100703
0.22549262341637738
0.11679498325515744
0.15978430602668528
0.20280681304995724
0.032633942423163885
0.12085525172746285
0.05381579170364424
0.0283683923847995
0.23177804771103364
0.18796259841610533
0.17452825018483126
0.03204415364234221
0.07461226781078481
0.5375576865160046
0.13042761492909133
0.17736600175586256
0.22849706622577576
0.21137867283794534
0.11278065598556662
0.15279249917535923
0.13114550281258988
0.2762822063711967
0.29117289691803827
0.6914851734129035
0.09202039679240177
0.20334679976855904
0.13698471016874283
0.2055287038199567
0.2098059246505951
0.1438153019247896
0.04393349181367462
0.41412587563568565
0.2929831225141288
0.3696870447000888
0.2859927393074515
0.7439201477462191
0.42304203057958
0.07597908279316436
0.0768038949741446
0.23056192374874632
0.0
0.1336833668828494
0.5517953972745437
0.0
0.22905449830643745
0.10752491988203404
0.37613896869876345
0.14297642918161374
0.18739771471288985
0.0
0.3566875137374764
0.13133649877632336
0.4074488408762773
0.07165244180877565
0.06834356428391929
0.14805184666942353
0.19832235450053456
0.3491217787694774
0.2502192269353937
0.021322065689371585
0.0
0.24656312088384785
0.07377026002350658
0.06497392824868259
0.29862348633592184
0.10507911956951574
0.08921748691723372
0.15215860423178423
0.11970546755248145
0.25656596033858714
0.19669622899375325
0.29794681729502004
0.2454523908483398
0.09417997187992606
0.4446082492156536
0.06672297765383665
0.3107427460003361
0.34608480069486536
0.2693294492978672
0.17723928414187598
0.2426480605470472
0.11393545099193933
0.14855440250763888
0.21222636835785774
0.21105566538435186
0.13234700160333637
0.1638508054236797
0.30485830292592436
0.1776047062500308
0.7524878657509261
0.422435677853606
0.05660489241911698
0.2715171302461787
0.31420545347626416
0.3354315851690234
0.17366666851418752
0.1305740466699739
0.3647473665481376
0.2816575909117191
0.31748059119869654
0.2189288834111748
0.08649891853490871
0.0
0.06425036799269032
0.20645388037835669
0.10646032825575787
0.27965246886235884
0.12564337997789066
0.2658634123394851
0.1907956535392658
0.103380023781346
0.12643932699143295
0.25349774166290784
0.07810653767599811
0.22724647687336239
0.32439634454246064
0.14297033609759757
0.14533414075451512
0.0
0.26541599826727397
0.0
0.0
0.13405439428007374
0.15282202522064733
0.0
0.15403558977972678
0.47692198607006436
0.17487774694449815
0.3452794689570518
0.39816844213428354
0.1068640943807266
0.41153260131495606
0.2775000873746185
0.09481933231256465
0.11721943550946087
0.20788621715938005
0.42908178049652457
0.34062031969561285
0.16499520141984056
0.14346596947586326
0.23637767412666957
0.5057843584794807
0.23124399102421547
0.13415954758707518
0.03952022825628107
0.1939797523710922
0.40797437670029996
0.18608681448079858
0.3447238109121856
0.3017892902470982
0.21970700171818128
0.5028244408663246
0.35878007563094505
0.2174319911847314
0.4773059307923421
0.27361517428013116
0.25611712562077
0.039259071575312
0.3206151347893207
0.10832164970663369
0.2500602865460547
0.3742493015205437
0.24969672172240612
0.03225630324969974
0.35772857959825205
0.32555431813900904
0.08922996495511647
0.2640681333451695
0.012241561204406571
0.35041187088785175
0.045433873875672666
0.0
0.1778991074580452
0.3298750869277699
0.2256689674455641
0.09614172837952702
0.08676452776989484
0.2007067160698812
0.13264930021102295
0.0977151540884156
0.042118260058291945
0.37379486464021583
0.3429388545040476
0.19337623976439278
0.22019633538742434
0.0836146636162098
0.16023199209900388
0.32361886876751605
0.16049863020428048
0.25016773685679394
0.06876461433022513
0.22736734279925724
0.305328791085998
0.0
0.22666780348738544
0.4704470493334366
0.3964063717510687
0.21021007852861273
0.06648308175526794
0.15008215874649627
0.1526375257091001
0.07442544568480541
0.25898148407635185
0.24749590863095047
0.0
0.0
0.03989533518191653
0.1443546633797643
0.10801081568326876
0.11530382798404225
0.18065045716753467
0.0639256255972015
0.3498163068529082
0.398396114908419
0.28992116663646955
0.20509014802484135
0.032828060380023776
0.1854991111589772
0.4300189173292317
0.032633942423163885
0.0420086616554706
0.33636948134721617
0.14940806876990032
0.14302552371460167
0.448752909927576
0.4341854087470878
0.21538297910509652
0.13865140707657128
0.05673501695863229
0.17754029227102328
0.4386790461934112
0.08744302528979629
0.16469898060477428
0.021206928972869243
0.0
0.13125281056844904
0.169081642835172
0.11945308725800899
0.2083026674640445
0.2500230027280012
0.19316870285753282
0.3227944402478026
0.16290962847306456
0.395881771039625
0.3045686011761065
0.11384066959830273
0.0
0.5351951970841792
0.0
0.08756162292015304
1.0
0.19254853187853516
0.09634039357384076
0.08093613458531872
0.4843896836725194
0.41186494743866586
0.44762253257316426
0.2188951512558228
0.12646815857294116
0.38717819268952675
0.5611734394321932
0.16409470570049753
0.2265432248520899
0.1996426671654918
0.4242067080649523
0.15089014484596394
0.09450497990504027
0.3398498359679101
0.23070050736915135
0.56819237187497
0.11510249970103711
0.3695901570922679
0.2736643436313804
0.020181587734583114
0.31898335889853996
0.12098197636878986
0.0
0.23811858037379938
0.11135048057898636
0.060604695212804205
0.2855476271553639
0.18147037043093686
0.0
0.23284059691668568
0.524593646061349
0.6830840851299289
0.12257370134636307
0.30105506179322467
0.43247589015331833
0.39582706940401335
0.23028065440873924
0.07769347206999098
0.16225363918620175
0.3832400397349238
0.07729913160852048
0.3271609219292834
0.20321623310071832
0.17617003525743208
0.19265037866989315
0.15790079843030966
0.12729343571284626
0.41141085952869216
0.22758202667966165
0.224866848041417
0.133509803933359
0.38913628607179274
0.29215545187695285
0.25100754809357473
0.295654085333067
0.041690990628056215
0.07933966775127337
0.2989640670047206
0.33376132859246976
0.39869285905011764
0.17497721236059677
0.1989287226813121
0.0
0.151827526646307
0.27275782592516973
0.22516637199535455
0.0706348494001522
0.7480429879776767
0.15139105494213442
0.35167712241273297
0.2173351609864931
0.37776192603888026
0.3715608457222254
0.6796771250668756
0.18961432963771352
0.19112608151984847
0.2061887498674266
0.17689469504488636
0.38090716619782816
0.423507712225579
0.26491380482862215
0.16330891341318188
0.29387056620241275
0.19487207792847389
0.03859168299698447
0.17469616205510838
0.12807246558939392
0.19455645685135808
0.05420385171207448
0.25952947202099835
0.1661975878528481
0.4045202464279018
0.05299651694215444
0.3706828915353859
0.03332632907290714
0.3464148144887868
0.013587822146260172
0.10979055802833851
0.3325248007778286
0.10433400084211482
0.229496537686502
0.11713790913174237
0.38614912075552715
0.07167270920776961
0.45356265392896905
0.23047281252409438
0.38118046237675657
0.04183477801566217
0.544844723527496
0.18996792064033374
0.44190834467975604
0.018857213261346754
0.09650766191500698
0.11958481874307263
0.07840984085016049
0.07725769263687395
0.373131692063574
0.29833664200574767
0.20391816009046804
0.15957201777969682
0.11054205109361541
0.0
0.07757442919889689
0.13356225222704615
0.13685732524477764
0.18592821440276408
0.22637874232049432
0.33116789043669703
0.07336392325013509
0.04956208038277064
0.325429653296054
0.0
0.027390514586598337
0.0870009280416223
0.0982331621749738
0.14279514580399644
0.2953781952617924
0.35414897538398776
0.03619077451732646
0.077122521919162
0.18252624190021616
0.5666901912950574
0.3541335058665551
0.41374459541386505
0.18034399053687672
0.17981274665195093
0.2934556864412947
0.2093820148741172
0.22938575367372227
0.17085642949501226
0.46412559538772996
0.20551293667453874
0.2757087580896926
0.2725880510535376
0.08312090177646565
0.24501511478288043
0.115055491234927
0.27740212678940573
0.1836554048681825
0.25578875585459665
0.1924538261626949
0.33536030575959214
0.23459633099609883
0.22375380744702864
0.4830569425493395
0.11180458427526431
0.06358828633824246
0.2328061155961787
0.05988642405291202
0.15727006546581498
0.4956175849406581
0.1591626547728004
0.04961696378987027
0.21923724916754284
0.0
0.35364230157240534
0.183213114931879
0.07339345870376594
0.31203972259091056
0.0
0.08045392232937694
0.5289704554411145
0.34402219187350375
0.23431110806179067
0.254110748687279
0.4047495344144348
0.0
0.0
0.11402684955594032
0.08398471080452172
0.0
0.17541516614570063
0.15056467267678614
0.39477261646108136
0.01994144644866215
0.11022664347806259
0.279788231278692
0.23470386407623242
0.12989895970647472
0.3528614196668074
0.2110869527829727
0.053380145603697964
0.0
0.0210709633640891
0.051524779195839324
0.0
0.04820998246540818
0.0
0.14164200417620612
0.0
0.08670389786253314
0.6283521545564782
0.08839949108194213
0.0
0.4106976573282628
0.08859649449930836
0.14695806438294953
0.2548904638338025
0.11254170737361867
0.43756217194684305
0.5018825095272357
0.05448860263572682
0.24151080754963744
0.117336394869218
0.3796504884119127
0.11965140276629409
0.3046569587732915
0.0931185383645062
0.2854235113830426
0.16182057503492855
0.2590150970306428
0.34113709552968785
0.3742909223895513
0.30534483722869343
0.08659483301704697
0.3609789422706185
0.14504123250334713
0.06362078691860773
0.23552430058750684
0.05598973269533484
0.30218219238788097
0.34556065496823013
0.5860897706538537
0.3729832187146295
0.0
0.059852692038111555
0.17546608362056196
0.12246194912412663
0.08210523165065764
0.5929652549213118
0.6677473141333594
0.0821835199761226
0.0941871813666865
0.3062355525668779
0.2666244630402393
0.22728330408312913
0.1302196054633367
0.0
0.33019439740762535
0.41779776102991
0.07982836847952243
0.3232890423548313
0.3291003015594089
0.02920521492587357
0.5954870293934393
0.10759141434936333
0.5656726681763912
0.2497364917082552
0.31325227115945614
0.30303534100857
0.31474684500933753
0.09040490869354725
0.460778578308205
0.3068745663761872
0.15920246461371093
0.0
0.11991780087362985
0.0
0.2540691205458518
0.3189811900288789
0.25336001877916964
0.26481083935796806
0.40520516812150187
0.21132778903713312
0.41699066334012336
0.09250422658466398
0.27300724628287104
0.5605160543386716
0.09331870261812696
0.22153535016137693
0.06569060791047233
0.20611770064683252
0.2676841492462298
0.014936195105088548
0.3982279250767163
0.03939717302104291
0.2074466958764282
0.3407791382734892
0.2160714350473887
0.2812965539311281
0.05789363562553989
0.27309666213409467
0.29980719425281516
0.18265451630482074
0.09938549196080279
0.115991365488068
0.02963810470739248
0.0
0.4249686629304547
0.4210678707780062
0.26345666655905503
0.3634440872813591
0.14587027870239744
0.06264852304779576
0.20660512904426226
0.4733130779622953
0.1477199347786815
0.17291683185294365
0.386613482439508
0.1906007115710221
0.35222238667708755
0.011501720143769902
0.08083227473949577
0.4853362840340311
0.023083262909617538
0.08464886327171164
0.0
0.26232933094299393
0.16770142997074125
0.06028981875547651
0.2930841491027328
0.17231645394856113
0.0
0.35334087552119875
0.19945203845426956
0.3061221336743395
0.25010967097771125
0.19282302061540973
0.13977131693203612
0.1501243533496415
0.25741744095378133
0.10123736818659429
0.42311373660170587
0.11167207192363907
0.22866964164643597
0.04393349181367462
0.2205262462308089
0.12894957994643888
0.055176612924222594
0.23150513096532602
0.27728887091801335
0.10778915486707714
0.04777944818364243
0.1682000547754823
0.07765753550795722
0.11052381644824985
0.2830568737288829
0.0
0.30581821274121784
0.06405806068144215
0.028381038344552214
0.48712399317394295
0.41037569068007507
0.09967566079488713
0.15304203664744973
0.21073064009665263
0.2054005611657069
0.05250591752090808
0.18851327036222454
0.43254482417821094
0.4464591124816346
0.03352317040295424
0.0450805656426541
0.33563452624355355
0.16272665950339515
0.0342129077672399
0.04147518612266257
0.1331896224468669
0.27965246886235884
0.28575011167856085
0.14126697861817783
0.31758894518082
0.0
0.21624063114345327
0.2673405115161814
0.21795686932452193
0.0
0.0
0.2462997309560795
0.19899303347552405
0.31403770740298675
0.21426504822062062
0.15246610825351042
0.48846323219381493
0.30105852560204227
0.09666712556527517
0.20503541841971443
0.24224475148678498
0.0896213408878803
0.14577881648671306
0.2279779901887459
0.6243930237625939
0.1743984061291698
0.014936195105088548
0.24365072838715457
0.16916873113427833
0.12315552450545005
0.1584182334183047
0.3110934322682743
0.4618057946628358
0.08514311503365664
0.04471401593150854
0.21451020133940782
0.03643761902415884
0.16755059833520955
0.1137706238603717
0.23861966851131164
0.34058601386615917
0.1193674845603074
0.29497928864296546
0.16395378716959108
0.48429270195756186
0.24970204359983716
0.11804100279540336
0.16459549792509293
0.0
0.4662546188451793
0.20283086361108688
0.15532155702986727
0.5409976722522124
0.518955274394947
0.6355331760661707
0.13499036266508593
0.3401103831405172
0.0
0.14672784431385497
0.09069453042454904
0.4316859164675908
0.2437294836068091
0.301362046330046
0.40883379639940254
0.14330671305500525
0.3963978158825341
0.23048365776616708
0.23156450503827578
0.312932474435094
0.20052402469674066
0.23729384347836918
0.30075994875029394
0.32818306970804484
0.4012917444101046
0.09657419445414378
0.2984697041505803
0.3217056724318481
0.3056822907661764
0.10013826969846007
0.07748216560095988
0.19039046515654132
0.30247794418110346
0.1457418672621499
0.06601203894169312
0.13261609213905978
0.16339094402227036
0.0
0.13830239153409282
0.1787765547407095
0.1051919400425505
0.43714431727739333
0.44346103307070683
0.19691351209085786
0.08939796652233156
0.13188086650115616
0.25751052379042233
0.193171217429043
0.31945082977901473
0.21075897326946683
0.0292418401045538
0.14865179965438283
0.2493967502448354
0.29552455998584864
0.3010364037596718
0.37443350993428426
0.24898057454040437
0.40500721469304607
0.3747610285000278
0.0
0.38934752113623894
0.288774141498989
0.10241442226184065
0.22093064917193403
0.0
0.2563813924637448
0.06584815429237616
