0.4946402260921932
0.49330030957506116
0.4779595391295535
0.39253874063022953
0.36488864640453456
0.35566224502134
0.3507006985365231
0.3470340122339648
0.3449877660827768
0.3422638916043288
0.34244545582121455
0.3413481487578464
0.34127056959104396
0.341200647276763
0.3401788272102791
0.33958843019273544
0.3391231553392776
0.3390667062827854
0.33879708484796883
0.3390749999438298
0.33777480567333856
0.3380627844596214
0.33892490718451457
0.3386818153844119
0.3389451027268154
0.33825999445619837
0.3378402723206414
0.33855308898547876
0.3388178759385468
0.33767589788990154
0.3389103201638281
0.33770144346189357
0.33858928860933496
0.3369756600908356
0.3375083919002829
0.3377348581656828
0.3367278777509781
0.3375570132024403
0.33764696168102465
0.33601140278513336
0.33728515852751867
0.33715276937334704
0.3375600077937135
0.3373006877059899
0.33669633262277
0.33784092149551637
0.33694083506613237
0.33716129512327375
0.33655539843653975
0.3371384336064582
