0.49349007212658547
0.4795684435550442
0.379780843370432
0.3470133867411487
0.33604695856747024
0.33312153306330905
0.3305206638170203
0.32912375213122297
0.3284380497482322
0.3282370380947372
0.3281227305399633
0.32802081020180807
0.3279604089822741
0.32795925249392305
0.3278893045092051
0.32773346086870603
0.32761616112559944
0.32745188465863906
0.32743280387557716
0.32747714568731706
0.3275619131625578
0.32752967742340405
0.32743161547500477
0.3275340369141559
0.32748430958539687
0.3274693011710074
0.3273695176329936
0.3274228380317182
0.32738385105555035
0.3273385692838371
0.3272825001263689
0.3272149256021224
0.327197192692827
0.32736190248028013
0.3274673187451377
0.3272518723939372
0.3272910457445105
0.32726162575339146
0.3273472181112014
0.3273374332790881
0.32719553642216687
0.32717378310046014
0.3271992319980554
0.32729864261143327
0.32734174837405
0.3271852358076776
0.3269938143481195
0.3270180835484755
0.32709094706186503
0.3270484932580177
