0.3655286172363964
0.19243654180957245
0.549740157397008
0.1896206973551499
0.2936889003014772
0.7807957482527501
0.19969638807735154
0.1422122368271873
0.3466415737064838
0.8791851204107909
0.5359541783340616
0.8337581964470687
0.31073577092833726
0.6253928515350925
0.28569398190276446
0.32549156117771894
1.0
0.4342348868794591
0.28510563682526135
0.579971544461743
0.7524400243767377
0.7177428739699224
0.5086531238981046
0.3946512594713441
1.0
0.5517149760471378
0.22794739638537265
0.5893478415079663
0.5708078475208889
0.5288743628295924
0.13756080915473445
0.46095209437798346
0.4615221184958752
0.6371130910048439
0.5815524072578667
0.684858686635332
0.16229699853258606
0.24502088858310783
0.7783007187413709
0.2825620030721694
0.2063182879086165
0.41046756717471866
0.5887838417883128
0.398810473508133
0.32374055023218967
0.47109825791411375
0.6337103861052963
0.5120730674529435
0.19520216973872526
0.8733852789872733
0.5522234865334597
0.6058898016307138
0.3520603754705639
0.41953832835877725
0.4221235775573925
0.6070749144581585
0.3622770883128723
0.5341362003096555
0.2958868547959915
0.7075324039794579
0.8337581964470687
0.559375123465486
0.5747405460307473
0.49515833324888303
0.4069136329708574
0.5714967933438349
0.7785508621346805
0.6794372097239987
0.3492483931253623
0.5815326353878205
0.19943299772347392
0.3670236687481534
0.6053940845642376
0.3889121878579817
0.6096602088665106
0.3931335992641865
0.7008873730180597
0.5692072428983675
0.25890666766185366
0.44385403655243943
0.4407325390065399
0.5742398490715678
0.2222975759192944
0.874357813884221
0.470493852478311
0.3611252941129042
0.20331019782449605
0.4951698568097371
0.6765587926825142
0.8539380503668036
0.4867199844852351
0.35772016541834273
0.5952621411320385
0.1511617800120487
0.5643416508716939
0.4147790142385945
0.19282577462710557
0.718342409088281
0.0
0.6642621980624798
0.443169023730851
0.37112013627188584
0.4100829460815831
0.5035919984266417
0.28367689348908925
0.6138166280321604
0.42555270781885035
0.41955487847910794
0.6312514658290271
0.04383801301954701
0.32582208007560703
0.7249568285415132
0.1552354112062112
0.7348851808962887
0.38336914923267695
0.5220036813112955
0.23256249426892203
0.2483378062536103
0.18889296843118678
0.47710064538173824
0.0
0.536272656844802
0.5844074589641792
0.5159958241639143
0.3734760664381792
0.5322358486352996
0.42224930435377556
0.608597042359797
0.5138105974316114
0.275757206896703
0.3791029704892507
0.6452394366819234
0.44220423648211193
0.42612134635500576
0.3381595398709308
0.17820092636316276
0.5418827114338846
0.1626411008768162
0.5155633398496703
0.4047063833846067
0.2635793025312424
0.10124441010123367
0.5309081465285533
0.5627152791701178
0.4005420470297826
0.6647503297463399
0.5397698249183185
0.31287010538473703
0.7331295528749158
0.44020892502525866
0.29883206972397836
0.17839048976784558
0.3913307433714477
0.3538718794078966
0.6200194086751833
0.49927221780220166
0.6982655725538772
0.7103664604427367
0.32931771841204716
0.3091552980563435
0.5082285944305708
0.35430058627981414
0.2688667419173355
0.13886244510772267
0.0354745608994915
0.8442327914335989
0.054436304471060626
0.5749379838457781
0.6445933772192785
0.08514311503365664
0.2870043677740743
0.6155999381116842
0.6295622549034258
0.4419546390227944
0.9305687774461386
0.3052412088842468
0.24203466726069553
0.5246150367662621
0.3333333333333333
0.6894512713255698
0.26516337378277544
0.2838664982242639
0.19061600752440294
0.4579910104867985
0.5586560949554886
0.6787460445152173
0.8340144678939287
0.2993095330977385
0.47299558662247526
0.4049071673108974
0.8482378078135112
0.3908587509392111
0.3563085742848974
0.5531980844368837
0.31425510913420396
0.3652915302253643
0.34655275399604824
0.4889120084980231
0.3783033074569998
0.5785979813029856
0.5718755156182035
0.396525578494586
0.22304472980822435
0.4737507976161875
0.4533782510916489
0.25002654738805724
0.38039139779948605
0.7129667887230077
0.4932038691463886
0.22334529856343094
0.27260467618532674
0.45135309531295653
0.4702687949234847
0.6594803024376354
0.5364565680231069
0.43790196546333676
0.26690845314369505
0.16120375307461246
0.37109147419292315
0.146748535990077
0.5694133339424451
0.3983450053216258
0.6446189933777384
0.37628014389690945
0.5979151473565156
0.742619900384813
0.5585908392066186
0.49770037328557853
0.1284356571785314
0.4505076918300551
0.5023852183113193
0.37178450255751866
0.3079746419620998
0.4805523755057083
0.6954005421413333
0.46064565542683905
0.3304886429753939
0.12276512777163369
0.9008240653651571
0.6173517760518726
0.0
0.7670088373700954
0.778303331451182
0.5413660545239702
0.43652021187234685
0.8048644386848859
0.40022446352082436
0.4725957756263379
0.23875623297086035
0.44068509765755487
0.4199166750597681
0.34211275083253395
0.526310091895738
0.4357432474003989
0.2006291404425065
0.2725487227142264
0.47271360087517056
0.38058699043305494
0.31528061693184417
0.5821032077952398
0.29059873264659997
0.15613900832475894
1.0
0.3090884189954332
0.18569618526142848
0.6943559495587053
0.48316776378389054
0.600877105065886
0.18458399800651834
0.5704210890782117
0.6285390824681731
0.14493400477430057
0.29975982214505953
0.5130261756897149
0.4345081281243259
0.3673311412115624
0.760079105814768
0.47739506687359823
0.5788718388221047
0.7014418168293998
0.2578393650400223
0.5804236820122296
0.1863662802431963
0.2729672820497772
0.6806094376095807
0.6464893621447398
0.3584650552076807
0.5931643805017108
0.37880820314281977
0.4753397720534503
1.0
0.07812039559314717
0.6330137592312775
0.9148568849663433
0.25138686635057067
0.22195970388450004
0.3256530027617874
0.25996941226961345
0.09820983053220995
0.43426199461654286
0.5482540096924746
0.4535350108975854
0.31126649837237375
0.4760090135160904
0.17954476351275134
0.469816834048231
0.41395180327548736
0.15900929820533097
0.28149842416888105
0.1370530433078781
0.49508123113307256
0.7554797867934683
0.7159799329683426
0.6202411114056057
0.4034280361311656
0.5123033575040443
0.47001826012566716
0.3956833322455187
0.4029735545327898
0.4974571389643867
0.24490608666245725
0.4173323401500419
0.2479250477963472
0.2908740085456777
0.5384313124483234
0.6943559495587053
0.16049994019630828
0.3231681850420484
0.11733801095346834
0.31615710851078965
0.597935984627889
0.6795737638739667
0.2690588621909638
0.3617980166855908
0.1948322187981898
0.6455792450678346
0.7308357485410296
0.669251039976305
0.6412399290489378
0.5621813797710857
0.8611375548922774
0.38635332888394774
1.0
0.43573526012199887
0.6907395193060577
0.5532445775874102
0.4405302228380594
0.2602772023434223
0.11816120347185131
0.5609642500526079
0.7442970360361724
0.5413893116012003
1.0
0.17956371500432855
0.41235874486777063
0.10308361756763788
0.361678012067867
0.5433847918754999
0.8338978562350051
0.44099139629728884
0.3949903794065666
0.6349915210217862
0.44321262150039864
0.5704210890782117
0.5756510261378057
0.7581265940330967
0.0
0.569135688087228
0.2667795707223959
0.22076811058750875
0.7089480528249172
0.7134747059005611
0.7851548949743358
0.7543552403471884
0.35810876518622875
0.5033242814649721
0.04157621420216367
0.10209739895755823
0.326975004532058
1.0
0.8070803762057396
0.8354476526115916
0.43318296319566396
0.6285390824681731
0.5912352145517905
0.5524056492324886
0.6302687132926582
0.1846316209091518
0.6827701193482464
0.37870685175654006
0.6807857314887366
0.591491370410073
0.9515585678181694
0.542016634258051
0.635532223047221
0.29070059386137836
0.0
0.27616724827084416
0.3546468724953826
0.5404673744595633
0.698596849578233
0.40788004624688934
0.174371470154016
0.5243744981326672
0.3757471912790718
0.4395087426059953
0.44911111234279166
0.4822715365632818
0.6165314273211019
0.7510916732966976
0.18041974968327174
0.9950883835132915
0.06362078691860773
0.4009384874946997
0.188952723925984
0.5012658400865332
0.4905354249936974
0.6179449369483817
0.3696013330443791
0.4368776229237186
0.5829393823046835
0.6943559495587053
0.14279514580399644
0.8899155555966473
0.5364539757745802
0.9337457743289556
0.31411871889594506
0.6253928515350925
0.5324810975746708
0.203277418521848
0.18457570391786032
0.483725120183325
0.7772574002523277
0.34212501524912464
0.57742500478251
0.6821229120621176
0.2178256778271995
0.6853942468964113
0.4625803643935764
0.5808007587578825
1.0
0.571102206249726
1.0
0.7268887833840246
0.8570675624187861
0.1737520051963297
0.5004148979071155
0.3472851187901342
0.445298945498549
0.3317023363011066
0.10754810285118326
0.40598855593336863
0.5837729217315764
0.7146506462352287
0.4634678879260411
0.6370929219064606
0.536355967114697
0.6145004068914259
0.22197792976651992
0.5210914698507606
0.4114461761718129
0.3110994804884212
0.17736787089675504
0.10373311852072017
0.4915854668147026
0.22269304911020357
0.4715541989932992
1.0
0.1977385378449847
0.680529980213367
0.4904408444732737
0.4264120992807864
0.6670556971055389
0.528279563389119
0.7227654809174383
0.5586295191200772
0.4619672469970215
0.3934390069061144
0.5635189185535512
0.3224022352257432
0.5700897720110814
0.5321883514252916
0.04820998246540818
0.8667753125420284
0.6578734471400727
0.7951303963332412
0.35213601097839053
0.39501421728234837
0.5275356870498096
0.8572048541960036
0.42472257944968683
0.228872189791015
0.4592126087941586
0.39637924950285547
0.7892274512783877
0.18457570391786032
0.4620685524348237
0.4356544268976215
0.44172643863671124
0.26262618616697836
0.20898096353628492
0.7877736338285575
0.5049059648501175
0.6777655461507675
0.6755152496000392
0.6181561511527023
0.47809420540801334
1.0
0.1430494773257976
0.34961443496695394
0.22212782520239946
0.5205303606661824
0.6224254343130952
0.4724124995003063
0.805075897126591
0.580057642758785
0.31907123430000656
0.3788951284835225
0.16684703431221568
0.9663320782279854
0.8579412157761858
0.38906516959852927
0.08473662283851087
0.623733556176715
0.7065443135587053
0.5864017129338912
0.27849532355733053
0.6284667895497617
0.7805942236722403
0.5705638190369622
0.5923890489785498
0.3177829352233066
0.4338096064752642
0.48680014485293405
0.8187236969465389
0.42976832973826545
0.42145498419324623
0.910899900903024
0.35317458967468757
0.7819835821424668
1.0
0.15314444593150042
0.571410788784441
0.5732286272687003
0.20468661633642832
0.3266011080357345
0.9148568849663433
0.9074250365948515
0.33609813335299676
0.4291705116066637
0.3260228861038791
0.785832106273851
0.0
0.35481536559519133
0.7328286323410357
0.21697938210457748
0.7731690298643977
0.09906114173016325
0.5854211411200433
0.21024318557341873
0.1196024593060495
0.854501286621169
0.5211460906743991
0.6943559495587053
0.5040119313770566
0.42818200770777376
0.4580352172876574
0.4866560926924841
0.6733037798528237
0.40790708832511174
0.24487416663732461
0.4074834622174838
0.5219533829085551
0.4654710806347002
0.4907920078466872
0.3585336007714902
0.0
0.5273880838562727
0.4649146470350695
0.6891252330868948
0.4842608072770689
1.0
0.2813431483973038
0.42329206516160045
0.6204494539026099
0.8643145517750942
0.6368828396172711
0.5762915552132042
0.3495128883811655
1.0
0.7982324298820652
0.4264369730042373
0.5202927154489229
0.20585382760724424
0.24502088858310783
0.8332882804874688
0.9476141690039546
0.36950890611878484
0.0
0.4260241045388601
0.6486218603938239
0.44123240709352446
0.44426401325688036
0.8188458060505609
0.5212090455647812
0.5240219398951006
0.24929712496753328
0.8062079587868551
0.5750739874713816
0.7287896398197148
0.4756193164493445
0.23942455167057722
0.6089855388535296
0.5276963515488996
0.23622204727554486
0.5640438250829187
0.7770156131818878
0.781651101252764
0.390677654936181
0.8148500731897032
0.13886244510772267
0.34494541693118386
0.44434338235513865
0.898224947110049
0.0
0.7090341309301114
0.4831902864209285
0.8377631679786515
0.8566951163824487
0.2916143438410294
0.5
0.6226255298434165
0.5418063573162258
0.49730006342971966
0.21167143555318588
0.7027284002317906
0.39517185808641053
0.8551202784056355
0.8451850628578407
0.7914634762670585
0.5473135107879
1.0
0.5522654699891388
0.25826638643072475
0.23819820778873388
0.27541155127527595
0.466150160275681
0.8295223078431109
0.21804435377946685
0.5040557477366354
0.5702733212754485
0.0
0.6273562078567293
0.648133788129157
0.2188505873903328
0.9305687774461386
0.4630236547947895
0.583236698049542
0.8044618319299486
0.882148745839637
0.39956886734060076
0.37544989937563866
0.6285390824681731
0.5271000142642118
0.8161465859209094
0.6133542189541115
0.5853898522586836
0.6119568659601821
0.6422965392015924
0.1194796539077639
0.6352363210711246
0.32214393670956293
1.0
0.5766882047151072
0.880045678149643
0.757382140767906
0.3448120139758281
0.0
0.1995181867721924
0.380397242320309
0.617951877533164
0.3285165657175301
0.6005540298183227
0.6629354825347357
0.2958679177076274
0.36397506340559393
0.5678179547592829
0.5269265948710172
0.1253751230415718
0.9069755000825599
0.9363792130813923
0.8024028740869904
0.5855684970289896
0.41633420438054614
0.7689071110749025
0.7672735727999568
0.709439660804789
0.45057369532245317
0.4345081281243259
0.7402849184067103
0.5077635286546606
0.4787933358087242
0.20617855978260066
0.7917971815751437
0.7671708055755583
0.4986018642219443
0.5948381591082215
0.5849179653608201
0.25815738060528914
0.9510907178332433
0.4649999397864835
0.5841698089381001
0.4309322145297102
0.8983487787080688
0.19958818678573007
0.4197580834987248
0.2816801403665109
0.39368092554188383
0.3845967692519775
0.38879298656770717
0.3267281915957246
0.14615882883015607
0.5305800630689329
0.6194459516830908
0.6223623494324864
0.5229091603499925
0.7041855809151281
0.8707210755249777
0.2969888547446893
0.40308294244756165
0.8128560539675855
0.723146160119736
0.5468769009855519
0.9266360767498649
0.49904096718109753
0.6083349245494387
0.0
0.576248760782175
0.38689673488485626
0.6175981662592627
0.4061547876016632
0.4158827889640324
0.7233988136735164
0.6984512852862637
0.27550750723446354
0.1284356571785314
0.590604699905292
0.3335733601913789
0.7424350563345735
0.4402683484472262
0.19689344615729207
0.7079404817982408
0.43719948613756876
0.3401676408692741
1.0
0.6733749754621307
0.23979931304851296
0.7007731678050839
0.5401365635131606
0.7295669819564503
0.5086396496423295
0.3170853263344813
0.2284566745039314
0.8082894175573478
0.7622370021058107
0.5289704576275298
0.8897775101203967
0.34486601689843555
0.41966500033971765
1.0
1.0
0.0
0.43860984647256795
0.4470557823243702
0.5720659742486419
0.5226664307544122
0.5763962553772563
0.9266360789362801
0.4094442381302795
0.39915075917457227
0.7706598603048721
0.4793506635474667
0.39466304365748683
0.36158856963284874
0.5688691995285072
0.21697938210457748
0.41010331073078776
0.46683919678472074
0.535708694191601
0.7282137216965082
0.7979779432302031
1.0
0.6018342609457504
0.49114929757231995
0.592874157683115
0.8965528523969009
0.9148568849663433
0.3283742455822221
0.901220202286233
0.0
0.8532721578725603
0.6301476162100186
0.7759964506493325
0.5225220443866373
0.442340027697079
0.8081587142076637
1.0
0.6733057302331487
0.36512097501979496
0.46837465507026144
0.7074803697306343
0.6495401030690272
0.7284143848088286
0.6764438784430927
0.8387049738904764
0.8205725550065693
0.7939108810068807
0.6217735955563848
0.49694639485275094
0.6030832764074026
0.5288808847252701
0.8594925988610209
0.26315537547683554
0.6136664332559091
0.8607341221483263
0.8091622743726731
0.5293555928391743
0.48428247896853743
0.4025383320190017
0.5396779249590055
0.9060392215944233
0.49832710995341767
0.3365648031327544
0.7263381669984127
0.3198499954115601
0.8328324677324149
1.0
1.0
0.607849369639393
0.8699103200520693
0.4937170171044626
0.456943317324643
0.9575861420542615
0.6804286826803075
1.0
0.6292502099340151
0.4652947066769933
0.9058385305527539
0.6067216001306077
0.8033198509662757
0.4013705803857897
0.5555993777259076
0.6509931227252914
0.8579809441450386
0.6539109058407727
0.741063989744137
1.0
0.7069864279876468
0.7606395690978326
1.0
0.5658329137949661
0.7828814628282093
0.6538311795971622
0.5078961532179949
0.28121839608580806
0.7862645075844394
0.6655054464263697
0.803318793859979
0.8383354505210084
0.8575392767646985
0.9819729402610563
0.6535634569260068
0.8426773168237546
0.6943559495587053
0.8192700073025765
0.6872445494552937
0.7922142990433366
0.7473687663893439
0.7162874498902326
0.8611375548922774
0.9134040554694504
0.7894338532486627
0.4268697091696733
0.9308177220232754
0.7779136108375451
0.6485760999772578
0.8539380503668036
0.4632423718574681
0.27042623944137717
0.7896957384620357
1.0
0.3179838017367215
0.7331850322021922
0.9537125182974258
0.7713948047863707
0.05339305194706306
0.7522878819091271
0.6892048168583197
0.6797642025233099
0.677948148020696
0.6751296457022122
1.0
0.9050119334642991
0.6233108497852562
0.7147303630983546
0.5024283475811592
0.722467812432407
0.53074543726543
0.9386363959703957
0.6930761348846441
0.5727945939883325
0.7636218838229889
0.7342107455184136
0.8946269535932804
0.14926018039797262
0.8144523010073458
0.575846378106377
0.6316501669559119
0.5052079267029463
0.4523228784652408
0.512216432554916
0.9282579016897708
0.67704818579717
0.8065318395084047
0.7859354760629997
0.89128507612041
0.6843959929513469
0.5850400414451398
0.5592155425508283
0.5
0.7280373133473278
0.8265388952564104
0.552759333668908
0.5952543517684408
1.0
1.0
0.9698157462946407
0.7428730591496756
0.7418749033341027
0.8899541184044202
0.6047810068575625
0.5513909218531233
0.6232873634870691
0.7328090660941129
0.7225113632215249
0.625257208322217
0.9220609685764902
0.7228545098197537
0.8326783958804767
0.9692117987704267
0.7590455996202744
0.854890966936859
0.666308248264467
0.6485310032990467
0.5
0.6496521579471207
0.8419373896225354
0.7959458930784636
1.0
1.0
0.6031811077795699
0.699933458100704
0.7851036080810839
0.8746567285296593
1.0
0.9261240692877376
0.9131712145237804
0.6113620902908539
0.6278762762076179
0.702312096560458
0.7826860069303694
0.7510916732966976
0.8423050504268461
0.8471779747793526
0.9676790820598283
0.6524682236937267
1.0
0.5312767098832748
0.6746579674957026
0.8410696946974325
0.8585157544280948
0.7683757780210758
0.5136118902954068
0.4095799444938008
0.45480996165020426
0.9601220582854609
0.5297027775178567
0.4612710829924778
1.0
0.5122704073004434
0.794883329221233
0.74361156535486
0.7411692254014414
0.8035494770679591
0.993794783615355
0.9154625997010312
0.6137689126289827
0.5698519772313692
0.5116034223224797
0.6629893101737374
0.5765670544002248
0.7799082368088404
0.2736448856818009
0.42208010430420384
0.7940974831677474
0.47503721060068366
1.0
0.5499535161640196
0.742468820703753
0.9561159478596258
0.4494849487964965
0.742432846131345
0.7001184839321165
0.7980406340997885
0.7542072502016264
0.4264152391145962
0.9682631068300581
0.7118482709279607
0.6434793455962039
0.7967525989100568
0.9950883835132915
0.6943559495587053
0.8027553576383339
0.9757880597253891
0.6597731813132195
1.0
0.9017910571524353
0.6671759079859363
1.0
0.8819823960728695
0.9888009039459679
0.5249810314942066
0.5514322427838046
0.7500580070950541
1.0
0.8473049599686184
0.898006182951419
0.6039071726778296
0.5377185871491112
0.6806110986789023
0.9614894084181126
0.6298848681631418
0.7265979452833259
0.6527442674852849
0.674535730321584
0.7114845576663541
0.5890911838586761
0.48496859951534144
0.8899541184044202
0.6867906686931973
0.5122715026387655
0.25042639489195756
0.4372417913668099
1.0
0.49987464447681634
1.0
0.8888099810471962
0.3513413211834435
0.8393141067842423
0.6061107801265914
0.516331579552056
1.0
0.3333333432674408
0.5539865683493629
0.2765113591601852
0.35481536559519133
0.39882445923070714
0.6037582330853581
1.0
0.7164034224103217
0.21922102079998768
0.24419385963111112
0.4649199342159942
0.4789071525282409
0.6185649588102345
0.1409103581403263
0.3339178315652947
0.3986324897599589
0.8115076218021852
0.0
0.629787002590242
0.29811312411483387
0.8415908453395132
0.7627384961593847
0.45773109875053
0.3590584779870155
0.2703382404819187
0.4806814046139243
0.3082724227278808
0.33736988679712
0.5545632850595197
0.5915945618109613
0.6048783209091928
0.7327150817089843
0.35633304724669423
0.27617521053228866
0.7357237668287063
0.4392342719702159
0.9799214822604937
0.638824194866531
0.5285062803884586
0.9322138906509638
0.6483519337806105
0.5508866428266539
0.6759900030752716
0.49419407025059425
0.36096529704870695
0.6552438683487491
0.43650403175554425
0.4513471358289723
0.3246333746782761
0.14804095788016855
0.4615686875516766
1.0
0.6805962119481674
0.28571946231157713
1.0
0.9266360767498649
0.671739069785703
0.6628354215700779
0.6943559495587053
1.0
1.0
1.0
0.4125625354455245
0.7096961076331987
0.554468264726343
0.6621044972467441
0.9216017310636463
0.5116034223224797
1.0
0.3948506395805056
1.0
0.32193442273708534
0.33296980460946984
0.39625293646277615
0.795630079278819
0.6961622607830802
0.814600061972585
1.0
0.39238431235577215
0.6523642517851965
0.5676305971180889
0.6930668345384241
0.4440973233325389
0.7133089084589836
0.905211632258121
0.41126328276557206
0.3989495726990134
0.7273298416063514
0.4744919416228086
0.44697976149128293
0.21838346133188574
0.635386649692409
0.5704215191634261
0.2857104029119485
0.47001826012566716
0.6855598885766059
0.5566095817222287
0.33044943663251236
0.9337457743289556
0.6731063139711255
0.3562071919441223
0.6543188337832202
0.7666888161461255
1.0
0.40238113433933587
0.6746092342726381
0.4838034756030829
0.6109508178892582
0.5
0.8417027482834935
0.6538525891218978
0.4905607960697011
0.7516880515380515
0.313865746557613
0.4146896846688491
0.3850086997992822
1.0
1.0
0.5159958241639143
1.0
0.6839608218339335
0.4278679896635674
0.3191547284561577
1.0
0.7969265316892119
0.4683221546842203
0.39658847643945244
0.4353478435667928
0.48747268313237957
0.19610236756090046
0.5261954023505931
0.6816808368784143
0.0
0.49175152999349736
0.8340611155311317
1.0
0.5354012264400217
0.625410884786745
0.7160123623677129
0.42409015810977524
0.7257345281086799
0.6192628302603386
0.5883737015645135
0.9558305162193037
0.7827068933837892
0.0
0.41941544723210855
0.8413556338380537
0.6943559495587053
0.4056675913480669
0.4814452824601196
0.48220771680225455
0.11152991345840328
1.0
0.8365072075907697
0.0
0.5542843872269361
0.38685280084609985
0.5088197618003372
0.4636831305764708
0.7030148889183879
0.5969021829495904
0.6639105074072856
0.7336203426379202
0.6243301312954369
0.355782212057913
0.562157847988598
0.028362554789850482
0.6177638421006632
1.0
0.30281242779062073
0.593923989235069
0.479912141276868
0.7065836034403374
0.8165901951542851
0.8125952065338667
0.6007375358378015
1.0
1.0
0.5220573778508328
0.7517393469103754
0.5127171899140838
0.6653497270249458
0.48140630579973076
0.44787807254244577
0.6733810637509647
0.06375012394399475
0.687333273403692
0.38058290591899635
0.48217783424469174
0.7692286876174113
0.40102699655534824
0.5309999101055379
0.4258632704236497
0.6943559495587053
0.6065902510302221
0.503422730034493
0.5317734423666801
0.4877614945320615
0.24427804322690766
0.6161660830886387
0.5734654077287663
0.5533960575796111
0.7059868647280578
