0.35123898936769543
0.38865425737691506
0.7467366477874152
0.41781321121402243
0.464863016393248
0.6301822571748407
0.3317585554379946
0.29947649694610706
0.5454931000786495
0.732215322952785
0.6917831842263285
0.8613632851648625
0.5078013150504214
0.6725956707728977
0.4292912469913968
0.41520994953073304
1.0
0.6331143359482971
0.25437015140780095
0.5656025370158362
0.8013288754287974
0.8347367060926464
0.6505070578731688
0.4343974629841638
1.0
0.6039775639226977
0.5
0.6925601931188133
0.6917831842263285
0.5280166347104913
0.24448481127813365
0.4483971138485984
0.6052942438160956
0.660839798122932
0.5817247758096032
0.7100154135617496
0.19124751703754828
0.4956677140829974
0.7109706976797593
0.44306313311567014
0.4295620844501094
0.6294159594116788
0.8304198990614661
0.3314377958738893
0.504313882964052
0.5454931000786495
0.7426142787578354
0.618535459626825
0.3650590684965299
0.8364840030587648
0.4675920374073171
0.5836936555839776
0.1312050740316724
0.5217718043239171
0.6039909624120612
0.8550077067808748
0.5309249060763035
0.5730341778193013
0.27303536382951
0.7234267653044045
0.8613632851648625
0.6720477989110257
0.6695801009385339
0.6069931337570614
0.5028545117048611
0.6028478960845516
0.8496074125148968
0.8199726884236371
0.24696084755162143
0.6695801009385339
0.41800375253603184
0.4639151716305176
0.7257339087674278
0.5411265241918622
0.7833471459539526
0.5158048935785342
0.754370151407801
0.6917831842263285
0.3713071393789177
0.5250962192490102
0.5153047317692114
0.554698493587124
0.3911082753668185
0.9218235840199598
0.45186725420792734
0.5083711525182059
0.16095034142139328
0.669608398404935
0.6950042989587084
0.8550077067808748
0.699534379988689
0.5
0.5633262595152281
0.0
0.4852285575156707
0.6438542788511018
0.0
0.786013732485877
0.0
0.7234267653044045
0.5327278177127955
0.4858900661022558
0.5908614793768446
0.6334131095162231
0.4046620891713743
0.6652642243854453
0.5105333538858818
0.5365170889096507
0.7074887294712193
0.0
0.33262793454601675
0.704688885875702
0.34574480290553217
0.7426142787578354
0.6054866761206893
0.4226415903341982
0.2976186305535479
0.35455962733171836
0.38545845042720844
0.618535459626825
0.0
0.6475706286678421
0.6069931337570614
0.5804751707106967
0.36356035473580917
0.6747464710634156
0.5541284678589271
0.5074316408034651
0.5074316408034651
0.4501924569315571
0.5
0.6503925874851032
0.48359452812335496
0.5222030832877945
0.48228451020293633
0.33612452655538383
0.584790050469267
0.3590127690199395
0.584790050469267
0.5245136610577601
0.10907459423739019
0.21113925979695553
0.584790050469267
0.5804751707106967
0.584790050469267
0.6249420218790184
0.5147714424843294
0.6105242711635698
0.8274043292271023
0.2618072248617536
0.5169794779688801
0.0
0.41520994953073304
0.5901055941921184
0.5601804156468088
0.6917831842263285
0.8613632851648625
0.6695801009385339
0.5634538798557499
0.5169568401197736
0.5523934231782524
0.5874946947740843
0.3494746268497406
0.21398626751412297
0.07132875583804099
0.8199726884236371
0.0
0.631165156791197
0.6621484601350688
0.1312050740316724
0.37381935278950773
0.6725956707728977
0.6789122087521293
0.5348691361025121
1.0
0.3650590684965299
0.40720345841997285
0.42565716016856187
0.5
0.745629848592199
0.31123238560803523
0.1460683556386027
0.3547653589744129
0.6514215809056265
0.6503925874851032
0.7426142787578354
0.7681772902629966
0.3124164829772125
0.5191875134534308
0.5508595558480266
1.0
0.4275038533904374
0.5268758990809337
0.628883512615574
0.3930068662429385
0.4070805063303249
0.330419899061466
0.33368190749879323
0.3600546231527257
0.6365017106236964
0.5656025370158362
0.5730341778193013
0.17852368410492667
0.5146399284985934
0.6068544022290422
0.4154677470586708
0.5482729615596164
0.7608868022919801
0.5690878262899595
0.3786928606210823
0.4193721306667556
0.5030155698343637
0.5396864163949143
0.6843515434228633
0.5730341778193013
0.5454639273920195
0.4793047016293874
0.33622489686362234
0.49112509664118514
0.15039258748510317
0.6496091415087124
0.586945259711378
0.7514689312945604
0.2959909948945172
0.5
0.6201049716811229
0.6578242282885683
0.5730341778193013
0.222650753206438
0.38360109462783126
0.5030155698343637
0.5002742478675133
0.5022518365092816
0.5656025370158362
0.7573857212421646
0.5704379155498907
0.3075668443558591
0.3023112166240752
0.9343974629841638
0.6578242282885683
0.0
0.8421757717114317
0.6578242282885683
0.6800273115763629
0.5318769044796295
0.8714131786575199
0.3500414378618578
0.5
0.28166312975761404
0.6077293363672855
0.5
0.5424236497569489
0.5730341778193013
0.5989529938922141
0.3252535289365844
0.45326401793172627
0.5656025370158362
0.5819962474639682
0.3757550740563513
0.6438542788511018
0.3960224360773022
0.32255027072806663
1.0
0.1475706286678421
0.29754893565380275
0.7467366477874152
0.5804751707106967
0.7026783788693942
0.30592667447618616
0.5560906747329175
0.637662053550025
0.2686203193030718
0.3930068662429385
0.6349409315034701
0.5
0.4034540768807674
0.8304198990614661
0.4754863389422399
0.4777969167122055
0.5689694184102108
0.330419899061466
0.6800273115763629
0.29947649694610706
0.41434560931664854
0.6020852896847038
0.6695801009385339
0.5508310945315069
0.7957607481490262
0.3615715509178957
0.5346694052538249
1.0
0.07616128774664462
0.8496074125148968
0.8687949259683276
0.3733683238937076
0.2873212320601525
0.5396864163949143
0.330419899061466
0.048987818577555346
0.41520994953073304
0.6754324891022502
0.5656025370158362
0.4850697194283322
0.6326593746128205
0.3333333333333333
0.5730341778193013
0.44306313311567014
0.38997680975245197
0.4580896487779755
0.1410238807171068
0.5
0.9343974629841638
0.8223779629560284
0.6685622041261108
0.6201049716811229
0.6578242282885683
0.535104192602537
0.3190900384327302
0.45809361701736817
0.6386367148351375
0.4257578098900917
0.4343974629841638
0.09797563715511069
0.538452638816134
0.7227265703297249
0.7467366477874152
0.34574480290553217
0.33860223490422975
0.0
0.28642306418232966
0.586945259711378
0.6566364584573413
0.46991362569616296
0.3117250585333605
0.3392109651575818
0.7047575719254717
0.7938083719600866
0.6813359735884996
0.7614498208888638
0.5588735273492097
0.786013732485877
0.6069931337570614
1.0
0.642697033353541
0.7296289407065732
0.6175049659249034
0.490399999450654
0.34574480290553217
0.23121674196226258
0.5998078301559128
0.7683166620522546
0.5392456079687916
1.0
0.3219271394255509
0.3273629133331667
0.19222568591144454
0.29379182251450264
0.5413905967412252
0.8806518876525528
0.43668416194685383
0.35361814661419516
0.8558112420248054
0.512327670640471
0.6475706286678421
0.6233569109247218
0.7741112720240936
0.0
0.4448446736219927
0.4389359984561354
0.19103160623638765
0.7741382166654039
0.6438542788511018
0.8082168157736715
0.7489030451765732
0.194544487895199
0.6548086584542047
0.07817641598004023
0.0
0.3410075833342802
1.0
0.7947520280996537
0.9343974629841638
0.5536132660409774
0.637662053550025
0.3868528126910807
0.6937128253755396
0.6446425325218577
0.3133431347086175
0.6503925874851032
0.4876460373624955
0.618535459626825
0.6493387574865718
0.9675767941734302
0.5110303774437327
0.6829599078698491
0.4783608813673868
0.0
0.5155952900839833
0.3426462508614561
0.5147714424843294
0.7036613034007596
0.30821681577367155
0.0
0.4976028500637291
0.5
0.590933705098152
0.584790050469267
0.40740112995912714
0.5346694052538249
0.6164336315473431
0.30127394490611037
1.0
0.0
0.33368190749879323
0.0
0.5012658400865332
0.576049747653665
0.6201049716811229
0.38360109462783126
0.48359452812335496
0.47036527590874033
0.7467366477874152
0.0
0.9073130232131891
0.5217543151719409
1.0
0.23518263795437017
0.6725956707728977
0.6541894519818205
0.1745983257880773
0.0
0.5783986434255107
0.823165538780924
0.4275038533904374
0.44685353060880906
0.6695801009385339
0.3531845553542619
0.6960198539487682
0.48181771355314995
0.5355996151566758
1.0
0.656503074277549
1.0
0.659617267912426
0.8199726884236371
0.21836974719455368
0.4004445103275124
0.45363844526920843
0.5
0.29947649694610706
0.05765043644427622
0.6153383220742301
0.6085430664321464
0.7899399798135102
0.515387642340258
0.5999965473680058
0.38356636845265696
0.5924678756921969
0.28144069168399455
0.30821681577367155
0.5659351329804103
0.40156296195856733
0.2532633522125847
0.0
0.5545372971186951
0.39431367637749415
0.35704736820985333
1.0
0.31036882600607335
0.6674880551906832
0.5191875134534308
0.5
0.7036613034007596
0.6503925874851032
0.8083514003049219
0.6725956707728977
0.5656025370158362
0.4054873348069152
0.5222030832877945
0.298651877723164
0.7825115601713122
0.5625869671814725
0.0
0.9343974629841638
0.6829599078698491
0.8496074125148968
0.45225164456501793
0.43643629900014425
0.5222030832877945
1.0
0.44436116960836614
0.33912913969659103
0.482038132669264
0.4934732955748305
0.7840048754990606
0.0
0.6180376483482707
0.54105050922044
0.4745745405939629
0.3344624582251331
0.2836213938214659
0.8082168157736715
0.33916020187706797
0.8558112420248054
0.6566364584573413
0.6503925874851032
0.6427417747553243
1.0
0.2867823782412911
0.5
0.1312050740316724
0.6069931337570614
0.5087403028156019
0.518983807325362
0.8249792810690711
0.6583626215835698
0.3314377958738893
0.4950761858385569
0.3117250585333605
0.915209949530733
0.7648173620456298
0.5123315504765462
0.08478905367474866
0.6532646836508678
0.660839798122932
0.5730341778193013
0.3930068662429385
0.6800273115763629
0.777349246793562
0.5965459231192326
0.7182483378004375
0.44306313311567014
0.5825462351930052
0.5551231245961828
0.8930068662429386
0.5
0.4269658221806986
0.9201043059619813
0.3314377958738893
1.0
1.0
0.3052621355817849
0.6187490064070271
0.5545924367986385
0.3252526992253474
0.32298825825800087
0.8687949259683276
0.8930068662429386
0.26610608829466714
0.40587684492261933
0.13768644215501635
0.8274043292271023
0.0
0.4849926841180137
0.7328286323410357
0.3243805053161523
0.7974534416260624
0.08926184205246333
0.5958009377227255
0.3052621355817849
0.13640746304590554
0.881464540373175
0.5
0.7467366477874152
0.615263178494034
0.417582873727646
0.361604361450444
0.5671207569355594
0.76704495226208
0.5126689183278674
0.23570627034368255
0.4407008950924965
0.7138221062627557
0.3219271394255509
0.720110773235939
0.20210735516747766
0.0
0.5270555056919005
0.5245136610577601
0.7691415938921303
0.3930068662429385
1.0
0.27653629065829455
0.4343974629841638
0.6800273115763629
1.0
0.6917831842263285
0.5783986434255107
0.31629965805927124
1.0
0.7958797326152117
0.43505431911693904
0.2535925904782972
0.04984108500406465
0.4956677140829974
0.8199726884236371
0.9269658221806987
0.360028896230957
0.0
0.5569265265382428
0.754370151407801
0.47747704088285914
0.25642173379353017
1.0
0.5060958024806627
0.4636566013716411
0.0
0.6992148250297936
0.34519134154579534
0.7426142787578354
0.5
0.43281961364854765
0.6503925874851032
0.5288632561983907
0.0
0.6559651460960286
0.7426142787578354
0.660839798122932
0.33368190749879323
0.786013732485877
0.21398626751412297
0.3124164829772125
0.4562614555456913
0.8919300353855719
0.0
0.7777470777233876
0.4956677140829974
0.7311340176865725
0.8757862848349947
0.5216391186326133
0.5
0.5895040561993076
0.5879684308859017
0.5874946947740843
0.3428736552637338
0.6399453768472743
0.4275038533904374
0.915209949530733
0.7039180842396628
0.9269658221806987
0.5656025370158362
1.0
0.6399453768472743
0.17797955092314094
0.1312050740316724
0.380093764619075
0.6023173221718975
0.7351826379543702
0.47336548848946114
0.5624447848939075
0.6187490064070271
0.0
0.6467398349810282
0.7467366477874152
0.0
1.0
0.3219271394255509
0.5084145942015152
0.716590238590879
0.8421757717114317
0.5087403028156019
0.5
0.637662053550025
0.5995614929535963
0.8304198990614661
0.6505636139796882
0.2960819157603371
0.7905588238206226
0.7683166620522546
0.0
0.6487610106323046
0.0
1.0
0.6548086584542047
0.8613632851648625
0.8539316443613972
0.2532134055086643
0.0
0.2285418014311689
0.41520994953073304
0.4501924569315571
0.515387642340258
0.5588661185145414
0.6438542788511018
0.3761036121562038
0.4275038533904374
0.6096076021917034
0.5498075430684429
0.0
0.9099219094666007
1.0
0.7169243908013209
0.6695801009385339
0.3355486672094706
0.763701262426878
0.7019304650869378
0.8613632851648625
0.36684161946853816
0.5
0.7227265703297249
0.5625869671814725
0.6065160405609648
0.3257577859376239
0.7765732346955955
1.0
0.5460393130172625
0.6105242711635698
0.6578242282885683
0.0
1.0
0.6834208097342691
0.7100154135617496
0.5958337858272824
0.8965430898483275
0.16958010093853398
0.3820078559135736
0.12663167610629236
0.5771384993546606
0.5730341778193013
0.4778706654739878
0.3801001677990467
0.15847371036713812
0.5621766755057295
0.6620782251848911
0.6960556008017822
0.5965459231192326
0.5508310945315069
0.9269658221806987
0.4870394655742292
0.3863311042982201
0.8908151264027232
0.6800273115763629
0.6039775639226977
1.0
0.5
0.6800273115763629
0.0
0.6156012986625596
0.4083456752888481
0.6934822879343804
0.4984738079717896
0.381850631213439
0.7351826379543702
0.7471222809693052
0.5002420887735161
0.222650753206438
0.30078517497020635
0.1460683556386027
0.8613632851648625
0.23911319770801986
0.39451332387931065
0.8274043292271023
0.33916020187706797
0.6123036566307015
1.0
0.5346694052538249
0.1463682221232941
0.8687949259683276
0.518983807325362
0.7915191226211313
0.598990807943092
0.4747677692819337
0.33051750011611963
0.763701262426878
0.5531464693911909
0.6695801009385339
0.9268663302157886
0.5245136610577601
0.47036527590874033
1.0
1.0
0.0
0.30821681577367155
0.3672788927457005
0.6261806472104923
0.4697120350662905
0.5709522492199035
0.915209949530733
0.4254845316565481
0.259387379462826
0.6238963878437962
0.44685353060880906
0.5516638080062071
0.30078517497020635
0.557961629628088
0.2610646672630061
0.2612021753900579
0.4374130328185275
0.6164336315473431
0.6473770176507395
0.7648173620456298
1.0
0.6925562326101534
0.3065735936544597
0.6455709459479493
0.9092569770058291
0.8687949259683276
0.5704723300654952
0.8744927286738025
0.0
0.8304198990614661
0.5879684308859017
0.6338006199004086
0.2985059981716174
0.6432115320911648
0.716590238590879
1.0
0.754370151407801
0.6043113171604328
0.5356205519425685
0.6515444330536367
0.7791035685522494
0.7628558760913389
0.663513760971053
0.8550077067808748
0.8470858882310374
0.7659544240290809
0.5538466643658706
0.6433514388037469
0.5874946947740843
0.6833201833625516
0.6992148250297936
0.34322053640743394
0.6069931337570614
0.8792872116637793
0.8656392272970953
0.43736437742663337
0.33224812474323984
0.29408067485405476
0.5804198073329084
0.7910838833300736
0.4089221679914653
0.407690382589392
0.535104192602537
0.44161065019782236
0.7894779395504506
1.0
1.0
0.5895799299701442
0.8622240260456554
0.44685353060880906
0.34121754014524364
1.0
0.6027121891994333
1.0
0.555289046495757
0.6175049659249034
0.9177808419118559
0.5147714424843294
0.8593710704912251
0.30388335690064944
0.34534306316724084
0.7924954039716593
1.0
0.4946811534569352
0.7968589816766424
1.0
0.7513087576347324
0.7606395690978326
1.0
0.7218456506691939
0.7518285210519564
0.6475706286678421
0.3903800445186212
0.16095034142139328
0.7575661457240825
0.6503925874851032
0.7925629218869673
0.8622240260456554
0.8496074125148968
0.9343974629841638
0.7698987084867115
0.8714131786575199
0.7467366477874152
0.6695801009385339
0.6845038960869909
0.763701262426878
0.7882056094155322
0.660839798122932
0.786013732485877
0.9155230516777322
0.7691415938921303
0.30743980688118666
0.9269658221806987
0.8502026154281416
0.6132659821113118
0.8550077067808748
0.2960819157603371
0.29555617250392213
0.6725956707728977
1.0
0.32050246746364713
0.7074370781130327
1.0
0.6386367148351375
0.0
0.7467366477874152
0.4852285575156707
0.7160414604131305
0.535104192602537
0.6053125778076113
1.0
0.8082168157736715
0.5958337858272824
0.7037561885749949
0.6285868213424801
0.6960556008017822
0.5650231203426244
1.0
0.7654742456972253
0.41034639384193006
0.6503925874851032
0.5804751707106967
0.9161872340347363
0.0
0.660839798122932
0.5396091358532538
0.4912596971843981
0.27303536382951
0.35123898936769543
0.26988186300694017
0.8747287548532667
0.618535459626825
0.886407077907916
0.7364722471540498
0.7511283026044165
0.8210845517894667
0.6412816067172584
0.7706166090286444
0.5
0.6096030140171182
0.6725956707728977
0.5903159445031002
0.7304586260958247
1.0
1.0
0.8687949259683276
0.7198175267137865
0.8241067588843207
0.8304198990614661
0.6649536735822497
0.5545372971186951
0.4154677470586708
0.7087433092772377
0.6069931337570614
0.7152292690127099
0.8775416467901241
0.8304198990614661
0.7095272004038102
0.8792946676332682
0.745629848592199
0.9011567501330383
0.5814285922192695
0.6222387138301668
0.5
0.6932185179430661
0.9174524916747823
0.7894779395504506
1.0
1.0
0.5362571919532348
0.6487610106323046
0.6921391929882873
0.8304198990614661
1.0
0.8274043292271023
0.8613632851648625
0.6892029503444473
0.6357942350720316
0.6779553350512283
0.8496074125148968
0.6164336315473431
0.7504554643985526
0.8733683238937077
0.915209949530733
0.7673788173805091
1.0
0.4754863389422399
0.44685353060880906
0.8421757717114317
0.8930068662429386
0.8007398678788243
0.5134431224741461
0.509483177156062
0.30673968962695836
0.9714088996429322
0.5060783048967572
0.41098594680650163
1.0
0.2070502313925009
0.786013732485877
0.7263072183756437
0.6965789429934829
0.9147552546739447
1.0
0.8930068662429386
0.6078444941808232
0.5284555696935643
0.44813571379191786
0.5582892207601963
0.6438542788511018
0.660839798122932
0.5
0.5558347679838843
0.745629848592199
0.5581994204159085
1.0
0.5677543029534093
0.7833471459539526
0.9439093252670825
0.6531920181223881
0.8116657284895262
0.6342844913907107
0.8558112420248054
0.6438542788511018
0.4232663461437489
0.8539316443613972
0.6639761005444872
0.6620228798046892
0.8367796419976088
1.0
0.7467366477874152
0.7957607481490262
0.8687949259683276
0.5914489327299413
1.0
0.8408803825697946
0.6039909624120612
1.0
0.9065280358634525
1.0
0.3065735936544597
0.4653305947461751
0.7281384736439432
1.0
0.9174524916747823
0.6843515434228633
0.43674671658069864
0.15101961361645377
0.7121952561782706
0.8613632851648625
0.4934732955748305
0.5895983023223708
0.7467366477874152
0.501988321328044
0.6161004690255247
0.6494829007723804
0.567237792445197
0.8304198990614661
0.7648173620456298
0.43864844527531244
0.4871125444702292
0.6109769598292414
1.0
0.3926009899634035
1.0
0.763701262426878
0.3733683238937076
1.0
0.433180477181758
0.44161065019782236
1.0
0.0
0.33368190749879323
0.0922717873323457
0.4849926841180137
0.30078517497020635
0.6828368418799642
1.0
0.7825115601713122
0.2807721860347751
0.22342676530440453
0.44916890546849314
0.5337035331125283
0.5083197172416795
0.29947649694610706
0.37497332869972727
0.5460393130172625
0.7894779395504506
0.0
0.6695801009385339
0.5056070458502085
0.8539316443613972
0.7428263573150397
0.6423232652368458
0.4653305947461751
0.4388160247520203
0.5296347240912597
0.4754863389422399
0.5112120685892306
0.5995614929535963
0.5624447848939075
0.7648173620456298
0.8550077067808748
0.4275038533904374
0.43668416194685383
0.8089683937636124
0.504313882964052
1.0
0.8496074125148968
0.5655676745624277
0.8655670088432863
0.7467366477874152
0.5538466643658706
0.715356118546201
0.5
0.5632585499957209
0.5531464693911909
0.4918452761545183
0.5167467079821785
0.4128919064334163
0.0
0.27727342967027513
1.0
0.6863024180874526
0.0
1.0
1.0
0.7698432081974572
0.6496091415087124
0.7467366477874152
1.0
1.0
1.0
0.572182116696816
0.8274043292271023
0.5
0.6889611511819475
1.0
0.44813571379191786
1.0
0.5392503749978821
1.0
0.5349068518659295
0.515387642340258
0.5269346408305051
0.7530391524483786
0.8539316443613972
0.8550077067808748
1.0
0.3801001677990467
0.7635277528459502
0.4852285575156707
0.618535459626825
0.6843515434228633
0.6960556008017822
0.8539316443613972
0.4275038533904374
0.35361814661419516
1.0
0.5882444022940969
0.19330306754267892
0.41648497959168757
0.7379954225047076
0.569710768546305
0.3672788927457005
0.535104192602537
0.6917831842263285
0.6266768518497549
0.2877085577022035
1.0
0.5376932931009907
0.0
0.5
0.8304198990614661
1.0
0.5958337858272824
0.6515444330536367
0.5369923199430805
0.6977488292098599
0.5
0.8497671899943445
0.7194765206780777
0.5
0.7649827678159536
0.3550077067808748
0.6483377296680121
0.5823557924043667
1.0
1.0
0.5804751707106967
1.0
0.6285868213424801
0.5460393130172625
0.0
1.0
0.8841966403042585
0.6069931337570614
0.2532633522125847
0.5
0.5730341778193013
0.30927208372775705
0.5346694052538249
0.8304198990614661
0.0
0.5
0.8082168157736715
1.0
0.6331143359482971
0.7411665151038075
0.6917831842263285
0.2727179707527598
0.6843515434228633
0.5628220133567873
0.6666666666666666
1.0
0.7467366477874152
0.0
0.5711171531035676
0.8613632851648625
0.7467366477874152
0.4275038533904374
0.5560906747329175
0.5002420887735161
0.0
1.0
0.8274043292271023
0.0
0.5284555696935643
0.38685280084609985
0.34519134154579534
0.30078517497020635
0.6438542788511018
0.5804751707106967
0.7099348946941043
0.871781797584588
0.6399453768472743
0.34121754014524364
0.4732023482626332
0.0
0.5531464693911909
1.0
0.0
0.7053525251955467
0.4075187508386827
0.8687949259683276
0.8304198990614661
0.8447122849425259
0.6695801009385339
1.0
1.0
0.6136228800703003
0.8421757717114317
0.4562614555456913
0.4981892709278148
0.5650231203426244
0.4154677470586708
0.772460198455657
0.0
0.5538466643658706
0.23115979340431927
0.567237792445197
0.8421757717114317
0.32050246746364713
0.27727342967027513
0.400064605907265
0.7467366477874152
0.6884994444360921
0.5
0.4660410440622399
0.5437165358026077
0.35911628545494767
0.745629848592199
0.6258472155967081
0.6720477989110257
0.7924943554730721
