0.4314661477496488
0.4472615605802117
0.6489075185650189
0.44906265882909885
0.5496803328115965
0.7713770833854688
0.42580463332841384
0.3529725019439469
0.5289238707991978
0.7844685460506245
0.6244541633516513
0.8753186473353015
0.5640747688737332
0.7190446386513194
0.525764267304506
0.4535876897173972
1.0
0.5888959013100149
0.3733222377142102
0.6849786583463072
0.7719816730560333
0.8506925819235936
0.6901982407689295
0.5239958963443221
1.0
0.64880525379966
0.5300772319052924
0.6276816903910044
0.6607480800022013
0.6836263543746907
0.3180065890408936
0.6220099597030045
0.6311699680580518
0.6371130910048439
0.6740902035395389
0.7950710795187563
0.3326238215999989
0.6023097532559784
0.812439760297614
0.46414052782938153
0.3628846220384781
0.5695613911364371
0.7379945090343828
0.5041522848106735
0.427099527679419
0.6419266070751736
0.7252827895789722
0.6094680416948223
0.33193669586437424
0.8632734288348201
0.5906529438135214
0.7085026124932416
0.3520603754705639
0.5578578704080593
0.6886273704908323
0.740114063876766
0.6354141121385019
0.6506021502322415
0.3452515460071916
0.7921912771650674
0.8753186473353015
0.6827912261081743
0.6810554095230605
0.6054635532070104
0.573790759928962
0.7127970489281809
0.8339131466010103
0.743672710563347
0.4414988749211398
0.6793319241439534
0.4222811720256687
0.5389902534001187
0.7705171050098198
0.607755218827647
0.7851659442959025
0.6315200767848739
0.7756655297635447
0.6595476265353103
0.4808392069783478
0.5926600157357979
0.6263387405033959
0.6077502470511381
0.44572295515816396
0.7975542405427696
0.6282483133874681
0.5865550566604959
0.26821999715813666
0.7348880928704676
0.7533120310790385
0.9361767398068557
0.6695765202051823
0.5167834729079012
0.5633262595152281
0.1936038034309394
0.5643416508716939
0.5243387564034019
0.2276095228718936
0.718342409088281
0.0
0.7481966485468597
0.6775404757829775
0.5987431875052988
0.6469276856293931
0.7003113556419114
0.49065157423829503
0.7452609263084063
0.5750412573878416
0.6533675157992029
0.7074887294712193
0.10431751199227059
0.44667697440186943
0.8185726061546537
0.37629130286495804
0.8011638856722166
0.6590178839566867
0.5976155585824198
0.42493294292355066
0.4732458210723911
0.4527252180045943
0.6421639124262024
0.0
0.6938755415430647
0.7047065851140915
0.6807351523524028
0.53881885713337
0.712370915209546
0.6194588190540039
0.6904792279538836
0.6298991052182232
0.539006209034797
0.5387325310033114
0.7339295775114425
0.6221967620173827
0.5501325154404758
0.5088042777548849
0.4704235410807712
0.6426368924207777
0.3486779413879247
0.5818448295145353
0.5976708841509826
0.311126245462049
0.28580702648492856
0.6482774690476868
0.6890020294947873
0.5374023083969028
0.778053899233003
0.5870552499366131
0.5792479717211226
0.781506183843653
0.49111691462752016
0.5478763943217567
0.21983167839044518
0.5159865871296908
0.5651431443399064
0.6968446157435821
0.6244541633516513
0.7736991794154079
0.7942049759887644
0.518994466743001
0.600377428221502
0.6340309842638517
0.6417115602882572
0.41438518909124844
0.13886244510772267
0.07700415719869681
0.8831745935751992
0.06425604311212003
0.6893147910767763
0.7097479409789891
0.08514311503365664
0.3062267429550099
0.7067721137285732
0.7556472523261243
0.648511280304183
0.9305687774461386
0.4706245924166046
0.5063200591704273
0.5448854502323591
0.5
0.7670884534941774
0.34941874852801547
0.29360470834476127
0.436079408627922
0.6644099677896043
0.6689920712166164
0.759059533386413
0.8346642108357978
0.37836916279924
0.5834609112084423
0.6135915166341946
0.8482378078135112
0.5914292977694713
0.5469626249094812
0.7450445565400166
0.46047058923304157
0.36447182440157455
0.45489162469924627
0.522803951360142
0.3783033074569998
0.6728860991755737
0.6789066367136526
0.5473941838709395
0.2819597719153243
0.6215096701748359
0.5743726235089132
0.4335219092931113
0.5962394641425516
0.6903358306146147
0.6546820821062328
0.43750749332373917
0.47429387530466205
0.49653450781437375
0.5551003554429825
0.6594803024376354
0.6706357562740941
0.6208493986330653
0.5257693019496603
0.40710827427410945
0.6258851645397663
0.2045009374998993
0.6859036554457759
0.4702022682133287
0.788630771751099
0.46180586342589164
0.7095623525867537
0.8252462221292746
0.6689431294049639
0.6232752799641839
0.16944064770015424
0.540970503877695
0.5717659729356996
0.5615132217162172
0.5608832450311121
0.6104142816292812
0.7715504066059999
0.6115594392711743
0.44201191837518244
0.327553970938656
0.9256180490238678
0.7130138320389044
0.0
0.8252566280275715
0.8262361517847296
0.6560245408929777
0.45315500263346975
0.8790352163221606
0.48408310442539626
0.6006436446484675
0.3149827053152163
0.6913264886237719
0.5649375062948261
0.6081070605026205
0.628408081744497
0.6478753801017907
0.37726638154887915
0.519935260598343
0.5886227490306479
0.6259866578124951
0.5457037192859322
0.7358599678290738
0.39332654145307167
0.38599956180481565
1.0
0.353438956932538
0.39913213063494885
0.8196104835463295
0.6374262462765846
0.7237249273175034
0.3802591377001343
0.6924445210170256
0.7419209436268407
0.3658578562215493
0.44471534763169396
0.619194529378542
0.5758810960932444
0.4704754151108819
0.760079105814768
0.6327228845474274
0.6219267974407529
0.7525023478376209
0.37780593185757666
0.6853177615091722
0.3730689237096491
0.5060535412136614
0.7383308373299636
0.7488180052736366
0.36919595710909137
0.6552465258053352
0.4547643366389958
0.6008960347357694
1.0
0.10306149179036332
0.6908389573672316
0.9148568849663433
0.495474769993022
0.4083994360893074
0.38439739046167204
0.3899541184044202
0.2017285024348767
0.5481850255635122
0.6186178894360996
0.5727934525347237
0.5700424650915649
0.6989551393038741
0.3656934141343649
0.5850048198977079
0.5904617645856434
0.3899646023695931
0.5146354814962235
0.22822063888814467
0.6123633770187662
0.8166098400951012
0.772694520369695
0.7030932596353678
0.6712155717984551
0.6342275181280332
0.6394726825848909
0.5289026861757354
0.5597372388023745
0.6230928542232901
0.4359203316815493
0.5458000858930315
0.23574156939450033
0.5294765616517143
0.5384313124483234
0.8196104835463295
0.3910380464019923
0.4498445549369217
0.1589316011271232
0.3731885364384417
0.7057973677651632
0.7886364652074479
0.49208049721641095
0.560411251580825
0.47893608707915997
0.8285069686972013
0.8467798620150362
0.7174553162288037
0.7723230750512587
0.7360774595110247
0.8611375548922774
0.48103253513687194
1.0
0.6776959298993029
0.8403486090509771
0.7508122129217614
0.6278300205748011
0.4829777255462618
0.3365381534778715
0.7418258424310269
0.8424246938377196
0.6260308805216653
1.0
0.43124659204539967
0.566330716136804
0.2341267833180602
0.4126233135321968
0.6095785615246673
0.8542997075345777
0.6136698721172259
0.492995831157126
0.7834952620298714
0.6346489129003895
0.7237185537867616
0.7057103821544658
0.8461940150278777
0.0
0.600543046509217
0.44927433299342334
0.3229790613127684
0.8077656023030736
0.795487957642082
0.8473448426758895
0.8830360063779675
0.41768988838186016
0.5033242814649721
0.07292688663628463
0.10209739895755823
0.4133421927482446
1.0
0.8465641058103983
0.8606805427290417
0.6526193530594394
0.7419209436268407
0.5912352145517905
0.695241144573942
0.7585252101882088
0.44733151212204003
0.7745967852839029
0.5908830063992642
0.797363726250064
0.6959117810956648
0.9772274807687747
0.6549494681193213
0.7180724377996636
0.5430963753160843
0.0
0.48797934172774515
0.4685886633160639
0.5404673744595633
0.7973827989686526
0.481078470507041
0.174371470154016
0.6393335946566482
0.5318103934593039
0.6251881169230734
0.5868333342570937
0.5645207910675099
0.6496498671066043
0.7510916732966976
0.3811653728296682
0.9950883835132915
0.06362078691860773
0.4732635873815346
0.16873515648836376
0.5012658400865332
0.5432790607133947
0.7294157253194942
0.4876020463291416
0.5618354776676582
0.5829393823046835
0.8196104835463295
0.14279514580399644
0.9307918578261208
0.581358831701234
0.9337457743289556
0.39563230862406706
0.7190446386513194
0.7180230700174111
0.22307517217025374
0.18457570391786032
0.5105697316694638
0.8101462969109332
0.5295777538489922
0.57742500478251
0.7785117171546074
0.36757542032409907
0.7313426437546939
0.6097383953548081
0.7560950019523395
1.0
0.5655503092915306
1.0
0.8034942997242771
0.9004084869150566
0.21964686543865117
0.6068294622625132
0.5966176638777488
0.5885304599545284
0.4831959732113299
0.19849928385635446
0.6481453156840364
0.683724470130761
0.82316619955951
0.5966716416687204
0.7233262524154598
0.536355967114697
0.7145775978743323
0.44265623823740263
0.55108005031335
0.6418310118667115
0.5403676248458906
0.21561019150820743
0.12347490662000246
0.649324428607778
0.423257664571161
0.46287687482809103
1.0
0.3299405030326124
0.7641419910282472
0.6000309592673922
0.5698090744605898
0.7762034689194366
0.650084330096004
0.8641921413072571
0.6725975058393631
0.5805702385181142
0.5801776514302123
0.6176162481173735
0.44579373152896046
0.692577872060772
0.6058622935821149
0.0569065578905831
0.9037679122994307
0.7182313702196168
0.8499047042126444
0.5080084807340206
0.5208587386497462
0.6324428167204158
0.8572048541960036
0.530932446858592
0.4320742987627768
0.6058230523786813
0.4678819106529444
0.8206348097003766
0.18457570391786032
0.6637561857896694
0.5102177971720884
0.5755884054339606
0.4387904780882574
0.28860906457190266
0.8408302253714182
0.5049059648501175
0.862034468929354
0.7859593375998135
0.7202466133993073
0.6616504821154048
1.0
0.34658493862166295
0.492611258991127
0.22212782520239946
0.6593196143989637
0.6224254343130952
0.6380668460079401
0.7819562945208605
0.674636015654551
0.4033507203928274
0.5650610600336924
0.4007606253436137
0.9756806755378389
0.901017225289967
0.6083049200076247
0.11179004781921995
0.6389112757086762
0.7065443135587053
0.6898012847004185
0.3880962380480781
0.7213500921623213
0.8327220457568932
0.6634857305114071
0.7428913161349936
0.5219829722558621
0.6220797402377616
0.6000364666660172
0.8640427727099041
0.5723262473036991
0.5196134670983186
0.8820320102169291
0.4464621371533132
0.7819835821424668
1.0
0.39782519697525165
0.6437265054560932
0.7029605545330055
0.41690438232992694
0.38598551603385783
0.9148568849663433
0.9305687774461386
0.38621441708085724
0.5128211120610532
0.3400449049055191
0.8430924218056801
0.0
0.592034114765995
0.7328286323410357
0.47544300184957083
0.7988275015174238
0.24555117712757393
0.7437171053781869
0.46706970114165697
0.2771759564876546
0.8746549782200843
0.6597571126666681
0.8196104835463295
0.5561633002548775
0.6131014235159333
0.6085072605600793
0.6442731804251876
0.6864480529159445
0.5702824201692123
0.28904689914902715
0.5384914462423771
0.7468315785200655
0.6292577471210247
0.7435019636748612
0.3585336007714902
0.0
0.6274169911389764
0.6812744368463536
0.7431468328797014
0.5889084589129496
1.0
0.3146486387775574
0.5512942225122995
0.7258395411858964
0.8643145517750942
0.7276621297129533
0.5775760783865828
0.4418332339623199
1.0
0.7995682365115443
0.4693250835353394
0.5620849882790246
0.2857958166739998
0.6023097532559784
0.8763355613057855
0.9435997664443074
0.36492768607880904
0.0
0.6218767300059849
0.736466395295368
0.4595660729568748
0.5085056183699349
0.8298881769957349
0.6330638486534181
0.6794476484771336
0.20067467647657658
0.8062079587868551
0.5750739874713816
0.8040968257147858
0.6028276366036944
0.521741848618486
0.6881699795195463
0.7140209940544537
0.23622204727554486
0.7277199727041875
0.8052488569900874
0.781651101252764
0.4611518081993726
0.8264219436153467
0.13886244510772267
0.43605931045660035
0.5862066046259701
0.869391395378445
0.0
0.7343617113029849
0.7277670608300097
0.808497344299345
0.9054714522735673
0.5441940870972543
0.5
0.6754293796839334
0.5827357915785106
0.6538079315115007
0.3922878935089515
0.7027284002317906
0.5814626539354555
0.8953491403092895
0.8451850628578407
0.8435976072002939
0.6635267221213639
1.0
0.5522654699891388
0.3351559621015169
0.23819820778873388
0.380093764619075
0.6628084710319705
0.8812156876602146
0.5220581889299373
0.6883561804285052
0.6448790345164898
0.0
0.7107998278582464
0.8454598625402703
0.2188505873903328
0.9305687774461386
0.5868720983196468
0.6880284511529867
0.8669824903716941
0.9178843870614055
0.39956886734060076
0.5335412547534011
0.7419209436268407
0.5986895714211107
0.8482921986392804
0.7540575366595985
0.5853898522586836
0.7702492821235158
0.7797573088710484
0.12439368266000042
0.7498262938629534
0.32214393670956293
1.0
0.5766882047151072
0.9100342586122322
0.757382140767906
0.403702214831231
0.0
0.32148128025570366
0.47686311721875074
0.6462137732515537
0.5596668221903629
0.6579000877568788
0.7869516250238915
0.49888670103174926
0.5769849141233322
0.7244308589808857
0.6661090025919644
0.1584917120752064
0.9373279726413706
0.9363792130813923
0.6931088706006049
0.6829783739606071
0.4461935889222215
0.8250128473468096
0.7019304650869378
0.7647219399651265
0.4685328923458522
0.5758810960932444
0.7402849184067103
0.5802018384844129
0.6839538602121993
0.3392609866108508
0.8336484910424173
0.7671708055755583
0.6609542666280243
0.7870297634293738
0.6494632144083963
0.21124181707035275
0.9633180383749325
0.7423850828768518
0.739944472832311
0.6943559495587053
0.8996292741618699
0.19958818678573007
0.5956174256823821
0.33528760654695733
0.6255902680397396
0.5128549834763125
0.4589271654152343
0.43104101790770855
0.31220510708294097
0.7300992016141736
0.706786202285061
0.7219229464479944
0.6216249669764653
0.6983187112371626
0.9066180522897431
0.5586134382789565
0.5379141923531662
0.7634238460419895
0.792359620089802
0.6388718969807496
0.9266360767498649
0.650945097443985
0.7060448168935247
0.0
0.4907023248624983
0.5409637354900185
0.772516214456672
0.6453242725007018
0.5873298230776057
0.8002028743430241
0.7972555873614611
0.5248445224524955
0.16944064770015424
0.590604699905292
0.3335733601913789
0.80682629225093
0.504464193567277
0.4043406680756913
0.7809553613486806
0.43719948613756876
0.6125938381697047
1.0
0.7125717565957888
0.38192233827241756
0.7007731678050839
0.6739523763153965
0.827086486773428
0.6353901853788535
0.5821032077952398
0.3918571623091603
0.8735414838306812
0.7622370021058107
0.6467278432206474
0.8961284905227856
0.5473523621501303
0.41966500033971765
1.0
1.0
0.0
0.4999938203693015
0.6092656093801281
0.6577637019280673
0.6177060850059588
0.6823771734671362
0.9449770592022101
0.46650319516739425
0.481483985084696
0.7313734413010111
0.5495179654668064
0.5511506894926198
0.4277196885274502
0.7263789470318658
0.4227671671645888
0.5420826640493372
0.5537693139801537
0.535708694191601
0.766690401133759
0.8564560786458235
1.0
0.6753571026719511
0.49114929757231995
0.7385232384873932
0.9296286648886554
0.9148568849663433
0.6266231884632787
0.936973680078006
0.0
0.8899541184044202
0.69441151343853
0.837374700781536
0.6389845805311752
0.7315877920824276
0.8694973450357437
1.0
0.7576627269308609
0.6311769639261207
0.6908229680575863
0.8176887861212836
0.7954281448513731
0.8270362042602868
0.795751554066349
0.9295204915099363
0.8865892919568288
0.8409908790667004
0.6504327151646073
0.6647917033748362
0.7951275830398847
0.706721453331696
0.8594925988610209
0.47529131677967473
0.7102498249419318
0.9081357114367514
0.8504851115558171
0.7053589758593669
0.5298571924752641
0.4085003046125598
0.7307036799020511
0.8796576484399605
0.688106256080894
0.5277921367744164
0.8138378002337244
0.5890723349334394
0.8897308755056897
1.0
1.0
0.7522217025373117
0.8844257208544263
0.4937170171044626
0.6379098232007115
0.9681896065406961
0.8304662782719255
1.0
0.6289472352512167
0.7243947076259325
0.916917226560738
0.6067216001306077
0.9252442473306807
0.6058905472676712
0.6307815079600708
0.8273658197876491
0.8579809441450386
0.6603633701258926
0.8460237843428798
1.0
0.8633131213425844
0.7606395690978326
1.0
0.7940875718839672
0.8422256923266237
0.7612992592359122
0.5078961532179949
0.3176330869192919
0.9056805542536402
0.7669331099867219
0.9091028689473933
0.8978166856103647
0.8956278334639418
0.9867926875667984
0.8033161764845016
0.9120806626710457
0.8196104835463295
0.8740721578869032
0.7968886235496621
0.8614362559696187
0.8752703583357495
0.7162874498902326
0.8611375548922774
0.8905305998952793
0.8183782980010272
0.5180526214269343
0.9493144210253364
0.869716693818776
0.7387394069424185
0.9361767398068557
0.4632423718574681
0.45319034679075326
0.8324121984167678
1.0
0.45720255366277496
0.8238938802762737
0.9652843887230693
0.8368680392381144
0.06490513810257699
0.8237366860485504
0.6892048168583197
0.8127263532684014
0.7809198288790149
0.7790025041797674
1.0
0.9330647455041369
0.7941343460887114
0.8099444300650134
0.6802632351127297
0.8112049386761578
0.6462330290645341
0.9544813305821331
0.8740672725467217
0.6138582149746665
0.826820364611253
0.8246767898399907
0.9313508763676748
0.14926018039797262
0.8055325439770235
0.6524288246012505
0.6316501669559119
0.49256728801852134
0.5436373256136534
0.6004386467484858
0.9557347533602972
0.7719839945209392
0.9118073854605859
0.895699052913566
0.8332588093972975
0.732221351042883
0.7449349083083548
0.784479969713946
0.5
0.8013337768623326
0.8747039714423143
0.7163025082550858
0.6987525773124614
1.0
1.0
0.9720228031650369
0.8250858864648773
0.8470217433953543
0.8899541184044202
0.7735768588662768
0.7614232099651282
0.7491622608281489
0.8248681913596947
0.7967012271735399
0.8042386379241346
0.9449287258367304
0.745029844731832
0.8326783958804767
0.938265069919554
0.8234676040322326
0.8881721301491137
0.7870848507864789
0.8301387867871391
0.5
0.7951008553469963
0.9222217131070319
0.8437448418222373
1.0
1.0
0.7048682312060792
0.7619380730451153
0.8567764891789206
0.9109391073930315
1.0
0.9469137276931813
0.9383050318714481
0.7596940663512978
0.8112809379204646
0.8178354855697894
0.8230736196342042
0.7510916732966976
0.8433014030691521
0.9098052417731647
0.9760247918572236
0.826049411132991
1.0
0.7083955662739407
0.6746579674957026
0.883561588654383
0.8938868158210711
0.8507780104274628
0.5828387046064553
0.6298267716069343
0.5855259657895289
0.9734723495989316
0.6228024959972652
0.5829383681991475
1.0
0.5517955003786599
0.794883329221233
0.8427075346777307
0.824633025920486
0.9261947864524737
0.993794783615355
0.9196571435040725
0.7972284765896527
0.7233808313989418
0.7233737625489335
0.7329245681943366
0.6801076623273614
0.7799082368088404
0.5828505378517423
0.6481520621521718
0.8512705907918144
0.5687399818858561
1.0
0.6556860689495505
0.8789335189110367
0.9616488307171268
0.7169466288336249
0.8864583010138701
0.7755784026966851
0.8772480682705839
0.8446417726812518
0.6247678023591627
0.9688657339812015
0.8097736115649111
0.7696629652032222
0.9114160355406531
0.9950883835132915
0.8196104835463295
0.8307807394703364
0.9757880597253891
0.7090051567760349
1.0
0.9485719387613172
0.79775655355931
1.0
0.9297610404843457
0.9888009039459679
0.5249810314942066
0.6502715829176177
0.8365578808817387
1.0
0.931207894628602
0.898006182951419
0.6039071726778296
0.5377185871491112
0.7845855805552758
0.9731668461663419
0.6913652310226169
0.8203472060183058
0.8560177006878542
0.7196420289211214
0.8564069941423198
0.7223359469541601
0.7006189762172317
0.8899541184044202
0.7676656670382754
0.6299517109959255
0.5429975144911118
0.6652975907493487
1.0
0.681290873014256
1.0
0.9064136847940361
0.5154559893825047
0.8393141067842423
0.5981427184428358
0.669415157966171
1.0
0.3333333432674408
0.5896638944236128
0.3151289829136814
0.592034114765995
0.39882445923070714
0.7533515533820923
1.0
0.8512954958617568
0.2807721860347751
0.326423017272938
0.5378207611003328
0.6892368295151597
0.5980749153467866
0.36507698086449325
0.3825661458026101
0.5669105025212114
0.8688062515399834
0.0
0.7287678193543691
0.60121482381494
0.8415908453395132
0.8592118063095148
0.6282777929337573
0.4539001959137496
0.5005719168525423
0.4806814046139243
0.508302872861219
0.5809231380061431
0.6286777865840537
0.7276599038463782
0.7036587406818946
0.86555058800882
0.5704873798056487
0.5380657534033603
0.8237619934863403
0.5794663348923902
0.9799214822604937
0.6966493930024852
0.7066212861463269
0.9198720131530842
0.7653078256070971
0.64154033652637
0.7631093476885262
0.6346415854308665
0.6004057416716355
0.6552438683487491
0.6361552456310042
0.6362962286522301
0.5608645858034362
0.14804095788016855
0.4615686875516766
1.0
0.8266327457800997
0.2268876035651759
1.0
0.9266360767498649
0.8051170355666506
0.770639190290671
0.8196104835463295
1.0
1.0
1.0
0.6012065001365237
0.782272080724899
0.6781793987261782
0.7778928866932707
0.9216017310636463
0.7233737625489335
1.0
0.6499372638079329
1.0
0.5968796207002957
0.5651621651630433
0.5984551798155561
0.8708239009223783
0.6961622607830802
0.9040660980130261
1.0
0.4743499239835267
0.781001943164169
0.5676305971180889
0.8101369830110166
0.4440973233325389
0.8049744691494457
0.905211632258121
0.5415468822344763
0.5004140245056452
0.7273298416063514
0.6288750634569564
0.48000227721737154
0.52378408837918
0.8074434489645388
0.7243782468139327
0.502102143218883
0.6394726825848909
0.7728707122047576
0.7042700095383487
0.4177343614554886
0.9337457743289556
0.5500464120622736
0.3562071919441223
0.7503043847312267
0.8250166121095941
1.0
0.6483519337806105
0.8165589424483181
0.6707031859080215
0.80679773232965
0.5
0.9255838019934444
0.7690795096515166
0.6450363402262728
0.7766489182005385
0.4972484566029354
0.6277694169968862
0.6437303892344373
1.0
1.0
0.6807351523524028
1.0
0.811900642151961
0.6313091228643645
0.3191547284561577
1.0
0.8717062274284144
0.6012416160131652
0.46812887993546315
0.592135235030385
0.6218312282830085
0.45483815341222456
0.607494525198312
0.6816808368784143
0.0
0.632877267174858
0.8755458366483487
1.0
0.715347029815801
0.765129278141526
0.7982165919224428
0.5581010768575626
0.7257345281086799
0.7557610750206702
0.7676456410449646
0.9668728871644777
0.8717547474762876
0.0
0.7048889299337474
0.8872774845294112
0.8196104835463295
0.6124334954223547
0.6508143599414999
0.6654737716438024
0.14874943087064413
1.0
0.8802189363548526
0.0
0.6332937850165096
0.38685280084609985
0.5088197618003372
0.4636831305764708
0.787907699876085
0.7341036099009561
0.7365922051139656
0.8562020095218649
0.6243301312954369
0.5173102288957424
0.6850024451043966
0.06802646507250548
0.6177638421006632
1.0
0.30281242779062073
0.7321864458449322
0.5499175779380715
0.7065836034403374
0.8165901951542851
0.8893946732297056
0.7038326479586463
1.0
1.0
0.6625879113792025
0.8158436947086982
0.6313081850321389
0.6653497270249458
0.6252651716831829
0.5869305884229217
0.7560801738560798
0.07989569403801863
0.7104770142549791
0.4132131925230708
0.6982906832418736
0.8360287008007591
0.5047188254967586
0.5309999101055379
0.48258414929845944
0.8196104835463295
0.7360952750284204
0.6539981930179067
0.6198328273657768
0.6649901708619123
0.4950343200339615
0.7152773300795007
0.7098440176962356
0.677565998337294
0.872989279927771
