0.280259523066399
0.14815637859946926
0.5958337858272824
0.16005804566259255
0.2157618479922298
0.6316945345452945
0.13450693931586435
0.10295181789582004
0.33449133646549556
0.8686025573905602
0.6455709459479493
0.8151510468864832
0.24329959276853916
0.5634608943638636
0.16642435713567622
0.2768066330204887
1.0
0.42836076288067715
0.16958010093853398
0.4208033826877816
0.7829053981159427
0.6762133764160503
0.44539881946856585
0.2895983086561092
1.0
0.5157051099074879
0.2
0.6265718294247669
0.5890442456351046
0.31343421770281227
0.09261893120184464
0.2414832404416558
0.43879325915412376
0.660839798122932
0.44308475124584906
0.5329059013184336
0.06979002234253116
0.17396620675597602
0.6583626215835698
0.2421850071567785
0.22732668589955005
0.43431373202992507
0.7092912555339418
0.24439688943832827
0.3552695046669531
0.33449133646549556
0.6568190383437804
0.434671377533348
0.19600689661854248
0.8644470324936954
0.4712539223406573
0.44832572332797754
0.1312050740316724
0.31122191154973605
0.31371724639020765
0.688603934212289
0.2538852142272101
0.4307122370924018
0.19234278837250585
0.6312356870725394
0.8151510468864832
0.5412521485346606
0.559440134584712
0.4759908450094153
0.36366102012408114
0.3678101508721514
0.7994765500198624
0.7599635845648496
0.18210494912184022
0.559440134584712
0.17246630136187413
0.28778266187979235
0.5433426902428931
0.29917314600533446
0.57553008630748
0.3087544402917426
0.6724935352104012
0.5890442456351046
0.13136380766875608
0.3933104694585778
0.31295348440693493
0.529453627131179
0.15927722097864663
0.9567687805877766
0.2053805377330198
0.24486033278174588
0.11338325198719798
0.41653462082303094
0.5878439718642657
0.688603934212289
0.49342639630013424
0.3333333333333333
0.5952621411320385
0.0
0.4852285575156707
0.4747677692819337
0.0
0.786013732485877
0.0
0.6312356870725394
0.23964260203778776
0.25813517921885304
0.3555926005822013
0.4058268388943004
0.20399607643260656
0.528383345316837
0.3888352253074255
0.2389515615036274
0.6312514658290271
0.0
0.2520110847374901
0.583929624856019
0.12616915447249277
0.6568190383437804
0.3147145693873194
0.330450512102333
0.11467394975369676
0.18592465342056447
0.14211242423388068
0.434671377533348
0.0
0.4658504050806592
0.4759908450094153
0.4089221679914653
0.14701236838646048
0.46914395236821044
0.3424737229361448
0.3869772124151777
0.3869772124151777
0.2000532123375098
0.3333333333333333
0.5338567833134709
0.2897668648486459
0.4194641446965707
0.27052958017394546
0.10666271321028954
0.5029134342718673
0.15240667712096548
0.5029134342718673
0.32197462894140755
0.08703246132971454
0.06149470027306255
0.4463867339590227
0.4089221679914653
0.4463867339590227
0.45394638090033657
0.4582447421714847
0.29080819177603145
0.7698724389694698
0.1732349097225294
0.23758722391861908
0.0
0.2768066330204887
0.3677656311018912
0.47177557769037926
0.5890442456351046
0.8151510468864832
0.559440134584712
0.3448347945863238
0.2150482229392673
0.43070113345075295
0.3026078410097749
0.22474916809655876
0.21398626751412297
0.030569466787731852
0.7599635845648496
0.0
0.5084658288561639
0.598220732059626
0.1312050740316724
0.3494746268497406
0.5634608943638636
0.547612293039459
0.2647949031968197
1.0
0.19600689661854248
0.16574867335078844
0.4037896478299498
0.3333333333333333
0.660839798122932
0.25122328174924763
0.1460683556386027
0.13100243055455357
0.4227820658473909
0.5338567833134709
0.6568190383437804
0.7274638868614859
0.23037087984360544
0.4026517092817985
0.32238673114387884
1.0
0.22953464473742968
0.3242886971641243
0.3350394736014393
0.2620045774952923
0.3807578494850311
0.220279932707644
0.26625043085293415
0.3600546231527257
0.5100429530812278
0.4208033826877816
0.4307122370924018
0.13164048768570766
0.3421067955678812
0.46605454694565246
0.21429812116798896
0.3161882999990135
0.7214696034007693
0.32228184277446703
0.13530285899791059
0.17973298158204887
0.45040749373817424
0.43062490851752766
0.6843515434228633
0.4307122370924018
0.30028199036803627
0.2064565174065629
0.1148049525556354
0.23471889769672508
0.10026172499006879
0.521616681921163
0.46833353793929294
0.5264733993120487
0.20205600521198533
0.3333333333333333
0.4947922322841031
0.5437656377180912
0.4307122370924018
0.15684879095627366
0.27023204294347164
0.45040749373817424
0.29822949604176296
0.23909494080246502
0.4208033826877816
0.6765142949895528
0.35754989779107627
0.15642919708297834
0.09599467388155129
0.9125299506455518
0.5437656377180912
0.0
0.7895676956152422
0.5437656377180912
0.5733697487684838
0.4869718015886288
0.7840697469949284
0.25717765103809004
0.3333333333333333
0.19842071371067949
0.3578882780484172
0.3333333333333333
0.269831345412003
0.4307122370924018
0.30885545368746015
0.1593105453927648
0.2019785295633113
0.4208033826877816
0.3119260204713556
0.1750703104392147
0.4747677692819337
0.30774998206209225
0.1130956049476524
1.0
0.07923337194815089
0.10835448819288576
0.5958337858272824
0.4089221679914653
0.5524404165851822
0.13373709630958408
0.3676158812955736
0.5088013244975679
0.07823616526212215
0.2620045774952923
0.5301371903159873
0.3333333333333333
0.3176588364667125
0.8304198990614661
0.27394705210983916
0.4315846784338263
0.48968642650325195
0.220279932707644
0.5733697487684838
0.10295181789582004
0.18192952772761795
0.5348990226582327
0.559440134584712
0.5289635821928947
0.7714160222092591
0.3001806259572152
0.3942566030447408
1.0
0.05365266332451218
0.7994765500198624
0.8687949259683276
0.14144426773538477
0.12086899646023988
0.43062490851752766
0.220279932707644
0.018558205619576846
0.2768066330204887
0.5615721456204574
0.4208033826877816
0.22901139988709063
0.40806271288541673
0.14285714285714285
0.4307122370924018
0.2421850071567785
0.14461853968514238
0.21200553322771257
0.06907408944616514
0.3333333333333333
0.9125299506455518
0.738048744653349
0.5734981614398315
0.32838827040718
0.5437656377180912
0.3652848140464026
0.14748069048788456
0.25690899552195046
0.51818228644685
0.22207812276293576
0.2895983086561092
0.07817641598004023
0.28484252052096914
0.7227265703297249
0.5958337858272824
0.12616915447249277
0.21191784840171815
0.0
0.2285418014311689
0.46833353793929294
0.5162274946404897
0.24180692637647155
0.10883214994268699
0.11905404209687315
0.43098250871442373
0.6345914563920335
0.623804083330867
0.6177718397301591
0.2817189746339656
0.786013732485877
0.4759908450094153
1.0
0.36900746468764933
0.610617357104901
0.32451053053551526
0.3167304357914173
0.12616915447249277
0.06775070759654162
0.30851354987675883
0.6111477429965932
0.4850273196041054
1.0
0.10375857519052845
0.12063981958727302
0.08448842930796406
0.26669549442033424
0.4322558203321912
0.85889806772992
0.18941653413487192
0.24139474277179748
0.6722591824375214
0.26132033897578366
0.4658504050806592
0.44397312984106785
0.6975316738125269
0.0
0.41658132346557036
0.23909494080246502
0.10256836639795916
0.6225534306579918
0.4747677692819337
0.7442890876982287
0.5482704683976171
0.06901616794709109
0.6548086584542047
0.04323121941222338
0.0
0.2514534964910598
1.0
0.7197780608506346
0.9125299506455518
0.33166851374940914
0.5088013244975679
0.3868528126910807
0.5380651975237201
0.5223985798066713
0.11321088791855287
0.5338567833134709
0.21058247803242258
0.434671377533348
0.49756706357027913
0.9364759100938786
0.2903928087990818
0.6020872325396143
0.2229576432560055
0.0
0.2501327957128295
0.20888141869038207
0.5147714424843294
0.5863148453030915
0.2054778771824477
0.0
0.4108526095636058
0.3333333333333333
0.38704026236086464
0.4463867339590227
0.35285211700382524
0.4747677692819337
0.6164336315473431
0.13479306454112547
1.0
0.0
0.26625043085293415
0.0
0.5012658400865332
0.5477863974972428
0.4947922322841031
0.27023204294347164
0.2897668648486459
0.47036527590874033
0.5958337858272824
0.0
0.8286434837904201
0.5019507788976311
1.0
0.15678842530291345
0.5634608943638636
0.41182618159253165
0.12299772584850902
0.0
0.5280956214448158
0.8007122743284745
0.22953464473742968
0.44685353060880906
0.559440134584712
0.18551136190884027
0.642398460598722
0.30973995871273924
0.2649745427648742
1.0
0.6515259324416771
1.0
0.5348011799918391
0.7599635845648496
0.16102233247438585
0.24842611570050127
0.2089451295050506
0.3333333333333333
0.10295181789582004
0.02816744847313275
0.37701778459464824
0.5354314266851995
0.6763034013010852
0.28108723176238026
0.4867583818342919
0.38356636845265696
0.4379429157774191
0.08752603649490283
0.2620045774952923
0.26248960885672457
0.1513899855319662
0.2020831070863588
0.0
0.2787098637395869
0.19496140737348167
0.39492146305712295
1.0
0.16831393057914107
0.5697816012561274
0.4026517092817985
0.3333333333333333
0.5863148453030915
0.5338567833134709
0.5967972030335601
0.5634608943638636
0.4208033826877816
0.17430234446847667
0.4759908450094153
0.20683600598380492
0.6107549177653614
0.488111378746671
0.0
0.9125299506455518
0.6410117407630781
0.7994765500198624
0.28711352382423905
0.316975648313362
0.4194641446965707
1.0
0.30333977840910004
0.16010055165934103
0.3395771054674685
0.3937506787409237
0.7557415253426383
0.0
0.3553722040202171
0.4408796168845601
0.3185265635241971
0.1638211176600011
0.19211201761863297
0.7442890876982287
0.33916020187706797
0.6722591824375214
0.5162274946404897
0.5338567833134709
0.41379005866317226
1.0
0.10361448547542709
0.3333333333333333
0.1312050740316724
0.4759908450094153
0.5087403028156019
0.3277691685225153
0.8285482326412733
0.5497876486340579
0.24439688943832827
0.2814938735759059
0.10883214994268699
0.8869465993743106
0.6864231493941731
0.30833879501906114
0.0597305886626858
0.6436215749752522
0.660839798122932
0.4307122370924018
0.2620045774952923
0.5733697487684838
0.6863024180874526
0.5107506827051778
0.5517568458071239
0.2421850071567785
0.39395536560305366
0.44905625059268806
0.857342488323918
0.3333333333333333
0.2846438814537991
0.9394657381720735
0.24439688943832827
1.0
1.0
0.09693606392534382
0.5403547937555704
0.3944998508024137
0.15664098951310484
0.25906053018255804
0.8687949259683276
0.857342488323918
0.17299334017825427
0.2859244421429563
0.04884533465130655
0.7698724389694698
0.0
0.26301296433822025
0.7328286323410357
0.12288606211580791
0.7638018202735469
0.02876949600077894
0.404009128883465
0.09693606392534382
0.043316222408361096
0.8727122836510094
0.3333333333333333
0.5958337858272824
0.5341963188716723
0.20839302446099645
0.15429781081960844
0.34406095841071677
0.7152921865676667
0.360676297026174
0.18807401487289394
0.3459884173571917
0.4668108733510559
0.10375857519052845
0.45339326267525065
0.20210735516747766
0.0
0.42447862386426904
0.32197462894140755
0.740878243735708
0.2620045774952923
1.0
0.24846171840581338
0.2895983086561092
0.5733697487684838
1.0
0.5890442456351046
0.5280956214448158
0.23323427057035492
1.0
0.8072218984605618
0.39015059122949897
0.20014573031439106
0.01751045880704015
0.17396620675597602
0.7599635845648496
0.9026210962409316
0.3670732889704299
0.0
0.32989336107294925
0.6724935352104012
0.44983614776119557
0.14012065868584023
1.0
0.3599768287574468
0.3033880287414615
0.0
0.6992148250297936
0.34519134154579534
0.6568190383437804
0.3333333333333333
0.1698421268319337
0.5338567833134709
0.25981628510822524
0.0
0.4366098087705292
0.6568190383437804
0.660839798122932
0.26625043085293415
0.786013732485877
0.21398626751412297
0.23037087984360544
0.3214184395591885
0.9239248658250838
0.0
0.7345204939142174
0.17396620675597602
0.7854672907822959
0.8249925431354463
0.25454382217714167
0.5
0.5177220556386491
0.5351522284975473
0.3453993969113245
0.16775564029220955
0.6399453768472743
0.22953464473742968
0.8869465993743106
0.7039180842396628
0.9026210962409316
0.4208033826877816
1.0
0.6399453768472743
0.06494827764483328
0.1312050740316724
0.27541155127527595
0.38701867672288104
0.6469101839391602
0.18477171185739857
0.37443915742213185
0.5403547937555704
0.0
0.5578380396854287
0.4243328032061543
0.0
1.0
0.10375857519052845
0.4168866326462625
0.6130649565956129
0.7895676956152422
0.5087403028156019
0.3333333333333333
0.5088013244975679
0.5147714424843294
0.7738931987486214
0.5281456090812852
0.2960819157603371
0.6125425362625307
0.6111477429965932
0.0
0.5176573698472422
0.0
1.0
0.6548086584542047
0.8151510468864832
0.8539316443613972
0.1822980281427484
0.0
0.12638262625211957
0.3333333333333333
0.41247582896544566
0.28108723176238026
0.521616681921163
0.4747677692819337
0.20282684785865232
0.22953464473742968
0.39065388056034617
0.4054192219127141
0.0
0.8761344777628198
1.0
0.8324911555247269
0.559440134584712
0.2900336411602192
0.6670734703648306
0.7672735727999568
0.8151510468864832
0.2927091251977443
0.3333333333333333
0.7227265703297249
0.488111378746671
0.4099232660188406
0.17800907459105747
0.702097646260794
1.0
0.3568223610864203
0.29080819177603145
0.6002923380309357
0.0
1.0
0.37636053680666715
0.5329059013184336
0.3294935026810589
0.9012019258177715
0.16958010093853398
0.16091534100865013
0.1010415535431794
0.3442786285618544
0.4307122370924018
0.3813010766095784
0.2677657762346763
0.05639446318023011
0.3313536844440282
0.5891793672873862
0.5850293274602156
0.5107506827051778
0.5289635821928947
0.9026210962409316
0.2304133078280588
0.23822575742043633
0.9194888337628071
0.5733697487684838
0.5157051099074879
1.0
0.3333333333333333
0.5733697487684838
0.0
0.6932817825887909
0.303564737887759
0.43884178336996427
0.2454852417043109
0.13975295172973712
0.6469101839391602
0.6329848342027081
0.23892741873241602
0.15684879095627366
0.30078517497020635
0.1460683556386027
0.8151510468864832
0.16322880883441732
0.17980957045131313
0.7698724389694698
0.33916020187706797
0.3224774781729999
1.0
0.4747677692819337
0.07184199603140656
0.8687949259683276
0.3277691685225153
0.673554518199824
0.46734941822022513
0.23154157421943775
0.1798598925630597
0.6670734703648306
0.5531464693911909
0.559440134584712
0.9093379235621023
0.32197462894140755
0.47036527590874033
1.0
1.0
0.0
0.2620045774952923
0.16975316738125268
0.5453092209578805
0.43272850704252197
0.4521614248844059
0.8869465993743106
0.31374543680754785
0.1827283145111948
0.6678119196789185
0.39032683029596443
0.39891278615033327
0.2442584746573617
0.3455141216003221
0.12288606211580791
0.09915863786454325
0.362937444383726
0.6164336315473431
0.6011647793723602
0.6864231493941731
1.0
0.6006999396175856
0.3065735936544597
0.4716283158165631
0.8761099287253948
0.8687949259683276
0.2653711848887041
0.7775786065444028
0.0
0.7738931987486214
0.5351522284975473
0.5479607685064254
0.13052521488920185
0.34589532876177276
0.6130649565956129
1.0
0.6724935352104012
0.3269443533250352
0.2868339765154615
0.4510077582236063
0.6397148351671441
0.6613851328761999
0.5223632023820095
0.688603934212289
0.7744871964947587
0.6886232965585055
0.51818228644685
0.4638709068294425
0.3026078410097749
0.4927618332829159
0.6992148250297936
0.13302782339591465
0.4759908450094153
0.829925076553037
0.810696128830415
0.19505854869451875
0.2988545405052633
0.31963118998862927
0.43541174394817955
0.8368826876880242
0.14220380916509867
0.2068143685766762
0.3652848140464026
0.1961358628308664
0.7033908021813906
1.0
1.0
0.35812666147675565
0.7968124342307055
0.44685353060880906
0.11987852352061745
1.0
0.37703062749185956
1.0
0.5705747585368625
0.32451053053551526
0.9232912946417513
0.5147714424843294
0.7100566780710993
0.09400315068213934
0.2633340750541036
0.6242869160380342
1.0
0.5245497138383889
0.6159112472472679
1.0
0.518358409734405
0.7606395690978326
1.0
0.4639072504495836
0.6651668781454754
0.4658504050806592
0.3903800445186212
0.11338325198719798
0.5618800436924026
0.5338567833134709
0.6215484379745146
0.7968124342307055
0.7994765500198624
0.9125299506455518
0.6182649474624138
0.7840697469949284
0.5958337858272824
0.559440134584712
0.5290440529892474
0.6670734703648306
0.6084417662390543
0.660839798122932
0.786013732485877
0.9377080596835119
0.740878243735708
0.21657937961895948
0.9026210962409316
0.746054095325668
0.47199791830142424
0.688603934212289
0.2960819157603371
0.08989126104209356
0.5634608943638636
1.0
0.1738094342569834
0.5301371903159873
1.0
0.51818228644685
0.0
0.5958337858272824
0.4852285575156707
0.5826271021750569
0.3652848140464026
0.4611392561856105
1.0
0.7442890876982287
0.3294935026810589
0.562999865499984
0.4454648977425013
0.5850293274602156
0.4550568848715059
1.0
0.48650132918140454
0.3719313653087941
0.5338567833134709
0.4089221679914653
0.8357926199853084
0.0
0.660839798122932
0.5156874084455022
0.4912596971843981
0.2616878508965027
0.280259523066399
0.17843226080358937
0.8216838715872212
0.4735958857568119
0.7790387748295784
0.5613162178632985
0.8494148196209378
0.7243900025325625
0.49401339958202967
0.5065932294141715
0.5
0.47419665229688623
0.5634608943638636
0.3637127986712318
0.6060825167064517
1.0
1.0
0.8687949259683276
0.6174711240603709
0.7200216221000891
0.8304198990614661
0.4915727506513022
0.2787098637395869
0.21429812116798896
0.5675131742540639
0.4759908450094153
0.5599827899167937
0.832809470009426
0.8304198990614661
0.7095272004038102
0.9341734566086372
0.660839798122932
0.8714102766744216
0.3948246647602897
0.3311248949088801
0.5
0.5523845277353227
0.822714926687838
0.7033908021813906
1.0
1.0
0.464402659883747
0.5176573698472422
0.5682856989634449
0.7738931987486214
1.0
0.7698724389694698
0.8151510468864832
0.5627086403327558
0.3483431309162831
0.5288218776688083
0.7994765500198624
0.6164336315473431
0.7374665690524622
0.7979168929136412
0.8869465993743106
0.5910827159115207
1.0
0.27394705210983916
0.44685353060880906
0.7895676956152422
0.857342488323918
0.6746718329027146
0.4506262844926557
0.3072506405762356
0.12946820166595283
0.9578347667050913
0.37317398639728644
0.24573353460199404
1.0
0.16520887730975475
0.786013732485877
0.6342096045595201
0.6429128669798134
0.7888927532389876
1.0
0.857342488323918
0.35177347353721167
0.2887724898205625
0.16191145248347522
0.523644816356194
0.4747677692819337
0.660839798122932
0.21854595426193088
0.33984870676325685
0.660839798122932
0.44688243211649287
1.0
0.40283263546962755
0.57553008630748
0.9397677798887838
0.3486674205798913
0.5742452733008117
0.5300031025456903
0.7698987084867115
0.4747677692819337
0.14855524899844544
0.8539316443613972
0.5613162178632985
0.5411444835423754
0.6244142489772863
1.0
0.5958337858272824
0.7714160222092591
0.8687949259683276
0.5501035107010042
1.0
0.7484667910127307
0.4324586392186511
1.0
0.8508342816032615
1.0
0.3065735936544597
0.3431272815962261
0.661716588757093
1.0
0.822714926687838
0.6843515434228633
0.43674671658069864
0.15101961361645377
0.6396765880474028
0.8151510468864832
0.3937506787409237
0.46138111652750835
0.4243328032061543
0.443962289166027
0.32502857749261677
0.5306235545819308
0.3522164944194571
0.8304198990614661
0.6864231493941731
0.32652954834310677
0.2055384511438016
0.3737430649214813
1.0
0.14689654012839928
1.0
0.7364185328888274
0.14144426773538477
1.0
0.41959743489341933
0.1961358628308664
1.0
0.0
0.26625043085293415
0.06642999350726747
0.26301296433822025
0.30078517497020635
0.5418556262710906
1.0
0.6107549177653614
0.21922102079998768
0.14895117686960302
0.3707746928170364
0.30187601629139477
0.5878968957610949
0.10295181789582004
0.3178067809298102
0.3568223610864203
0.7033908021813906
0.0
0.559440134584712
0.21916964282107348
0.8539316443613972
0.5982556040454649
0.43738190741514976
0.3431272815962261
0.222869975850023
0.5296347240912597
0.27394705210983916
0.24812541235903077
0.5147714424843294
0.37443915742213185
0.6864231493941731
0.688603934212289
0.22953464473742968
0.18941653413487192
0.717014250757154
0.3552695046669531
1.0
0.7994765500198624
0.28706720720195217
0.8981446749668456
0.5958337858272824
0.4616555861340054
0.6331677038924401
0.3333333333333333
0.3162611146684754
0.5531464693911909
0.2849002044178474
0.3584404355740903
0.20201303037391763
0.0
0.27727342967027513
1.0
0.4315830449098361
0.0
1.0
1.0
0.6337289271586956
0.521616681921163
0.5958337858272824
1.0
1.0
1.0
0.3863219562675089
0.7698724389694698
0.3333333333333333
0.5535403782555065
1.0
0.16191145248347522
1.0
0.3047482722905661
1.0
0.24410587201069434
0.28108723176238026
0.33423964499486264
0.6357901017563196
0.8539316443613972
0.688603934212289
1.0
0.2677657762346763
0.5903694104272035
0.4852285575156707
0.434671377533348
0.6843515434228633
0.5850293274602156
0.8539316443613972
0.22953464473742968
0.24139474277179748
1.0
0.4133807358661729
0.1284628886072843
0.15348309399853985
0.550849295722356
0.3968125083613209
0.16975316738125268
0.3652848140464026
0.5890442456351046
0.49352019161333
0.21215165392290058
1.0
0.6855809516085986
0.0
0.3333333333333333
0.7738931987486214
1.0
0.3294935026810589
0.4510077582236063
0.2657491991575551
0.3872163919670006
0.5
0.7056613531463942
0.588481073798819
0.3333333333333333
0.7510110511517774
0.19061013651396583
0.37571048236014193
0.29885726566370896
1.0
1.0
0.4089221679914653
1.0
0.4454648977425013
0.3568223610864203
0.0
1.0
0.7964050657873942
0.4759908450094153
0.2020831070863588
0.3333333333333333
0.4307122370924018
0.11142903339473213
0.3942566030447408
0.8304198990614661
0.0
0.3333333333333333
0.7442890876982287
1.0
0.42836076288067715
0.5992752192071246
0.5890442456351046
0.10050205887658446
0.6843515434228633
0.34501893479889956
0.42857142857142855
1.0
0.5958337858272824
0.0
0.2912718591680263
0.8151510468864832
0.5958337858272824
0.22953464473742968
0.3676158812955736
0.23892741873241602
0.0
1.0
0.7698724389694698
0.0
0.4846527617087335
0.38685280084609985
0.34519134154579534
0.30078517497020635
0.4747677692819337
0.4089221679914653
0.6445672375122301
0.7305801178689618
0.6399453768472743
0.11987852352061745
0.26102845270249614
0.0
0.5531464693911909
1.0
0.0
0.5229482187886445
0.26057545163178003
0.8687949259683276
0.8304198990614661
0.7521866177873628
0.559440134584712
1.0
1.0
0.4819151328759136
0.7895676956152422
0.3214184395591885
0.4981892709278148
0.41613237664804203
0.21429812116798896
0.6670168937939824
0.0
0.51818228644685
0.2057266988461144
0.3522164944194571
0.7895676956152422
0.1738094342569834
0.27727342967027513
0.32102828661092775
0.5958337858272824
0.5665512480246431
0.3333333333333333
0.3593834812543608
0.3328106517422308
0.12422914207033037
0.660839798122932
0.4891748853210078
0.5412521485346606
0.5996593145307969
