0.21458064194885434
0.16976084293768914
0.0
0.45820333533418856
0.36474425779855774
0.5307212771735581
0.44903379195469817
0.0
0.039199134468176855
0.20904937147504088
0.0
0.5040610815323749
0.6633196310357846
0.5224955922688926
0.11746913196058992
0.44396830643970286
0.2953190533526092
0.3241295987568393
0.5124770683071035
0.4262087601907598
0.6309297680854797
0.32280876692106747
0.5793333164776981
0.0
0.0
0.5385512397665778
1.0
0.15901274745062077
0.7503359694832407
0.5264282929651664
0.0
0.0
0.0
0.367361353767775
0.0
0.0
0.8357804097042597
0.654673786305713
0.6309297680854797
0.6096199554813788
0.375043952685406
0.0
0.3823145987291156
0.23463936141322095
0.589428024265667
0.4332684951444074
0.0
0.3591475300420882
0.0
0.36950365734652424
0.6407004113401356
0.0
0.1828134128287666
0.16130057216067287
0.9363792130813923
0.19589943900436274
0.47215670064170084
0.31546488404273987
0.0
0.0
0.0
1.0
0.0
0.7162874498902326
0.5469356302849687
0.0
0.3010300099849701
0.18457570391786032
0.0
0.41528075982039603
0.09501843852652525
0.0
0.28906482458114624
0.6309297680854797
0.44473462758088395
0.0
0.40303029120406275
0.25761547304098736
0.38685280084609985
0.5114030806466128
0.5078961532179949
0.0
0.8104616285931862
0.0
0.12373653943976855
0.5922281990488947
0.1100458815955798
0.07362321820482115
0.2945891487367823
0.6898286531530244
0.21398626751412297
0.35781327342730523
0.38541300503609044
0.11864372771639763
0.44221958839355907
0.9266360767498649
0.7575190464184173
0.049291752497297656
0.18293214695909596
0.062106857582502666
0.0
0.32228365076477233
0.48153498549144047
0.29779832843959914
0.20210735516747766
0.0
0.26924202339875114
0.0
0.14804095788016855
0.0
0.28906482458114624
0.2532633522125847
0.541399658135075
0.7039377741316459
0.1100458815955798
0.23702778867176946
0.5258114364346684
0.0
0.10176933258538852
0.12379674962514613
0.07336392325013509
0.6025064779930256
0.0
0.4041404844809723
0.0
0.0
0.20210735516747766
0.16812754226873525
0.2095812450766997
0.6510316188807488
0.1831104376451369
0.2611139312848306
1.0
0.46169129505381196
0.44865343357379206
0.21501812762330882
0.0
0.09803928426050079
0.0
0.0
0.0
0.09791292548706874
0.5648901091855316
0.0
0.4903792437004395
0.0
1.0
0.0
0.0
0.30633652977400677
0.6936634702259933
0.0
0.35804324862710285
0.7510916732966976
0.05795991138419441
0.37079398956032444
0.0
0.0
0.20342631383682083
0.0
0.4915261859353965
0.3542454242128192
0.5075394036025542
0.4434555170403678
0.0
0.5527460659202224
0.5420714745199433
0.4353779310777017
0.8611375548922774
0.38439739046167204
0.7975167679736697
0.3195148424288144
0.6214011985250487
0.6392209670926589
0.5221255999679778
0.0
0.0
0.0
0.0
0.7479350625494587
0.49917745268096986
0.5352543155655065
0.0
0.738691902289324
0.0
0.5503547701727963
0.19365486099167709
0.0
0.8572048541960036
0.24362071382350103
0.19001581490143443
0.32964084189251963
0.6309297680854797
0.6032621818064825
0.3953144618806322
0.1731866366782327
0.30887208490313844
0.3622967966185514
0.33325943808847674
0.4729779268802467
0.0
0.589428024265667
0.5904635168832774
0.2891307658106272
0.6683063250379756
0.33209454326184923
0.0
0.0
0.0
0.1100458815955798
0.4116114442207653
0.5549335874734936
0.0
0.43621154236365894
0.0
0.7510916732966976
0.4883148651363268
0.47922182528058066
0.0
0.0
0.3010300099849701
0.21398626751412297
0.3047754001756896
0.031810393459303865
0.0
0.0
0.0
0.49371771299805917
0.0
0.23036124778812891
0.5933607249619408
0.6063600151531694
0.4209687818761906
0.608492901601289
0.0
0.2859681402350985
0.0
0.25425598177884434
0.0
0.7510916732966976
0.5750739874713816
0.7598336309486206
0.48835054581443116
0.0
0.0
0.0
0.0
0.0
0.3745909306244187
0.0
0.5178390952097796
0.0
0.0
0.0
0.0
0.32152982500005856
0.6395647127976757
0.0
0.3562315900421599
0.2084508005970335
0.32730659563965614
0.2781981725875939
0.0
0.23047381596678476
0.0
0.3596910083662851
0.0
0.28977428355863005
0.6274092445549487
0.0
0.0945670126651907
0.47665482792153563
0.0
0.4673791231869302
0.9216017310636463
0.16904170793110046
0.0
0.6036081295422161
0.7183747096304507
0.0
0.0
0.41864229780083906
0.6618313197487639
0.0
0.18397246227472655
0.5
0.48571575030014286
0.06362078691860773
0.3359087938199837
0.0
0.6180396638242285
0.20323893583978728
0.0
0.11305340399494321
0.6629297928905197
0.2624271517218378
0.3473825608875919
0.0
0.39448607372237704
0.62357442748198
0.3868528126910807
1.0
0.2769189503116676
0.1243422495018335
0.2934367826952406
0.30241328095076003
0.0
0.7671708055755583
0.10209739895755823
0.7686769519355858
0.0
0.19739778531391947
0.0
0.39554263836015446
0.5582260631143645
0.3403684643638819
0.3581822947194253
0.2980273035816663
0.07839826893635371
0.7264127344344099
0.0
0.8899541184044202
0.1928529868722273
0.548609427726598
0.0
0.6706357562740941
0.29119629588567925
0.0
0.5135285458864002
0.0
0.18038951645367055
0.3562071919441223
0.45235578562436923
0.0
0.7584837890374737
0.2024832320263304
