0.1010415535431794
0.0
0.0
0.31914715588518905
0.33916020187706797
0.5307212771735581
0.3600546231527257
0.0
0.0
0.0
0.0
0.44685353060880906
0.6164336315473431
0.6843515434228633
0.1312050740316724
0.39358515773727015
0.2463300806286715
0.16958010093853398
0.3631143796219004
0.43965926570431696
0.6309297680854797
0.18154178830288964
0.5376539085696589
0.0
0.0
0.5087403028156019
1.0
0.0
0.8304198990614661
0.47036527590874033
0.0
0.0
0.0
0.2285418014311689
0.0
0.0
0.8539316443613972
0.5118710811357255
0.6309297680854797
0.6096199554813788
0.41383857559589565
0.0
0.31920241970650187
0.23463936141322095
0.6992148250297936
0.362937444383726
0.0
0.24630239095333292
0.0
0.37153455436056326
0.7227265703297249
0.0
0.12299772584850902
0.18583510691190772
1.0
0.1312050740316724
0.5087403028156019
0.0
0.0
0.0
0.0
1.0
0.0
0.660839798122932
0.5296347240912597
0.0
0.0
0.0
0.0
0.6399453768472743
0.0
0.0
0.0
0.6309297680854797
0.5733697487684838
0.0
0.458199342646697
0.0
0.38685280084609985
0.2927091251977443
0.3903800445186212
0.0
1.0
0.0
0.06934854736921958
0.3319646627282527
0.16958010093853398
0.07817641598004023
0.21398626751412297
0.8539316443613972
0.21398626751412297
0.1312050740316724
0.3600546231527257
0.05652670031284466
0.47036527590874033
1.0
0.6399453768472743
0.04373502467722413
0.0
0.0
0.0
0.1460683556386027
0.6399453768472743
0.26625043085293415
0.20210735516747766
0.0
0.1312050740316724
0.0
0.0
0.0
0.0
0.3031246606295382
0.541399658135075
0.4658036811283277
0.16958010093853398
0.0
0.4658036811283277
0.0
0.0
0.1312050740316724
0.0
0.8304198990614661
0.0
0.3156484565771367
0.0
0.0
0.20210735516747766
0.16812754226873525
0.0
0.6992148250297936
0.12389007127460513
0.19790444917207942
1.0
0.5531464693911909
0.43062490851752766
0.1312050740316724
0.0
0.0
0.0
0.0
0.0
0.0
0.5296347240912597
0.0
0.35084874866133975
0.0
1.0
0.0
0.0
0.1312050740316724
0.8687949259683276
0.0
0.11338325198719798
0.6164336315473431
0.05365266332451218
0.0
0.0
0.0
0.1437816632088118
0.0
0.5296347240912597
0.21398626751412297
0.33916020187706797
0.2261938534802705
0.0
0.5296347240912597
0.6062493212590764
0.5531464693911909
0.786013732485877
0.43062490851752766
0.786013732485877
0.0
0.5296347240912597
0.3937506787409237
0.5952621411320385
0.0
0.0
0.0
0.0
0.8304198990614661
0.15273311421556565
0.7227265703297249
0.0
0.6863656198127676
0.0
0.6856254042935067
0.17989452591120664
0.0
1.0
0.23452924794012067
0.05652670031284466
0.17989452591120664
0.6309297680854797
0.6164336315473431
0.27727342967027513
0.1460683556386027
0.1460683556386027
0.1312050740316724
0.44685353060880906
0.220279932707644
0.0
0.6992148250297936
0.27727342967027513
0.2463300806286715
0.7227265703297249
0.3828952265542921
0.0
0.0
0.0
0.16958010093853398
0.3937506787409237
0.3878496537566022
0.0
0.1312050740316724
0.0
0.6164336315473431
0.18210494912184022
0.41174442521425647
0.0
0.0
0.0
0.21398626751412297
0.2020831070863588
0.0
0.0
0.0
0.0
0.3431272815962261
0.0
0.0
0.6992148250297936
0.7698724389694698
0.30382543902806686
0.5562983885968157
0.0
0.16958010093853398
0.0
0.0
0.0
0.6164336315473431
0.34519134154579534
0.6366824354719541
0.6548086584542047
0.0
0.0
0.0
0.0
0.0
0.29294792653689594
0.0
0.6399453768472743
0.0
0.0
0.0
0.0
0.17159048082810976
0.7227265703297249
0.0
0.44685353060880906
0.30078517497020635
0.38356636845265696
0.3156484565771367
0.0
0.1460683556386027
0.0
0.34519134154579534
0.0
0.33916020187706797
0.8687949259683276
0.0
0.1312050740316724
0.46953320499368306
0.0
0.27727342967027513
1.0
0.0
0.0
0.4912596971843981
0.7714160222092591
0.0
0.0
0.38356636845265696
0.786013732485877
0.0
0.20803518757199052
0.5
0.5296347240912597
0.0
0.1312050740316724
0.0
0.6164336315473431
0.0
0.0
0.0
0.4891748853210078
0.16958010093853398
0.1765449080304199
0.0
0.2611321361538678
0.8539316443613972
0.3868528126910807
1.0
0.0
0.1312050740316724
0.34519134154579534
0.15678842530291345
0.0
1.0
0.0
0.660839798122932
0.0
0.1827283145111948
0.0
0.3156484565771367
0.23463936141322095
0.3813010766095784
0.2611321361538678
0.1460683556386027
0.0
0.6992148250297936
0.0
0.8304198990614661
0.1460683556386027
0.37167021382381543
0.0
0.4307122370924018
0.0
0.0
0.6843515434228633
0.0
0.2020831070863588
0.0
0.2620045774952923
0.0
0.6843515434228633
0.21398626751412297
