0.12663167610629236
0.0
0.0
0.31914715588518905
0.33916020187706797
0.5307212771735581
0.3600546231527257
0.0
0.0
0.0
0.0
0.44685353060880906
0.6164336315473431
0.6843515434228633
0.1312050740316724
0.44396830643970286
0.2964609431237059
0.16958010093853398
0.31939394175918745
0.4262087601907598
0.6309297680854797
0.18154178830288964
0.5758463026290985
0.0
0.0
0.5087403028156019
1.0
0.0
0.8304198990614661
0.47036527590874033
0.0
0.0
0.0
0.28642306418232966
0.0
0.0
0.8539316443613972
0.600125040679416
0.6309297680854797
0.6096199554813788
0.47036527590874033
0.0
0.3718104958026913
0.23463936141322095
0.6992148250297936
0.4374130328185275
0.0
0.24630239095333292
0.0
0.4426134711790073
0.7227265703297249
0.0
0.1745983257880773
0.18148604598834192
1.0
0.1312050740316724
0.5087403028156019
0.0
0.0
0.0
0.0
1.0
0.0
0.660839798122932
0.5296347240912597
0.0
0.0
0.0
0.0
0.6399453768472743
0.0
0.0
0.0
0.6309297680854797
0.5952372611070958
0.0
0.40303029120406275
0.0
0.38685280084609985
0.36684161946853816
0.3903800445186212
0.0
1.0
0.0
0.09404673578265882
0.4501924569315571
0.16958010093853398
0.09797563715511069
0.21398626751412297
0.8539316443613972
0.21398626751412297
0.1312050740316724
0.3600546231527257
0.08479005046926699
0.47036527590874033
1.0
0.6399453768472743
0.0656025370158362
0.0
0.0
0.0
0.1460683556386027
0.6399453768472743
0.33368190749879323
0.20210735516747766
0.0
0.1312050740316724
0.0
0.0
0.0
0.0
0.2532633522125847
0.541399658135075
0.49392169510324285
0.16958010093853398
0.0
0.49392169510324285
0.0
0.0
0.1312050740316724
0.0
0.8304198990614661
0.0
0.3156484565771367
0.0
0.0
0.20210735516747766
0.16812754226873525
0.0
0.6992148250297936
0.18148604598834192
0.2611139312848306
1.0
0.5531464693911909
0.5396864163949143
0.1312050740316724
0.0
0.0
0.0
0.0
0.0
0.0
0.5296347240912597
0.0
0.3817552934848623
0.0
1.0
0.0
0.0
0.1312050740316724
0.8687949259683276
0.0
0.16095034142139328
0.6164336315473431
0.07616128774664462
0.0
0.0
0.0
0.14041677041014833
0.0
0.5296347240912597
0.21398626751412297
0.33916020187706797
0.3210877912478707
0.0
0.5296347240912597
0.5065267044251694
0.5531464693911909
0.786013732485877
0.5396864163949143
0.786013732485877
0.0
0.5296347240912597
0.4934732955748305
0.5633262595152281
0.0
0.0
0.0
0.0
0.8304198990614661
0.20151514560203138
0.7227265703297249
0.0
0.738691902289324
0.0
0.6994778044709516
0.20423925185097375
0.0
1.0
0.19595127431022138
0.08479005046926699
0.20423925185097375
0.6309297680854797
0.6164336315473431
0.27727342967027513
0.1460683556386027
0.1460683556386027
0.1312050740316724
0.44685353060880906
0.330419899061466
0.0
0.6992148250297936
0.27727342967027513
0.2964609431237059
0.7227265703297249
0.40476273889290415
0.0
0.0
0.0
0.16958010093853398
0.4934732955748305
0.4121943796963693
0.0
0.1312050740316724
0.0
0.6164336315473431
0.24696084755162143
0.4886577333094672
0.0
0.0
0.0
0.21398626751412297
0.2532633522125847
0.0
0.0
0.0
0.0
0.4653305947461751
0.0
0.0
0.6992148250297936
0.8274043292271023
0.41203156911409833
0.5316519611563479
0.0
0.16958010093853398
0.0
0.0
0.0
0.6164336315473431
0.34519134154579534
0.6366824354719541
0.6548086584542047
0.0
0.0
0.0
0.0
0.0
0.37381935278950773
0.0
0.6399453768472743
0.0
0.0
0.0
0.0
0.2573857212421647
0.7227265703297249
0.0
0.44685353060880906
0.30078517497020635
0.38356636845265696
0.3156484565771367
0.0
0.1460683556386027
0.0
0.34519134154579534
0.0
0.33916020187706797
0.8687949259683276
0.0
0.1312050740316724
0.4286573703894647
0.0
0.27727342967027513
1.0
0.0
0.0
0.4912596971843981
0.7957607481490262
0.0
0.0
0.38356636845265696
0.786013732485877
0.0
0.19687407608286536
0.5
0.5296347240912597
0.0
0.1312050740316724
0.0
0.6164336315473431
0.0
0.0
0.0
0.6258472155967081
0.16958010093853398
0.26481736204562983
0.0
0.3186640264115004
0.8539316443613972
0.3868528126910807
1.0
0.0
0.1312050740316724
0.34519134154579534
0.23518263795437017
0.0
1.0
0.0
0.745629848592199
0.0
0.259387379462826
0.0
0.40043850704640366
0.23463936141322095
0.4778706654739878
0.3186640264115004
0.1460683556386027
0.0
0.6992148250297936
0.0
0.8304198990614661
0.1460683556386027
0.36297209197668384
0.0
0.5730341778193013
0.0
0.0
0.6843515434228633
0.0
0.2532633522125847
0.0
0.30821681577367155
0.0
0.6843515434228633
0.21398626751412297
