0.18178799367308382
0.1531805798341048
0.0
0.45820333533418856
0.36474425779855774
0.5307212771735581
0.44903379195469817
0.0
0.0261327563121179
0.20904937147504088
0.0
0.5040610815323749
0.6923167653295863
0.5224955922688926
0.12171666341755526
0.39358515773727015
0.25056023337271394
0.3241295987568393
0.5094566663618808
0.43965926570431696
0.6309297680854797
0.32280876692106747
0.5499180542633628
0.0
0.0
0.5583680374176294
1.0
0.17171905009281072
0.7503359694832407
0.5264282929651664
0.0
0.0
0.0
0.31122044769718493
0.0
0.0
0.8357804097042597
0.5730573616110846
0.6309297680854797
0.6096199554813788
0.3150923006666828
0.0
0.3434890706278145
0.23463936141322095
0.589428024265667
0.4032687809645771
0.0
0.3591475300420882
0.0
0.32608360977781464
0.629128540914492
0.0
0.13857218522478196
0.17120918146441172
0.9363792130813923
0.16168387579892218
0.47215670064170084
0.31546488404273987
0.0
0.0
0.0
1.0
0.0
0.7162874498902326
0.5469356302849687
0.0
0.3010300099849701
0.18457570391786032
0.0
0.41528075982039603
0.1055581572659944
0.0
0.28906482458114624
0.6309297680854797
0.43984861947560366
0.0
0.458199342646697
0.26713285214740606
0.38685280084609985
0.42069660506228157
0.5078961532179949
0.0
0.8104616285931862
0.0
0.09788198798457001
0.4684830667310271
0.1100458815955798
0.06185196837946314
0.2945891487367823
0.6898286531530244
0.21398626751412297
0.35781327342730523
0.38541300503609044
0.10030274745046766
0.44221958839355907
0.9266360767498649
0.7575190464184173
0.034686321536116074
0.18293214695909596
0.043751864216138414
0.0
0.32228365076477233
0.48153498549144047
0.2522881847801361
0.20210735516747766
0.0
0.21112035279662777
0.0
0.14804095788016855
0.0
0.28906482458114624
0.3031246606295382
0.541399658135075
0.6692042662869606
0.1100458815955798
0.24700920356902614
0.49129824631599317
0.0
0.1080209691554461
0.11308314848065928
0.07336392325013509
0.6025064779930256
0.0
0.4041404844809723
0.0
0.0
0.20210735516747766
0.16812754226873525
0.22957233482446565
0.6710257620192128
0.13458784347897682
0.19790444917207942
1.0
0.46169129505381196
0.380089307232848
0.21501812762330882
0.0
0.09803928426050079
0.0
0.0
0.0
0.09791292548706874
0.5648901091855316
0.0
0.4430919001715571
0.0
1.0
0.0
0.0
0.30633652977400677
0.6936634702259933
0.0
0.30925151293573666
0.7510916732966976
0.04393349181367462
0.37079398956032444
0.0
0.0
0.18953901675488946
0.0
0.4915261859353965
0.3542454242128192
0.5075394036025542
0.3765915354106616
0.0
0.5527460659202224
0.6120530391901103
0.4686365361142134
0.8611375548922774
0.3256530027617874
0.7975167679736697
0.33731802377599446
0.6214011985250487
0.541533924338058
0.5608414913685105
0.0
0.0
0.0
0.0
0.7479350625494587
0.4547050024210921
0.5352543155655065
0.0
0.6863656198127676
0.0
0.562668404535962
0.1709601287162814
0.0
0.8572048541960036
0.26902548414279814
0.15793396810554786
0.3038168442891825
0.6309297680854797
0.6032621818064825
0.3953144618806322
0.1731866366782327
0.30887208490313844
0.3376585480368489
0.33325943808847674
0.3394058686177518
0.0
0.589428024265667
0.5904635168832774
0.245556895427247
0.6683063250379756
0.31790402408957313
0.0
0.0
0.0
0.1100458815955798
0.34870814971095243
0.5391355261831805
0.0
0.43621154236365894
0.0
0.7510916732966976
0.4233161214209203
0.45434891971525965
0.0
0.0
0.3010300099849701
0.21398626751412297
0.2581990062834075
0.021206928972869243
0.0
0.0
0.0
0.42912298603288423
0.0
0.23036124778812891
0.5933607249619408
0.5690257551296062
0.3786439139274333
0.6099004873016534
0.0
0.2749257692899244
0.0
0.19851772590878305
0.0
0.7510916732966976
0.5750739874713816
0.7598336309486206
0.48835054581443116
0.0
0.0
0.0
0.0
0.0
0.3346901466289668
0.0
0.5067967242646055
0.0
0.0
0.0
0.0
0.2595606735232488
0.6395647127976757
0.0
0.3562315900421599
0.2084508005970335
0.32730659563965614
0.2781981725875939
0.0
0.23047381596678476
0.0
0.3596910083662851
0.0
0.3045566899556057
0.6274092445549487
0.0
0.0981896553986914
0.5002314367181837
0.0
0.4673791231869302
0.9216017310636463
0.19797631824100687
0.0
0.6036081295422161
0.7196037035387032
0.0
0.0
0.4064149772591499
0.6618313197487639
0.0
0.1982415740695876
0.5
0.48571575030014286
0.06362078691860773
0.3236814732782945
0.0
0.6180396638242285
0.20323893583978728
0.0
0.11305340399494321
0.5389830241667448
0.2624271517218378
0.23158837392506126
0.0
0.3483349130541342
0.62357442748198
0.3868528126910807
1.0
0.2769189503116676
0.11127587134577453
0.2934367826952406
0.22774161027929127
0.0
0.7671708055755583
0.10209739895755823
0.7136540111377959
0.0
0.1496271091175534
0.0
0.34051969756236455
0.5582260631143645
0.2883526663185517
0.3189519761350163
0.2980273035816663
0.07839826893635371
0.7264127344344099
0.0
0.8899541184044202
0.18224952238579267
0.5396908231891167
0.0
0.5364565680231069
0.29119629588567925
0.0
0.5135285458864002
0.0
0.15282202522064733
0.3562071919441223
0.41396350866298404
0.0
0.7462564684957845
0.2024832320263304
