0.6062525401597962
0.9520727789303961
0.21398626751412297
0.8318724577312647
0.5206178573299127
0.697881733270689
0.5907272862095041
0.0
0.5289772530060558
0.19518899662923644
0.0
0.7799082368088404
0.08711429495539419
0.8611375548922774
0.26576209708784987
0.0
0.3791578153745723
0.0
0.0
0.0
0.43067657947540283
0.0
0.5739955206698556
0.0
0.0
0.13492226183246098
1.0
0.15507775747046784
0.5022037327289732
0.8899541184044202
0.0
0.0
0.0
0.43102998382454755
0.0
0.3065735936544597
0.5309999101055379
0.7171733860538474
0.0
0.47666363874146184
0.11990330403744638
0.0
0.15647662642544855
0.15642624560401258
0.6851198690669614
0.6859278465294238
0.0
0.0
0.09471397990084708
0.4142368562632183
0.9305687774461386
0.0
0.09848418114007132
0.16682490383065193
1.0
0.06918878914529045
0.7034066065575206
0.6309297680854797
0.0
0.0
0.0
0.43067657947540283
0.0
0.8553475053926018
1.0
0.2856436509681089
0.38685280084609985
0.0
0.0
0.5231534124590445
0.6361432101121882
0.1100458815955798
0.6309297680854797
0.0
0.20150618827243558
0.0
0.0
0.0
0.0
0.05127081248710189
0.0
0.0
0.48426802192589324
0.0
0.4362171845980747
0.45949812780252075
0.16354138397001033
0.18367562926923284
0.2350455457750841
0.6683063250379756
0.0
0.6214990821483537
0.6489315726699977
0.3101713468469755
0.24309789106804885
0.30308203540346296
0.6283216283302768
0.365186567509865
0.10086747312348203
0.05365266332451218
0.0
0.0
0.516685156633639
0.09915065905710771
0.14804095788016855
0.0
0.3810863094124668
0.0
0.0
0.0
0.38685280084609985
0.2159503683437257
0.4319922949739443
0.0
0.24355226969414337
0.44179009465675784
0.05076251118711643
0.0
0.2402098725206883
0.29090373737724506
0.5294438799302529
0.28952298574502094
0.0
0.40927271597691117
0.0
0.0
0.0
0.0
0.03993297541967407
0.6108787302309089
0.034482383562021476
0.0
0.8899541184044202
0.5526193227633034
0.14222787970085582
1.0
0.0
0.0
0.0
0.3444523982586383
0.0
0.2748763295672823
0.545520623891836
0.0
0.4530914954849958
0.0
1.0
0.0
0.0
0.37859880147495134
0.5220328637230456
0.0
0.4675241030510741
0.7799082368088404
0.4352485287635301
0.4202024784497377
0.0
0.39157555269407435
0.12965319998365904
0.0
0.3169161929442785
0.4932163002109027
0.8603818510788205
0.3873257095117288
0.38685280084609985
0.6442227885839347
0.150856269401877
0.201806192724302
0.02208474189034815
0.20023979276991702
0.37642557251801995
0.25803080768321923
0.5399873426236084
0.8032285585008265
0.32398981350010736
0.0
0.30260241035219154
0.0
0.2893079364983464
0.5067836997890973
0.917242615416632
0.0
0.0
0.0
0.25294269946917997
0.0
0.550910716666371
0.3764290763376173
0.9305687774461386
0.2660518063451326
0.31308429847019537
0.47014368249688554
0.6309297680854797
0.23047381596678476
0.497348141792482
0.06625422567104446
0.8512360980477356
0.6371130931912592
0.0
0.5875918587080367
0.0
0.4600126573763916
0.0
0.42089835144619836
0.5114532005527739
0.07839826893635371
0.3510720204701199
0.18457570391786032
0.0
0.5427025992202609
0.15333362673108372
0.23758351354587542
0.0
0.07336392325013509
0.0
0.3499667757808118
0.4777443677502511
0.11276720125273702
0.11861330485125038
0.0
0.0
0.0
0.30836161863904443
0.4421797366032135
0.14217200582128903
0.18457570391786032
0.0
0.14489033542093793
0.07839826893635371
0.39732200456978667
0.07336392325013509
0.47505497331135854
0.11110159244333698
0.5184477227776372
0.0
0.1582560509342044
0.16080629611451286
0.28259011325533145
0.5283699990856425
0.6906478832609066
0.48649184024917785
0.0
0.21657135843527262
0.0
0.0
0.0
0.0
0.3010300099849701
0.49297767951859944
0.0
0.4526016411691842
0.0
0.0
0.43067657947540283
0.08274602423427091
0.3321636704395432
0.3525683186626261
0.07817641598004023
0.35970991211233916
0.08372491383951637
0.45184593735572737
0.3596910083662851
0.0
0.2588097835478442
0.5294362239676207
0.49463965652378805
0.42836504471716547
0.03202564696042861
0.32227224995343756
0.0
0.15161562063178435
0.50118739326615
0.0
0.5747915660300733
0.6937613538492983
0.07808810423428764
0.6131471873089194
0.8701249874103478
0.3285938324249669
0.0
0.0
0.35222238667708755
0.7000949614793539
0.0
0.2663066592044464
0.0
0.8318477090079859
0.0
0.14614458088294946
0.0
0.5231737985946225
0.57742500478251
0.0
0.1312050740316724
0.5681279964052132
0.08372491383951637
0.4507070358503116
0.0
0.6331683149700376
0.5152880176257426
0.0
0.0
0.0
0.3015875112749334
0.16421959029574032
0.1173016513895822
0.0
0.0
0.0
0.8187236969465389
0.0
0.11356643412405484
0.5
0.5139068656859873
0.0
0.10999233900307406
0.3335624622251641
0.0
0.1100458815955798
0.4498873728322144
0.0
0.8486026592952989
0.33263347056477827
0.12389007496681699
0.0
0.5851687950210182
0.0
0.0
0.7702043903589452
0.0
0.0
0.43067657947540283
0.3339375166136912
0.7095272004038102
0.7416702482881107
0.21145027840882277
