0.6688571549435322
0.9520727789303961
0.21398626751412297
0.8318724577312647
0.47036527590874033
0.5307212771735581
0.6992148250297936
0.0
0.702097646260794
0.30078517497020635
0.0
0.660839798122932
0.0
0.786013732485877
0.1843821564637303
0.0
0.30078517497020635
0.0
0.0
0.0
0.43067657947540283
0.0
0.2927091251977443
0.0
0.0
0.0
1.0
0.0
0.660839798122932
0.8304198990614661
0.0
0.0
0.0
0.43062490851752766
0.0
0.3065735936544597
0.27727342967027513
0.4747677692819337
0.0
0.24630239095333292
0.11305340062568932
0.0
0.0
0.0
0.5147714424843294
0.5190547277882746
0.0
0.0
0.0
0.3467253126199842
1.0
0.0
0.0
0.1437816632088118
1.0
0.0
0.8687949259683276
0.6309297680854797
0.0
0.0
0.0
0.43067657947540283
0.0
1.0
1.0
0.16812754226873525
0.38685280084609985
0.0
0.0
0.4852285575156707
0.6785815604408115
0.16958010093853398
0.6309297680854797
0.0
0.2626757193936572
0.0
0.0
0.0
0.0
0.0
0.0
0.0
0.16958010093853398
0.0
0.23037087984360544
0.3249080556755212
0.1312050740316724
0.1010415535431794
0.33916020187706797
0.7227265703297249
0.0
0.5147714424843294
1.0
0.1460683556386027
0.16958010093853398
0.3600546231527257
0.47036527590874033
0.0
0.0
0.05365266332451218
0.0
0.0
0.47036527590874033
0.0
0.0
0.0
0.2442584746573617
0.0
0.0
0.0
0.38685280084609985
0.0
0.31914715588518905
0.0
0.27727342967027513
0.33185624782082734
0.0
0.0
0.18583510691190772
0.3156484565771367
0.5087403028156019
0.33916020187706797
0.0
0.18773177434451704
0.0
0.0
0.0
0.0
0.0
0.6164336315473431
0.0
0.0
0.8304198990614661
0.6843515434228633
0.18807401487289394
1.0
0.0
0.0
0.0
0.3156484565771367
0.0
0.33916020187706797
0.5087403028156019
0.0
0.35084874866133975
0.0
1.0
0.0
0.0
0.47036527590874033
0.4912596971843981
0.0
0.4408796168845601
0.660839798122932
0.11338325198719798
0.15101961361645377
0.0
0.4250267659513262
0.07816593393738018
0.0
0.27727342967027513
0.44685353060880906
1.0
0.29553891600426735
0.38685280084609985
0.660839798122932
0.1275002478879895
0.1312050740316724
0.0
0.07817641598004023
0.1460683556386027
0.19713821533632261
0.4912596971843981
0.5958337858272824
0.17919176598805742
0.0
0.33916020187706797
0.0
0.0
0.5531464693911909
0.8472668857844343
0.0
0.0
0.0
0.33916020187706797
0.0
0.526891976221585
0.24630239095333292
1.0
0.3031246606295382
0.1460683556386027
0.4852285575156707
0.6309297680854797
0.1460683556386027
0.30078517497020635
0.0
0.8687949259683276
0.5477863974972428
0.0
0.47036527590874033
0.0
0.5087403028156019
0.0
0.3600546231527257
0.34519134154579534
0.0
0.3031246606295382
0.0
0.0
0.47036527590874033
0.07817641598004023
0.1460683556386027
0.0
0.0
0.0
0.33916020187706797
0.39015059122949897
0.06194503563730257
0.11861330485125038
0.0
0.0
0.0
0.40775977095438853
0.4208033826877816
0.04792722106960394
0.0
0.0
0.18210494912184022
0.0
0.39732200456978667
0.0
0.4625280274754299
0.0
0.350985213303715
0.0
0.04373502467722413
0.0
0.0
0.24207625308126696
0.8304198990614661
0.5296347240912597
0.0
0.16958010093853398
0.0
0.0
0.0
0.0
0.0
0.33916020187706797
0.0
0.27727342967027513
0.0
0.0
0.43067657947540283
0.0
0.2463300806286715
0.5087403028156019
0.07817641598004023
0.33916020187706797
0.0
0.4912596971843981
0.34519134154579534
0.0
0.30078517497020635
0.3903800445186212
0.5531464693911909
0.33916020187706797
0.0
0.38356636845265696
0.0
0.2025950559514474
0.40775977095438853
0.0
0.44685353060880906
0.8539316443613972
0.0
0.6131471873089194
1.0
0.3878496537566022
0.0
0.0
0.5087403028156019
0.6399453768472743
0.0
0.0
0.0
0.8539316443613972
0.0
0.0
0.0
0.6992148250297936
0.44685353060880906
0.0
0.1312050740316724
0.43581833319349694
0.0
0.5147714424843294
0.0
0.660839798122932
0.3600546231527257
0.0
0.0
0.0
0.4307122370924018
0.1460683556386027
0.04868945187953424
0.0
0.0
0.0
0.786013732485877
0.0
0.0
0.5
0.39032683029596443
0.0
0.08703246132971454
0.3828952265542921
0.0
0.16958010093853398
0.47036527590874033
0.0
0.8687949259683276
0.41048895771510896
0.0
0.0
0.4208033826877816
0.0
0.0
0.8687949259683276
0.0
0.0
0.43067657947540283
0.2133151256157581
0.7095272004038102
0.7227265703297249
0.0
