0.7291795659185131
0.9297916147949259
0.21398626751412297
0.8318724577312647
0.47036527590874033
0.5307212771735581
0.6992148250297936
0.0
0.7765732346955955
0.30078517497020635
0.0
0.660839798122932
0.0
0.786013732485877
0.27657323469559547
0.0
0.38557522543947337
0.0
0.0
0.0
0.43067657947540283
0.0
0.36684161946853816
0.0
0.0
0.0
1.0
0.0
0.660839798122932
0.8304198990614661
0.0
0.0
0.0
0.413054740288622
0.0
0.3065735936544597
0.27727342967027513
0.6438542788511018
0.0
0.24630239095333292
0.16958010093853398
0.0
0.0
0.0
0.5147714424843294
0.5433994537280417
0.0
0.0
0.0
0.3937481521657307
1.0
0.0
0.0
0.14041677041014833
1.0
0.0
0.8687949259683276
0.6309297680854797
0.0
0.0
0.0
0.43067657947540283
0.0
1.0
1.0
0.16812754226873525
0.38685280084609985
0.0
0.0
0.4852285575156707
0.6421755824957414
0.16958010093853398
0.6309297680854797
0.0
0.28702044533342436
0.0
0.0
0.0
0.0
0.0
0.0
0.0
0.16958010093853398
0.0
0.3124164829772125
0.4406226694711661
0.1312050740316724
0.12663167610629236
0.33916020187706797
0.7227265703297249
0.0
0.5147714424843294
1.0
0.1460683556386027
0.16958010093853398
0.3600546231527257
0.47036527590874033
0.0
0.0
0.07616128774664462
0.0
0.0
0.47036527590874033
0.0
0.0
0.0
0.30078517497020635
0.0
0.0
0.0
0.38685280084609985
0.0
0.31914715588518905
0.0
0.27727342967027513
0.34686446837144336
0.0
0.0
0.18148604598834192
0.3156484565771367
0.5087403028156019
0.33916020187706797
0.0
0.21599512450093938
0.0
0.0
0.0
0.0
0.0
0.6164336315473431
0.0
0.0
0.8304198990614661
0.6843515434228633
0.23570627034368255
1.0
0.0
0.0
0.0
0.3156484565771367
0.0
0.33916020187706797
0.5087403028156019
0.0
0.3817552934848623
0.0
1.0
0.0
0.0
0.47036527590874033
0.4912596971843981
0.0
0.54105050922044
0.660839798122932
0.16095034142139328
0.15101961361645377
0.0
0.4411338814854586
0.11450494890617528
0.0
0.27727342967027513
0.44685353060880906
1.0
0.3210877912478707
0.38685280084609985
0.660839798122932
0.15979138807603727
0.1312050740316724
0.0
0.09797563715511069
0.1460683556386027
0.21857855991892308
0.4912596971843981
0.7467366477874152
0.16957810734949733
0.0
0.33916020187706797
0.0
0.0
0.5531464693911909
0.7984848543979687
0.0
0.0
0.0
0.33916020187706797
0.0
0.5551553263780074
0.24630239095333292
1.0
0.2532633522125847
0.1460683556386027
0.4852285575156707
0.6309297680854797
0.1460683556386027
0.30078517497020635
0.0
0.8687949259683276
0.576049747653665
0.0
0.47036527590874033
0.0
0.5087403028156019
0.0
0.3600546231527257
0.34519134154579534
0.0
0.3798950283188771
0.0
0.0
0.47036527590874033
0.09797563715511069
0.1460683556386027
0.0
0.0
0.0
0.33916020187706797
0.43505431911693904
0.09074302299417096
0.16369748242607213
0.0
0.0
0.0
0.5110303774437327
0.5656025370158362
0.07020838520507416
0.0
0.0
0.24696084755162143
0.0
0.39732200456978667
0.0
0.5433994537280417
0.0
0.3354350485545651
0.0
0.0656025370158362
0.0
0.0
0.31939394175918745
0.8304198990614661
0.5296347240912597
0.0
0.16958010093853398
0.0
0.0
0.0
0.0
0.0
0.33916020187706797
0.0
0.27727342967027513
0.0
0.0
0.43067657947540283
0.0
0.2964609431237059
0.5087403028156019
0.09797563715511069
0.33916020187706797
0.0
0.4912596971843981
0.34519134154579534
0.0
0.30078517497020635
0.3903800445186212
0.5531464693911909
0.33916020187706797
0.0
0.38356636845265696
0.0
0.2308584061078697
0.5110303774437327
0.0
0.44685353060880906
0.8539316443613972
0.0
0.6131471873089194
1.0
0.4121943796963693
0.0
0.0
0.5087403028156019
0.6399453768472743
0.0
0.0
0.0
0.8539316443613972
0.0
0.0
0.0
0.6992148250297936
0.44685353060880906
0.0
0.1312050740316724
0.5476854260879332
0.0
0.5995614929535963
0.0
0.660839798122932
0.3600546231527257
0.0
0.0
0.0
0.48824412735003436
0.1460683556386027
0.07303417781930135
0.0
0.0
0.0
0.786013732485877
0.0
0.0
0.5
0.44685353060880906
0.0
0.10907459423739019
0.40476273889290415
0.0
0.16958010093853398
0.47036527590874033
0.0
0.8687949259683276
0.44615333563412946
0.0
0.0
0.5656025370158362
0.0
0.0
0.8687949259683276
0.0
0.0
0.43067657947540283
0.31997268842363713
0.7095272004038102
0.7227265703297249
0.0
