0.6379246028085427
0.9297916147949259
0.21398626751412297
0.8318724577312647
0.5206178573299127
0.697881733270689
0.5907272862095041
0.0
0.577306813734575
0.19518899662923644
0.0
0.7799082368088404
0.08346558234834234
0.8611375548922774
0.33902736584306725
0.0
0.4563560910844404
0.0
0.0
0.0
0.43067657947540283
0.0
0.6132822519779436
0.0
0.0
0.14069844572339327
1.0
0.14360282257869608
0.5022037327289732
0.8899541184044202
0.0
0.0
0.0
0.4185885159568558
0.0
0.3065735936544597
0.5309999101055379
0.7978257824660647
0.0
0.47666363874146184
0.17985495605616958
0.0
0.15070352424496763
0.15642624560401258
0.6851198690669614
0.6846338583927064
0.0
0.0
0.0914087577747433
0.42766130470578345
0.9305687774461386
0.0
0.08661781215163637
0.1733554690849782
1.0
0.06843104410898215
0.7034066065575206
0.6309297680854797
0.0
0.0
0.0
0.43067657947540283
0.0
0.8553475053926018
1.0
0.2856436509681089
0.38685280084609985
0.0
0.0
0.5231534124590445
0.5908875528195274
0.1100458815955798
0.6309297680854797
0.0
0.21444882436634516
0.0
0.0
0.0
0.0
0.06232532218622732
0.0
0.0
0.48426802192589324
0.0
0.49374945811396065
0.5297783208679413
0.16354138397001033
0.21863153731234478
0.2350455457750841
0.6683063250379756
0.0
0.6214990821483537
0.6489315726699977
0.3101713468469755
0.24309789106804885
0.30308203540346296
0.6283216283302768
0.3610998725892431
0.10086747312348203
0.07616128774664462
0.0
0.0
0.516685156633639
0.11703639850048213
0.14804095788016855
0.0
0.4147998766344533
0.0
0.0
0.0
0.38685280084609985
0.18042845502800006
0.4319922949739443
0.0
0.24355226969414337
0.4346310878930536
0.06753659252985929
0.0
0.2588115600498305
0.3257946114859221
0.5294438799302529
0.28952298574502094
0.0
0.4276136962428411
0.0
0.0
0.0
0.0
0.054683435927537286
0.59267675131474
0.046914224805715936
0.0
0.8899541184044202
0.5526193227633034
0.16788429814632402
1.0
0.0
0.0
0.0
0.3444523982586383
0.0
0.2748763295672823
0.545520623891836
0.0
0.4453299847843058
0.0
1.0
0.0
0.0
0.37859880147495134
0.5220328637230456
0.0
0.5522623406272513
0.7799082368088404
0.4236339511054389
0.4202024784497377
0.0
0.3920695230069297
0.17639672036805232
0.0
0.3169161929442785
0.4932163002109027
0.8603818510788205
0.43607309317526693
0.38685280084609985
0.6442227885839347
0.17806915889328623
0.1874842354279465
0.03312711283552223
0.23636095216246555
0.37642557251801995
0.2542434989910503
0.5399873426236084
0.8838665266584494
0.3081321573470826
0.0
0.30260241035219154
0.0
0.2893079364983464
0.5067836997890973
0.890810408144869
0.0
0.0
0.0
0.25294269946917997
0.0
0.5693427140659881
0.3764290763376173
0.9305687774461386
0.21561019150820743
0.30375551762103414
0.4642070797707822
0.6309297680854797
0.23047381596678476
0.5095754623341712
0.06625422567104446
0.8512360980477356
0.6554540734571892
0.0
0.5861811038651842
0.0
0.4600126573763916
0.0
0.443512592817016
0.5114532005527739
0.07839826893635371
0.42194605533494867
0.18457570391786032
0.0
0.553744970165435
0.18099340551319154
0.23758351354587542
0.0
0.07336392325013509
0.0
0.3499667757808118
0.5341848151801717
0.15342285781279605
0.16369748242607213
0.0
0.0
0.0
0.3639868219182128
0.5483718000842929
0.14932034899419416
0.18457570391786032
0.0
0.18316167328028074
0.07839826893635371
0.39732200456978667
0.07336392325013509
0.5391068655591752
0.09363198043037409
0.49547824372998944
0.0
0.1724465701064805
0.15368188088988208
0.2683428256383661
0.6048026220540038
0.6906478832609066
0.48649184024917785
0.0
0.21657135843527262
0.0
0.0
0.0
0.0
0.3010300099849701
0.472822208937972
0.0
0.4526016411691842
0.0
0.0
0.43067657947540283
0.08274602423427091
0.3609090731207517
0.3525683186626261
0.09797563715511069
0.35970991211233916
0.08372491383951637
0.45184593735572737
0.3596910083662851
0.0
0.2588097835478442
0.5294362239676207
0.49463965652378805
0.42836504471716547
0.04570680538069563
0.32227224995343756
0.0
0.16639287752696663
0.5915963447901064
0.0
0.5747915660300733
0.6937613538492983
0.10001307196345996
0.6131471873089194
0.8701249874103478
0.3244354726363546
0.0
0.0
0.3632647576222616
0.7000949614793539
0.0
0.24713833132096055
0.0
0.8318477090079859
0.0
0.18001773685624733
0.0
0.5231737985946225
0.57742500478251
0.0
0.1312050740316724
0.6524487724395189
0.08372491383951637
0.5273758120797102
0.0
0.6508150786929593
0.5152880176257426
0.0
0.0
0.0
0.3499641422436707
0.16421959029574032
0.14414208362506944
0.0
0.0
0.0
0.8293271614329735
0.0
0.09988280294170139
0.5
0.5732030675886648
0.0
0.12983380384944682
0.3465988662069031
0.0
0.1100458815955798
0.4498873728322144
0.0
0.8486026592952989
0.3557772114160654
0.12099070093136505
0.0
0.7052475417047449
0.0
0.0
0.7702043903589452
0.0
0.0
0.43067657947540283
0.4253486924848177
0.7095272004038102
0.7416702482881107
0.21145027840882277
