0.21429812116798896
0.03203168589052063
0.04931304879225648
0.19358374248204901
0.2873629150257103
0.3907459237014397
0.3044344561129906
0.21793293342326475
0.1306993544122697
0.31261667510895663
0.21535503427774927
0.09386383014061808
0.0410518450036729
0.09440568544613315
0.012784784226374787
0.19499303244826025
0.08341025674054155
0.10938513636222728
0.013400334492697636
0.3319646627282527
0.0
0.2895983086561092
0.1460683556386027
0.16958010093853398
0.04373502467722413
0.14688963472599967
0.03495799703517771
0.054526857665946254
0.10796512650253581
0.1925620015569733
0.2636631593963913
0.0
0.018729369859849167
0.48332858582792515
0.09135246021540781
0.12221005769405112
0.330450512102333
0.0
0.0
0.05567461685873054
0.16049402645835775
0.21888360021766598
0.2070306390144714
0.23008771576545398
0.1802396928744616
0.05410259356539353
0.2895983086561092
0.19822629748946996
0.0783370532029421
0.16958010093853398
0.06405920891525584
0.0
0.06129375784340747
0.24710725362636432
0.3039717553838482
0.03352774811888721
0.4463867339590227
0.08092154265049982
0.03079494556551268
0.1454708251992806
0.13302782339591465
0.10914224619415824
0.3463081694078213
0.28273473591992315
0.0
0.5531464376239399
0.05365266332451218
0.12156951823489388
0.02802224444249224
0.2384975240963912
0.12663153501857327
0.0
0.3341302936974448
0.2377001158444527
0.030116110055608086
0.14895117686960302
0.07739544248303554
0.1349263464759967
0.012036774642097183
0.0
0.04966209975923078
0.06325739217051546
0.13527790996163
0.16102233247438585
0.3028567809415162
0.2015073148140408
0.09179853506452607
0.5107506827051778
0.1362323998096262
0.10464156143548957
0.15396938438787444
0.0
0.31286293960360323
0.0
0.03491715934115746
0.14895117686960302
0.18087953379651564
0.2787514265095359
0.08399706968713885
0.1052161521923789
0.21398626751412297
0.4810199284234445
0.14895117686960302
0.012784784226374787
0.2324437376082057
0.0
0.0
0.24153349871157878
0.16036523004838163
0.05652670031284466
0.07132875583804099
0.0
0.0
0.08546027862597622
0.13865029513285854
0.2942414204036281
0.4806302564633422
0.13582855184930276
0.3313229534437575
0.057703639236871114
0.26141956778918674
0.23307160834326454
0.0
0.2461591462493924
0.4315846784338263
0.03941803758394416
0.16689152497757065
0.103682207170086
0.034646827384729136
0.19797198502812768
0.08572588367936336
0.10324665290424641
0.05652670031284466
0.34382083324779966
0.0
0.17980957045131313
0.18980338031582686
0.14688963472599967
0.04373502467722413
0.1539747278275634
0.13946559205936707
0.1312050740316724
0.31619205935221323
0.14748069048788456
0.0
0.384970998546054
0.3976972820794884
0.049117261892542806
0.11305340062568932
0.049117261892542806
0.08804177011600667
0.1711195211282138
0.18980338031582686
0.3117964502955765
0.18830088343001178
0.28266431123332597
0.011427828011308155
0.20018275430807286
0.02517082252714257
0.22754952269613218
0.07816593393738018
0.22953464473742968
0.06468088688069237
0.0533565521275108
0.12785545615088564
0.08821934326864105
0.37572912001934655
0.428701857202826
0.1878349060757853
0.022272476893368132
0.16375323239479936
0.10353471202391995
0.15678842530291345
0.4582447421714847
0.5903694104272035
0.16958010093853398
0.0
0.12112864352752427
0.24538379549888498
0.17989452591120664
0.1503012727892788
0.09293521675994484
0.07833982670862567
0.2592230637446672
0.07097938509999938
0.38356636845265696
0.0
0.26141956778918674
0.24838996722800608
0.0
0.03843427485553866
0.06506563341945709
0.018743582004524625
0.0
0.14717375470368613
0.030116110055608086
0.07132875583804099
0.0
0.052996655804615274
0.09754943257602156
0.32020124604277667
0.08636027777744605
0.1127611200670381
0.0
0.12162178499508026
0.12001820771757524
0.04355249969405847
0.10293512403211467
0.5079662562022093
0.176195757689998
0.3559001565368259
0.03668544438825803
0.3156484565771367
0.1843821564637303
0.21735676902705323
0.0
0.4065403895190375
0.4603163481427945
0.6729603318601877
0.0
0.2182695528180682
0.05652670031284466
0.24090885677657498
0.3956869021899126
0.12491504299675438
0.40512888582116074
0.0
0.05365266332451218
0.4273013931298811
0.10256836639795916
0.330450512102333
0.20205600521198533
0.07739544248303554
0.0
0.11825927891218871
0.20520444624545506
0.21099564385212372
0.4443598197300398
0.18803819064428667
0.06934506252399683
0.05757351851829737
0.14072253358078265
0.11488489902826086
0.0
0.22185090071666563
0.0
0.1843821564637303
0.04863203044563698
0.0
0.17592383902076097
0.07611895444192844
0.0
0.1843821564637303
0.0597305886626858
0.20712185483721585
0.26669549442033424
0.0
0.06325739217051546
0.20261701333074483
0.4096633593971932
0.37211393080824734
0.0
0.19842071371067949
0.2054778771824477
0.5574297546951361
0.37720786842457815
0.21398626751412297
0.5289635821928947
0.14550537199330238
0.08905604462133258
0.3277691685225153
0.1972784349183405
0.10674416927252434
0.0
0.012784784226374787
0.016438427505043984
0.5147714424843294
0.3127804212889341
0.0
0.2620045774952923
0.35447364051484426
0.08063338470995134
0.17430318927407637
0.220279932707644
0.30335697363588476
0.1460683556386027
0.23976005767916228
0.4194641446965707
0.0
0.06506563341945709
0.2068143685766762
0.14535437223302913
0.0
0.0
0.14149287462142301
0.009737890375906848
0.09988783214711337
0.5296347240912597
0.15537313414563042
0.0
0.0
0.0
0.3956869021899126
0.2563803137398397
0.0
0.07132875583804099
0.054795195493236706
0.27290867863454876
0.21553432897365743
0.33916020187706797
0.3333333333333333
0.0798459954116655
0.16974152341454019
0.054795195493236706
0.0
0.09308787786194933
0.18371059616323948
0.4394219268671367
0.12001820771757524
0.25766563275174026
0.07865588646968853
0.37211393080824734
0.030116110055608086
0.20399607643260656
0.07784901644692772
0.6992148250297936
0.28092879737619875
0.3665304847986504
0.2346942368322105
0.10923755585461929
0.06506563341945709
0.0668174306801044
0.10058324435666163
0.0
0.2577212921913471
0.09051660521880757
0.06020011949705001
0.0
0.04931528251513196
0.036457029660507706
0.0
0.1312050740316724
0.23307160834326454
0.10159378288464728
0.10160690615589368
0.20026740882895894
0.04675086249518202
0.10058324435666163
0.14735178567762844
0.0
0.14211242423388068
0.0
0.04868945187953424
0.24838996722800608
0.0
0.11137676456581494
0.3270396681398123
0.18773177434451704
0.1127611200670381
0.24141423540011062
0.04868945187953424
0.03304715502893627
0.2626757193936572
0.0
0.1862762939010923
0.07823939731345042
0.16730515593494158
0.049117261892542806
0.057919661731221844
0.2070306390144714
0.0
0.12078373613277084
0.22811718114095444
0.24064960295610305
0.18600026952490908
0.03892450822346386
0.05278616896214484
0.39633006241147684
0.10796512650253581
0.4542239823923331
0.030116110055608086
0.15678842530291345
0.2939523844989153
0.14970050624920445
0.13467771107322504
0.12288606211580791
0.23218082478364943
0.0
0.0
0.2313956911897437
0.0
0.084311649796642
0.34382083324779966
0.05572367320953795
0.44638919964575885
0.24534395257470565
0.15532755690755623
0.0
0.07923337194815089
0.559440134584712
0.011305340062568931
0.024225728705504854
0.05623074601357388
0.26647403091959604
0.11412659967474985
0.044055986541528806
0.0
0.10239117727371945
0.10256836639795916
0.8122029271941518
0.05652670031284466
0.13411194868274975
0.0
0.04299801418423654
0.08264501001143001
0.031667909318712315
0.0
0.309906157966929
0.10295428849686587
0.10256836639795916
0.06863279800210106
0.3367338120983305
0.1503012727892788
0.0
0.0
0.20683600598380492
0.0
0.1774678957332365
0.30078517497020635
0.0
0.1765449080304199
0.15957920090890443
0.369266628808059
0.12156951823489388
0.23307160834326454
0.0
0.23130911602534496
0.13187767497025513
0.6096061994832574
0.08750372843227683
0.02802224444249224
0.10796512650253581
0.14346969909872598
0.1765449080304199
0.05652670031284466
0.0
0.0
0.24090885677657498
0.01842932092610988
0.05708372253897353
0.04296931071002948
0.201585118246603
0.07808303571789266
0.3277691685225153
0.12837466770464886
0.33901268552929625
0.10897454005984329
0.1527637791598134
0.15141780436919103
0.2387949391603856
0.5634608943638636
0.0
0.21731460850629478
0.1862762939010923
0.18980338031582686
0.0
0.1338052951218553
0.05652670031284466
0.13747074322506161
0.33916020187706797
0.14039153286736897
0.34550393995929496
0.12105662089085224
0.18980338031582686
0.1052161521923789
0.5143150444951955
0.1895025551441649
0.0
0.31384186300215366
0.05731280653704108
0.4119371496236141
0.04868945187953424
0.20904540224150653
0.33411992221796655
0.16958010093853398
0.12315553501101871
0.14393379629574343
0.0
0.0
0.0798459954116655
0.0
0.0938983652049118
0.2895983086561092
0.1571355008143742
0.030116110055608086
0.17315513389352824
0.10295428849686587
0.10766712074967755
0.16420712532103576
0.1909315745234859
0.04373502467722413
0.2173971114766437
0.10766712074967755
0.12299772584850902
0.0
0.13877365914137696
0.0
0.0
0.11492941692320538
0.2020831070863588
0.0
0.07585480217634089
0.4759908450094153
0.21398626751412297
0.3848685529453563
0.09639347519669592
0.2587285502434434
0.3494746268497406
0.23307160834326454
0.07784901644692772
0.09508719139069126
0.1600434251733473
0.23976005767916228
0.3768349599778308
0.21398626751412297
0.04792722106960394
0.1127611200670381
0.6465612370520247
0.16958010093853398
0.10159378288464728
0.030267130913963276
0.2587285502434434
0.428701857202826
0.11305340062568932
0.10112594374215012
0.3558793383728688
0.2620045774952923
0.12622308116727254
0.0
0.02802224444249224
0.526461329250391
0.016867485859011558
0.07817641598004023
0.0588934040298454
0.32839098578146675
0.2895983086561092
0.3593834812543608
0.15079151709882044
0.2739238117894884
0.02104323043847578
0.13678137911763208
0.31343421770281227
0.11945212210176194
0.0
0.05623074601357388
0.27051296782696765
0.030116110055608086
0.0
0.016976425596285944
0.37211393080824734
0.16102676572257707
0.04931528251513196
0.1843821564637303
0.22174201890253153
0.04868945187953424
0.07493669360642108
0.014265751167608198
0.32020124604277667
0.6287585105331771
0.2846438814537991
0.3855541156408052
0.033572043963404595
0.14424033293937133
0.38704026236086464
0.2957832220012929
0.1052161521923789
0.0
0.05330992456306803
0.32197462894140755
0.0
0.14518273317526906
0.28821151509017195
0.24296533048107238
0.35469417035890055
0.08065208438417847
0.018743582004524625
0.05652670031284466
0.3405559819953451
0.15708238839507863
0.2412613911094551
0.0
0.43255343080223563
0.3808988350184116
0.1395077525801255
0.09455460622101426
0.06364385817449529
0.1503012727892788
0.03352774811888721
0.25623911672975863
0.17981661630481252
0.2824250228817445
0.06364385817449529
0.0
0.1431241260630551
0.2809227839377346
0.07816593393738018
0.0
0.259121756264292
0.2011331621531056
0.14939206774959612
0.12570353349546964
0.40512888582116074
0.1460683556386027
0.0
0.0
0.2846438814537991
0.23774533356988192
0.16102233247438585
0.04868945187953424
0.0
0.0
0.3956869021899126
0.1765449080304199
0.04355249969405847
0.07245225634235107
0.0
0.21099564385212372
0.6002923380309357
0.19748253392259157
0.1460683556386027
0.2328444293125696
0.09347200133589761
0.0
0.14895117686960302
0.0
0.16163933305330722
1.0
0.2942414204036281
0.06511160594576311
0.10611747842312999
0.2125731714774724
0.5431562783096745
0.31347491378178244
0.3313229534437575
0.08051116623719293
0.15402149196615464
0.25906053018255804
0.21919454536315594
0.14031584981047887
0.07245225634235107
0.16728292726969904
0.27051296782696765
0.16958010093853398
0.1408040953843677
0.4322558203321912
0.5329059013184336
0.1687293623195675
0.5141704734293517
0.0938983652049118
0.0
0.6018359212707252
0.11677352467039159
0.0
0.26875040625049756
0.2182695528180682
0.33916020187706797
0.20276058161932073
0.13128830095027255
0.0
0.24667775490047966
0.6205377804377235
0.541197967331127
0.0
0.18881542465687054
0.30774998206209225
0.3962146388206675
0.11677352467039159
0.16781969716180034
0.061120412710438506
0.20854837085919745
0.03021322995786175
0.12677772868303624
0.1939519541241554
0.20853164761744425
0.3064906616385595
0.024795566023824073
0.06203378595879562
0.1052161521923789
0.23663467551317124
0.18803819064428667
0.13377010608366738
0.5122614642367715
0.09436623508780323
0.11137676456581494
0.3388598412386407
0.018332170111756765
0.024225728705504854
0.21099564385212372
0.1909315745234859
0.1904470088869058
0.13459206637203755
0.2313300852025539
0.07784901644692772
0.0
0.19639060378777914
0.08264501001143001
0.05732953916990168
0.5125856259874442
0.07245225634235107
0.07267718611651457
0.07586811789803105
0.4139644321856701
0.30785625208927375
0.3741855367795572
0.07442952559575507
0.21889314973079047
0.030116110055608086
0.5151942784910369
0.6886348287268086
0.19055754016975215
0.21200553322771257
0.0
0.0
0.2402669182232485
0.018484895311351675
0.054253264113706845
0.11506378051526511
0.08990717196958718
0.0
0.17018353031256875
0.16322880883441732
0.325321895529589
0.2221152448172654
0.2997477555845396
0.0
0.27361874505567435
0.13124701695321142
0.14149287462142301
0.09034833016682425
0.13582855184930276
0.04282096286909477
0.04460176504061843
0.2846438814537991
0.04373502467722413
0.4976723596888032
0.0
0.2897668648486459
0.01593874672257413
0.4766184208215061
0.13092933988459363
0.3539972119674327
0.0
0.11506378051526511
0.21624341287296803
0.1665050999462079
0.04868945187953424
0.4463867339590227
0.37903629025223184
0.142803106553681
0.06588353990045252
0.03478251300437634
0.1275002478879895
0.0701799567406283
0.28421661290090816
0.07132875583804099
0.1460683556386027
0.3127804212889341
0.1593105453927648
0.0
0.08051116623719293
0.22194591123451468
0.0
0.6402233516990943
0.06198159480784177
0.13877365914137696
0.500030613040867
0.032532816709728546
0.27537281737711294
0.0
0.10353471202391995
0.2553169121801642
0.5716313350531084
0.19321101379312347
0.5289635821928947
0.12562069457167788
0.11115584380127012
0.5531464693911909
0.2846438814537991
0.32961677012071955
0.15409785638757337
0.45228817386905956
0.3878496537566022
0.12268512446406048
0.23476559892738974
0.04373502467722413
0.08264501001143001
0.03000876179125411
0.17839010028283092
0.6886348287268086
0.3480900091880516
0.41658132346557036
0.2942414204036281
0.08554356439091403
0.05012163519181594
0.3013143360211476
0.19434092822736165
0.03815551033099099
0.4198233432418755
0.03352774811888721
0.13571785858276744
0.3277691685225153
0.11137676456581494
0.06506563341945709
0.08458234339518043
0.01484267410355543
0.25122328174924763
0.2173971114766437
0.04755078083611897
0.31619205935221323
0.0
0.09308787786194933
0.6724935352104012
0.2068143685766762
0.11305340062568932
0.11305340062568932
0.4523868837427364
0.0
0.0
0.5052077677158969
0.0
0.0
0.4591784095946432
0.07816593393738018
0.3257840464812178
0.0
0.07164344142343573
0.04452802231066629
0.08738408283913125
0.07132875583804099
0.5575891085002485
0.07264126980558983
0.11305340062568932
0.0
0.07784901644692772
0.2133151256157581
0.0
0.28911556841607333
0.0
0.1460683556386027
0.0
0.05757351851829737
0.5505226976541452
0.08421756048168015
0.0
0.19184336210249334
0.04373502467722413
0.07353877749776133
0.4198233432418755
0.11506378051526511
0.34519134154579534
0.12276927265632821
0.052378500271458066
0.05143637473610367
0.02104323043847578
0.3869122714343382
0.1843821564637303
0.22953464473742968
0.1077398335463829
0.12696627833947052
0.1430571985641942
0.030116110055608086
0.2897668648486459
0.38324755558998763
0.5278493037754564
0.29669978674819303
0.40044235069124423
0.12078373613277084
0.0
0.29184014177899703
0.07784901644692772
0.0
0.559440134584712
0.43815443212453076
0.17634860198065352
0.0
0.14287669921252003
0.1339399944070725
0.03553807613403654
0.06904061827907194
0.22811718114095444
0.2409808518257311
0.3828952265542921
0.06879666663505365
0.33126442899201974
0.29659014097520414
0.1816299460045577
0.1843821564637303
0.0
0.2824662160369121
0.16958010093853398
0.05237573901173619
0.5147714424843294
0.2776565684402831
0.03491715934115746
0.1127611200670381
0.45173551018863534
0.38356636845265696
0.12996741967325268
0.37147130402974254
0.34548630111666345
0.22207812276293576
0.016554033253076927
0.500030613040867
0.4425176197982375
0.2971909075152785
0.0
0.08636027777744605
0.06506563341945709
0.13350456749774417
0.7126370849742897
0.3948246647602897
0.13865029513285854
0.3064107440708813
0.14576632489785166
0.25906053018255804
0.0
0.05654335539564311
0.5477863974972428
0.049117261892542806
0.19959141605719197
0.034646827384729136
0.2465764125756598
0.41613237664804203
0.0
0.2463300806286715
0.0917931568940923
0.14688963472599967
0.10796512650253581
0.22207812276293576
0.28266431123332597
0.0725874888767452
0.04839424439175636
0.3956869021899126
0.018484895311351675
0.0
0.018743582004524625
0.21398626751412297
0.0
0.3155872304954027
0.4273013931298811
0.3284835407172639
0.04255678386938036
0.15079151709882044
0.03982509887688469
0.11467394975369676
0.14832635753816129
0.016438427505043984
0.12511857833114962
0.09883051994131885
0.23052902784734164
0.3156484565771367
0.06609082573596066
0.0
0.37443915742213185
0.0
0.09449690449332643
0.0
0.22754952269613218
0.12544593422398903
0.05134070547159218
0.3813010766095784
0.10492831713065619
0.0
0.45850828088818474
0.1405781010008848
0.17839010028283092
0.1459147074917519
0.04509263665387667
0.19600689661854248
0.18312916848423474
0.24153349871157878
0.07440601425705641
0.43201782586366666
0.0
0.18778709089551343
0.40120131034482415
0.06272336032590284
0.16266408354864273
0.0
0.06325739217051546
0.259121756264292
0.0
0.028786759259148684
0.052226427230773566
0.0
0.1312050740316724
0.3127804212889341
0.0
0.2846438814537991
0.08051116623719293
0.11305340062568932
0.596829763506794
0.25766563275174026
0.0
0.2995408913108474
0.4119371496236141
0.06020011949705001
0.04863203044563698
0.2020831070863588
0.4364531789213737
0.13342832069463825
0.03691153394527705
0.052378500271458066
0.023532278657365395
0.41512341630937366
0.02802224444249224
0.023012756103053023
0.04868945187953424
0.2768066330204887
0.2285418014311689
0.0
0.3333333333333333
0.0
0.30078517497020635
0.2937382861632453
0.31384186300215366
0.0
0.0
0.3219921946593637
0.15765139504087816
0.20631573469733974
0.22101647567463764
0.102141397909847
0.5530578414050317
0.2620045774952923
0.04373502467722413
0.16958010093853398
0.1658907865629344
0.022202910227604664
0.09034833016682425
0.27727342967027513
0.4371390614589383
0.13869012504799366
0.0
0.09383546363133154
0.1910254073549249
0.016438427505043984
0.03948885491589895
0.2718716396862863
0.46111928177641726
0.0
0.048227403470868055
0.29312031151796925
0.05652670031284466
0.0
0.11931142728038445
0.06904061827907194
0.02624101480633448
0.030116110055608086
0.14285714285714285
0.08051116623719293
0.38324755558998763
0.19600689661854248
0.0863440555956081
0.2121997997265044
0.04373502467722413
0.5048821632722905
0.17967203350738756
0.06904061827907194
0.47088704533377324
0.220279932707644
0.012036774642097183
0.16803564722603662
0.1052161521923789
0.0
0.12785545615088564
0.05459393783603497
0.49661976907834626
0.018332170111756765
0.04457903210319469
0.25174281697607265
0.020262769534131753
0.25233371755919665
0.08594174777269382
0.15568835172074724
0.488111378746671
0.4852285575156707
0.24788785098747781
0.28266431123332597
0.30478134865394185
0.5828158339645861
0.09759845012918564
0.2701627877929074
0.11165676339277976
0.20371592855231563
0.1831355364206522
0.032532816709728546
0.032532816709728546
0.2611321361538678
0.3913866291078415
0.03691153394527705
0.09383546363133154
0.07358466171340144
0.20567666386802974
0.10058324435666163
0.0950898871263222
0.08759337363712545
0.3450774763988861
0.5120390603649159
0.12330214555979657
0.0
0.15168562829050197
0.2895983086561092
0.07267718611651457
0.5565573133537116
0.16958010093853398
0.028786759259148684
0.09754943257602156
0.26638718301318143
0.5338567833134709
0.25575196141059203
0.24710725362636432
0.10256836639795916
0.3469272026570991
0.38011997116041885
0.0
0.27247155756424707
0.2198040420199795
0.04874744347069205
0.2133151256157581
0.0
0.21619442260718688
0.03982509887688469
