0.3531845553542619
0.11550199458994724
0.11506378051526511
0.3867788324306159
0.25143829789579086
0.5376747763394927
0.4314919658039478
0.18579812842859253
0.18098024452073252
0.4410634978214205
0.3824646436884276
0.1609445164714562
0.08381276596526362
0.220279932707644
0.04110957904407206
0.29732162113060584
0.22709678892010138
0.25039478527222886
0.04268581450187471
0.4501924569315571
0.0
0.4343974629841638
0.1460683556386027
0.16958010093853398
0.0656025370158362
0.20108296795204275
0.09823523773004236
0.1586131518318684
0.20108296795204275
0.35178863145416206
0.346075261171168
0.0
0.060224443140051064
0.4718255782021512
0.2567089480971805
0.1523557637425182
0.4226415903341982
0.0
0.0
0.09797563715511069
0.2989170320479572
0.3840156642396322
0.37063895802773433
0.3856298436560312
0.43050145477210033
0.14938815899169497
0.3496074125148968
0.3622663024853611
0.24855930373524557
0.16958010093853398
0.20172936805244185
0.0
0.13466218565595164
0.356428414665898
0.4172671310522792
0.062444784893907486
0.584790050469267
0.23539263915640496
0.07048869776114201
0.18470164091020314
0.29243528182659456
0.20238342934299816
0.5
0.38482688171160123
0.0
0.6686770465562425
0.07616128774664462
0.22642088543839464
0.05721111475184319
0.3588764312322355
0.2569826342759459
0.0
0.4148741562260654
0.2951412573356842
0.05609067473291756
0.22342676530440453
0.2113207951670991
0.3314502975155702
0.03834229136992208
0.0
0.09072694492257266
0.1556779249480163
0.2104323043847578
0.21836974719455368
0.3812509935929729
0.18684957511322664
0.2660693620821665
0.5965459231192326
0.22131020891737996
0.22640306164591928
0.39134515970761447
0.0
0.37811717616866514
0.0
0.1015705091616788
0.22342676530440453
0.24540469276375657
0.5549567803923457
0.1806554293294529
0.15782422828856835
0.21398626751412297
0.6159571241781081
0.22342676530440453
0.04110957904407206
0.4301574575216843
0.0
0.0
0.3275546207918305
0.3254960849000229
0.08479005046926699
0.10699313375706149
0.0
0.0
0.22458445273424657
0.2830728980864393
0.38404287582189184
0.44990982438104515
0.2485671498444239
0.4121943796963693
0.1178096041790857
0.400882502265525
0.3496074125148968
0.0
0.37196147038498606
0.4777969167122055
0.1107683683654393
0.37060156985532167
0.23362082812386237
0.09589488873410977
0.37225313744413335
0.1750207189309289
0.1843821564637303
0.08479005046926699
0.27443986180477364
0.0
0.39451332387931065
0.21167089265443892
0.2735791145616054
0.0656025370158362
0.14097739552228403
0.20366130340075966
0.1312050740316724
0.44390932526708243
0.3190900384327302
0.0
0.34603728264369527
0.5117558726499656
0.09147995393492454
0.16958010093853398
0.09147995393492454
0.16397610054448714
0.4093320132057502
0.21167089265443892
0.44652244970564586
0.3820939884836012
0.38146454037317495
0.03923692833171611
0.21590275176620652
0.051389560138693814
0.3613618169418647
0.11450494890617528
0.4275038533904374
0.16687234578005034
0.07816178950877475
0.19178318422632848
0.24174989186855217
0.4566005462719583
0.4852285575156707
0.31706973630026136
0.0481888543129703
0.24562984859219905
0.15999023502923082
0.23518263795437017
0.5147714424843294
0.7635277528459502
0.16958010093853398
0.0
0.22610680125137864
0.42835043313745047
0.20423925185097375
0.2799332247225953
0.2661918918220454
0.19998926467616007
0.39403581100014995
0.15777121518880563
0.38356636845265696
0.0
0.400882502265525
0.37428085105210457
0.0
0.13196233671840338
0.1328400880807838
0.04373502467722413
0.0
0.28127076859255545
0.05609067473291756
0.10699313375706149
0.0
0.15416194832310137
0.19333275223360818
0.5059396135459568
0.18684957511322664
0.21001541356174958
0.0
0.29754893565380275
0.18002731157636284
0.11934811234744726
0.2723874400652224
0.6179772147871324
0.15416868041608145
0.5089324456097069
0.10308952618441847
0.40043850704640366
0.27657323469559547
0.26988186300694017
0.0
0.5560906747329175
0.5104472106378288
0.70122368201661
0.0
0.32740432922710233
0.08479005046926699
0.36136328516486244
0.42395025234633493
0.2539595630757186
0.4690566138966036
0.0
0.07616128774664462
0.5339589559377601
0.19103160623638765
0.4226415903341982
0.2959909948945172
0.2537158204017326
0.0
0.2424338542759175
0.31687230643866854
0.3014953674966741
0.45825661063700307
0.2754563571054204
0.09843703804143268
0.12456638340881777
0.2532401882604759
0.21303208112192942
0.0
0.3131944840313624
0.0
0.27657323469559547
0.13929544298486982
0.0
0.2974355570894196
0.23064201859831632
0.0
0.27657323469559547
0.08478905367474866
0.3296697892945229
0.29379182251450264
0.0
0.1556779249480163
0.15717134381023956
0.5828475953897844
0.49256835919653486
0.0
0.28166312975761404
0.30821681577367155
0.5817744806349033
0.49252697373306176
0.21398626751412297
0.5508310945315069
0.255708665728105
0.19090696361593046
0.518983807325362
0.3402981404252193
0.2409125885413143
0.0
0.04110957904407206
0.05176638376467153
0.5995614929535963
0.4375552151060925
0.0
0.3930068662429385
0.512629697164372
0.16928215856246803
0.298651877723164
0.330419899061466
0.479808058053161
0.1460683556386027
0.4463867339590227
0.5222030832877945
0.0
0.1328400880807838
0.407690382589392
0.22610680125137864
0.0
0.0
0.26352775284595026
0.03651708890965068
0.23307160834326454
0.6144247745605267
0.30851039418893567
0.0
0.0
0.0
0.42395025234633493
0.4414323067567125
0.0
0.10699313375706149
0.12785545615088564
0.4822813774273707
0.389860033646178
0.33916020187706797
0.5
0.17275523772178805
0.40316908904022764
0.12785545615088564
0.0
0.19005120283262697
0.29125669072276233
0.4895527893621711
0.18002731157636284
0.41745249167478227
0.1724296155484907
0.49256835919653486
0.05609067473291756
0.4046620891713743
0.1449922932191252
0.6992148250297936
0.37065900419574555
0.5558700947921036
0.18733435468172246
0.1658117896423802
0.1328400880807838
0.0963777086259406
0.12488956978781497
0.0
0.27958880452995916
0.17561949468384772
0.1724296155484907
0.0
0.10353276752934305
0.12441900488954381
0.0
0.1312050740316724
0.3496074125148968
0.13777597395434457
0.2074439247574987
0.37743415664923163
0.13082186791398615
0.12488956978781497
0.1829599078698491
0.0
0.38545845042720844
0.0
0.07303417781930135
0.37428085105210457
0.0
0.2074370781130327
0.38356636845265696
0.21599512450093938
0.21001541356174958
0.40906629490184804
0.07303417781930135
0.07459099483797868
0.28702044533342436
0.0
0.25545605447941166
0.206527370144311
0.34581054801817945
0.09147995393492454
0.1748037062574484
0.3115269945327159
0.0
0.25551518872186635
0.34217577171143165
0.39211457418843043
0.25906053018255804
0.0724961466095626
0.10918487359727684
0.5585104992715821
0.20108296795204275
0.5117558726499656
0.05609067473291756
0.23518263795437017
0.4673025463059169
0.21636952372273952
0.24291923666615076
0.2610646672630061
0.3800124053232918
0.0
0.0
0.35222129196624025
0.0
0.15633983553037414
0.27443986180477364
0.16317662870080016
0.4654714680411613
0.33157758649130803
0.35026175152694644
0.0
0.1475706286678421
0.6695801009385339
0.042395025234633496
0.05652670031284466
0.08747004935444826
0.4338579635514273
0.20667977375457677
0.165209949530733
0.0
0.20660071834801555
0.19103160623638765
0.6876956776501569
0.08479005046926699
0.3357845944478877
0.0
0.13826046897204672
0.15392473882883204
0.1008758776564403
0.0
0.4185267255567983
0.29978074647679814
0.19103160623638765
0.18116897322498746
0.40725255261370097
0.2799332247225953
0.0
0.0
0.36507192176355585
0.0
0.23905058260276665
0.38557522543947337
0.0
0.26481736204562983
0.217201349781074
0.4736725966540929
0.22642088543839464
0.3496074125148968
0.0
0.41630634441602243
0.2976621426061547
0.7343198238384324
0.12421371516500533
0.05721111475184319
0.20108296795204275
0.30521174383818545
0.26481736204562983
0.08479005046926699
0.0
0.0
0.36136328516486244
0.05050237483100388
0.1424436012281952
0.10026172499006879
0.3135768506058269
0.21188269463562492
0.4464876607157993
0.23452575430277472
0.5419063829826318
0.1571852787907447
0.27395762864082146
0.27895496754785554
0.33431812938989997
0.6725956707728977
0.0
0.3486535966198849
0.25545605447941166
0.21167089265443892
0.0
0.16449021665436658
0.08479005046926699
0.25322294159196596
0.33916020187706797
0.33912913969659103
0.4670156580279536
0.28003440669706303
0.21167089265443892
0.15782422828856835
0.6003410875338671
0.2995367314301307
0.0
0.490516822843938
0.18428980175601992
0.5661420364485726
0.07303417781930135
0.3277254062130079
0.4085331559079051
0.16958010093853398
0.16762553193052723
0.24913276681763555
0.0
0.0
0.17275523772178805
0.0
0.20315902280419013
0.4343974629841638
0.23644785398007384
0.05609067473291756
0.3613108586589058
0.29978074647679814
0.20748825707202348
0.3156019643817012
0.2370709192536501
0.0656025370158362
0.2530614893956642
0.20748825707202348
0.1745983257880773
0.0
0.28642306418232966
0.0
0.0
0.2950252934373401
0.2532633522125847
0.0
0.1641198699415104
0.6069931337570614
0.21398626751412297
0.5758968851610515
0.277349246793562
0.3903969859828818
0.37381935278950773
0.3496074125148968
0.1449922932191252
0.2519962747922466
0.33172811777915445
0.3333333333333333
0.3944951690776955
0.21398626751412297
0.07020838520507416
0.21001541356174958
0.7750654497784136
0.16958010093853398
0.13777597395434457
0.07989569403801863
0.3903969859828818
0.4852285575156707
0.16958010093853398
0.22825216697327425
0.52500196690879
0.30821681577367155
0.3363352075410076
0.0
0.05721111475184319
0.6249305433119741
0.05392623411717354
0.09797563715511069
0.12506717257303643
0.4991608971556332
0.4343974629841638
0.4660410440622399
0.3078608070117127
0.3378515398649312
0.07891211414428417
0.315200658154326
0.5280166347104913
0.28197446196012094
0.0
0.08747004935444826
0.29877631798338994
0.05609067473291756
0.0
0.04770534200169881
0.49256835919653486
0.30440036418130556
0.10353276752934305
0.27657323469559547
0.3503478213165062
0.07303417781930135
0.16914020347825579
0.053496566878530744
0.5059396135459568
0.6887676143919648
0.34217577171143165
0.5270555056919005
0.10795118404403369
0.3180101306938991
0.5245136610577601
0.2886245134641869
0.15782422828856835
0.0
0.12032625212109929
0.5245136610577601
0.0
0.2652321569237092
0.5029134342718673
0.3063459753276176
0.5678011371078903
0.19086477266491578
0.04373502467722413
0.08479005046926699
0.36003897278632785
0.2925629218869673
0.28700876849686524
0.0
0.3392467047173259
0.4729444943080995
0.1973857163973776
0.11787850785767966
0.11853545962682505
0.2074370781130327
0.062444784893907486
0.4211497432294475
0.27246019845565705
0.2992182830174247
0.11853545962682505
0.0
0.2914237976948922
0.4407008950924965
0.11450494890617528
0.0
0.3156484565771367
0.3592503671504065
0.31593310886815607
0.3305320994902467
0.4690566138966036
0.1460683556386027
0.0
0.0
0.34217577171143165
0.27913136766748603
0.21836974719455368
0.07303417781930135
0.0
0.0
0.42395025234633493
0.26481736204562983
0.11934811234744726
0.13494093150347009
0.0
0.3014953674966741
0.6578242282885683
0.44178318422632845
0.1460683556386027
0.24573939509614195
0.24673664778741525
0.0
0.22342676530440453
0.0
0.24773209878428043
1.0
0.45653902243145444
0.14087583109978122
0.2166528540460474
0.41669504284162545
0.6872955907355977
0.3419876244445982
0.4121943796963693
0.10918487359727684
0.2541673290619819
0.32298825825800087
0.369238469642432
0.26579173724959526
0.13494093150347009
0.29790235373920604
0.29877631798338994
0.25437015140780095
0.23460881212624266
0.5413905967412252
0.7100154135617496
0.3027805907417667
0.5519133575594023
0.20315902280419013
0.0
0.6261806472104923
0.1449922932191252
0.0
0.370150812313071
0.32740432922710233
0.33916020187706797
0.3530898160608398
0.26804241418474123
0.0
0.4187930027982058
0.6293610419722657
0.5497395679546173
0.0
0.3101850885442243
0.3960224360773022
0.466855638770791
0.21748843982868782
0.2739016480788025
0.13224046331950357
0.32597253773985774
0.09715088992797466
0.2588334848961925
0.19605497998156304
0.3351401479566068
0.45996586953251145
0.053647823924131206
0.1953510923920891
0.15782422828856835
0.4158860695961916
0.2754563571054204
0.2108331027148759
0.6386367148351375
0.21459908668403294
0.2074370781130327
0.41984885657764903
0.062106857582502666
0.05652670031284466
0.3014953674966741
0.2370709192536501
0.2182695528180682
0.350611841008305
0.22377298451393607
0.1449922932191252
0.0
0.34318096165621953
0.15392473882883204
0.16159401948425428
0.5542767603272035
0.13494093150347009
0.11305340062568932
0.17124252860931816
0.5535123392842006
0.3517089338146571
0.48824412735003436
0.252156941482026
0.2846438814537991
0.05609067473291756
0.616411659563336
0.7129795546665757
0.35864352496542284
0.4580896487779755
0.0
0.0
0.44429539763691855
0.06931835741756878
0.14321153209116483
0.17259567077289767
0.19452365502391245
0.0
0.26299677938513033
0.23911319770801986
0.47096483095898295
0.31309032360524613
0.31679485250121225
0.0
0.25983050129128504
0.205374133103715
0.26352775284595026
0.11218134946583512
0.2485671498444239
0.09665153377133946
0.08224510832718329
0.4269658221806986
0.0656025370158362
0.6179367875272247
0.0
0.41109838151379235
0.05725247445308764
0.5963079749640303
0.26369695463934595
0.5309739620824706
0.0
0.17259567077289767
0.3576767347631542
0.26579173724959526
0.07303417781930135
0.584790050469267
0.5936819543916197
0.19366182191954467
0.14086334511423867
0.12542111091458846
0.15979138807603727
0.16375323239479936
0.5626356225733666
0.10699313375706149
0.1460683556386027
0.4375552151060925
0.3252535289365844
0.0
0.10918487359727684
0.3288007050832287
0.0
0.6574092173492161
0.10907459423739019
0.28642306418232966
0.5922216912727322
0.0664200440403919
0.4449956482042874
0.0
0.15999023502923082
0.38404287582189184
0.7091127596825484
0.3521196321005781
0.5508310945315069
0.25647124687301887
0.24049739903735787
0.5531464693911909
0.4269658221806986
0.4126458393926612
0.3602829857830332
0.4899486382843449
0.4121943796963693
0.20315902280419013
0.3840331651024434
0.0656025370158362
0.15392473882883204
0.10303372036767239
0.27615745001032227
0.7129795546665757
0.4637876782827091
0.4448446736219927
0.45653902243145444
0.2450201767671852
0.18073194325615125
0.3524036758850314
0.3640574504373338
0.080103882196149
0.5454406409176621
0.062444784893907486
0.2932191088567569
0.518983807325362
0.2074370781130327
0.1328400880807838
0.20136706742212698
0.047726740903982615
0.31123238560803523
0.2530614893956642
0.12402651752498836
0.44390932526708243
0.0
0.19005120283262697
0.754370151407801
0.407690382589392
0.16958010093853398
0.16958010093853398
0.5164729611608047
0.0
0.0
0.5065267044251694
0.0
0.0
0.5191875134534308
0.11450494890617528
0.4528417708767893
0.0
0.20132476391446083
0.14318022271194786
0.18906468541275154
0.10699313375706149
0.7004632685698693
0.16395918427315753
0.16958010093853398
0.0
0.1449922932191252
0.31997268842363713
0.0
0.3623379464499749
0.0
0.1460683556386027
0.0
0.12456638340881777
0.7264208854383947
0.21344381071903887
0.0
0.3916735729769763
0.0656025370158362
0.17159048082810976
0.5454406409176621
0.17259567077289767
0.34519134154579534
0.1842296482194776
0.11822392699003692
0.12001820771757524
0.07891211414428417
0.4004070382532314
0.27657323469559547
0.3550077067808748
0.2366109894988346
0.23647224715404974
0.2413756534263614
0.05609067473291756
0.48359452812335496
0.50635411016099
0.6530209847200782
0.5221293345260122
0.5154716930516982
0.25551518872186635
0.0
0.5402092776431042
0.1449922932191252
0.0
0.6695801009385339
0.5592991049075036
0.27622620682106425
0.0
0.2100750572700199
0.29902210839682875
0.10337669374226198
0.12858682134248017
0.34217577171143165
0.2863877615253192
0.40476273889290415
0.2212162485439435
0.49209045523119027
0.4899486382843449
0.319431974323435
0.27657323469559547
0.0
0.44474180715104966
0.25437015140780095
0.1015705091616788
0.5147714424843294
0.32102955974757724
0.1015705091616788
0.21001541356174958
0.5305071654326842
0.38356636845265696
0.2879840783178276
0.5171193293848824
0.5153047317692114
0.36923110957724703
0.04536347246128633
0.5922216912727322
0.525914309579429
0.40852004606507547
0.0
0.18684957511322664
0.1328400880807838
0.2734822642024099
0.7485617021042091
0.5089324456097069
0.2830728980864393
0.35262298234926054
0.35910888210636555
0.32298825825800087
0.0
0.19413904209078467
0.576049747653665
0.09147995393492454
0.35123898936769543
0.09589488873410977
0.2070655350586861
0.5650231203426244
0.0
0.2964609431237059
0.24447742766033362
0.2735791145616054
0.20108296795204275
0.4257578098900917
0.38146454037317495
0.21870651640926375
0.1326160784618546
0.42395025234633493
0.06931835741756878
0.0
0.04373502467722413
0.21398626751412297
0.0
0.40777830872726784
0.5339589559377601
0.5255527382303741
0.11548021869754176
0.3078608070117127
0.10913381340669756
0.2976186305535479
0.21901509206922104
0.05176638376467153
0.19823499546895
0.223071147768176
0.40777830872726784
0.3156484565771367
0.1281677155794042
0.0
0.5624447848939075
0.0
0.25307766306048907
0.0
0.3613618169418647
0.2177676938656416
0.16167742695436735
0.4778706654739878
0.27020779801308065
0.0
0.5146277547852526
0.2356192083581714
0.27615745001032227
0.32992193319857127
0.1052161521923789
0.2925629218869673
0.3559726372918401
0.3275546207918305
0.2164396215322203
0.5531464693911909
0.0
0.3795898588641592
0.445301506412876
0.13340744909634425
0.2656801761615676
0.0
0.20340466585199893
0.3156484565771367
0.0
0.06228319170440889
0.1593320132057502
0.0
0.1312050740316724
0.4375552151060925
0.0
0.4269658221806986
0.10918487359727684
0.16958010093853398
0.7429498497070177
0.41745249167478227
0.0
0.35178863145416206
0.5661420364485726
0.1724296155484907
0.13929544298486982
0.2532633522125847
0.4963836236108525
0.22640306164591928
0.10572473378231538
0.11822392699003692
0.08079700974212714
0.6327211072542995
0.05721111475184319
0.08629783538644883
0.07303417781930135
0.41520994953073304
0.28642306418232966
0.0
0.5
0.0
0.30078517497020635
0.3059409045623101
0.490516822843938
0.0
0.0
0.44350391272802236
0.2646550395093419
0.34454918757398423
0.2895983086561092
0.24417581746178355
0.6671111741621192
0.30821681577367155
0.0656025370158362
0.16958010093853398
0.23647224715404974
0.06888798697717229
0.11218134946583512
0.27727342967027513
0.5765098338037853
0.19687407608286536
0.0
0.1660615094042199
0.3771850757039005
0.05176638376467153
0.1148691123705415
0.47775093876307967
0.5003500974873398
0.0
0.1655865989353994
0.46144149107211624
0.08479005046926699
0.0
0.22388821804176062
0.12858682134248017
0.0656025370158362
0.05609067473291756
0.2768066330204887
0.10918487359727684
0.50635411016099
0.3650590684965299
0.2366109894988346
0.3934839594390353
0.0656025370158362
0.4487016929210052
0.29688648533536155
0.12858682134248017
0.5914668440920949
0.330419899061466
0.03834229136992208
0.3602133389997429
0.15782422828856835
0.0
0.19178318422632848
0.13187026596082052
0.5531464693911909
0.062106857582502666
0.12527124514673324
0.3188103388688765
0.045735257283120605
0.35731187528305103
0.1778713311931293
0.23404557597091913
0.5625869671814725
0.4852285575156707
0.4488846877288195
0.38146454037317495
0.27555194790868914
0.6072432860562474
0.1992601321211757
0.4619751261731675
0.1968383683648253
0.3494929421268312
0.35678846790883517
0.0664200440403919
0.0664200440403919
0.3186640264115004
0.49849221508281816
0.10572473378231538
0.1660615094042199
0.1502328100056555
0.257767025231148
0.12488956978781497
0.21521395963973747
0.20329451006035784
0.41020414794401666
0.715356118546201
0.30771197362347286
0.0
0.2825115601713122
0.4343974629841638
0.11305340062568932
0.5922216912727322
0.16958010093853398
0.06228319170440889
0.19333275223360818
0.4104897006355922
0.6503925874851032
0.38931133495380266
0.356428414665898
0.19103160623638765
0.43321243235097756
0.6101399663538221
0.0
0.21748843982868782
0.3179008393733192
0.11002823998323732
0.31997268842363713
0.0
0.3443838071959824
0.10913381340669756
