0.255440483266138
0.07222783428603678
0.20027878439036928
0.2360899431316679
0.25001524355636445
0.27697192860396636
0.38323922834929947
0.4177831732079778
0.25765937341399703
0.30163029208358044
0.27639569968802064
0.14919373397463578
0.06218632681407345
0.131851484863425
0.04512464635002069
0.2276789555161259
0.07321011426311351
0.11616574784682993
0.04479617531174433
0.30115887317438167
0.0
0.32915503480100716
0.20655878089165677
0.16148546911357547
0.1610005876298064
0.15939721352378447
0.19824192857466238
0.06818638848037895
0.15677392495033202
0.1828772314421446
0.25271145695290365
0.06625422567104446
0.06586668037013294
0.39767034537360374
0.10316766886449179
0.11894835288436573
0.30700793853479547
0.02699120620432798
0.04600401577809482
0.08100520981980015
0.19489012137416284
0.25332659569366184
0.26781073737406913
0.3645024332023446
0.1984806462457027
0.1744193045619899
0.26129340912891547
0.20903591236425223
0.14628281465082446
0.22441450674073476
0.0921125092829288
0.0
0.28688345921369757
0.2328758551718499
0.2721093087011159
0.06353794797652154
0.47576126195426627
0.1382989209265449
0.03231449687336382
0.18627816822963106
0.20702641717719558
0.09640384510231595
0.357215063235805
0.4103510217769694
0.0
0.4076372923795522
0.22469339429969992
0.16115328542844726
0.053978978698447685
0.3253699394580873
0.23960293847120323
0.03541790269759309
0.31255658958912264
0.3474758022776189
0.026789473929368774
0.21233315759140348
0.09480067447190368
0.16553978115692058
0.07430550673583006
0.12317461054309045
0.08083689962294711
0.0786012067318204
0.24647767656371408
0.14493049323845583
0.2177402561230203
0.1838547259408957
0.1374491632318259
0.4857718974431765
0.13736436475082542
0.10932633636748063
0.15158637349884072
0.08982951536570405
0.2503498351196597
0.0
0.08344763922245896
0.15640991834254694
0.20117589963584637
0.4368615485195168
0.07066729765372522
0.29003756227213834
0.13886244510772267
0.37560480499824417
0.11786605042990772
0.037579425982318344
0.18904600986944242
0.0
0.05790249508213531
0.19217418204432646
0.19576668516901494
0.11269357228218553
0.1194796539077639
0.053847557704176714
0.0
0.08000249590868379
0.17053177774270661
0.23328515217361975
0.36651320794068276
0.14571157136308438
0.33359833123169635
0.09113053656299579
0.4164918412323795
0.3326206378938103
0.0
0.19628448008631588
0.37500699133599075
0.07238278840693231
0.2186422444294688
0.11055111607884278
0.09779975891191084
0.3931679391623969
0.0946505215947587
0.1696892447996611
0.06549661738841361
0.29359853128561475
0.293079168810408
0.21446842515637757
0.22277460399565416
0.23000120964376264
0.040572221139185086
0.261098065249775
0.14407785106326804
0.21501812762330882
0.31839357164935395
0.2137199306715763
0.04951571917586977
0.4443841866769201
0.2580783227064261
0.0398828928973243
0.10906200897375375
0.10204679767406741
0.14851771255581372
0.23731732497934258
0.17076778802109668
0.41343504590248675
0.16820513273654905
0.27934262960198003
0.016396222592490458
0.18841443193895838
0.04139999637787576
0.2189832128488242
0.06526788484632777
0.29104252902833583
0.10968410546412447
0.04455226368618988
0.10611318308572126
0.2608464068906841
0.42341388119826445
0.3941687759287665
0.21685303252238314
0.06569686181697734
0.21985855358378437
0.12721477266174444
0.19719362454875533
0.36380489291960366
0.48332689537216017
0.15826337979804586
0.08676452776989484
0.22300509536366614
0.4002896535518956
0.1278050236514517
0.17757813805978356
0.10866999208095865
0.10950090579401263
0.27788075885201324
0.11773102855529997
0.41794474716638674
0.014918358522764264
0.2150025819667744
0.25362205346011
0.11862526614299605
0.12259849117357105
0.23743209312636115
0.015215739764732145
0.036848617962329105
0.17187522492140242
0.05874141743247054
0.11571870425643555
0.0
0.15440216277585628
0.12693265330884962
0.46253623813138983
0.08075438939045479
0.2501803877318321
0.045318623568501394
0.3477594098120965
0.23111485607932336
0.22733312771778216
0.11558467821358341
0.500906519550703
0.18397819514970687
0.3286926028188704
0.09796681804674526
0.33972769055368857
0.14410604384967246
0.2461840511195613
0.0
0.36931248634637487
0.4415021621514842
0.5151034754349089
0.03496716840955399
0.3191153987005238
0.23017050838371905
0.2733561724081548
0.35627040328527254
0.19959464949712016
0.3472267735431987
0.0
0.04393349181367462
0.3409101519664624
0.11071001981274473
0.23564669948104233
0.19861796402473678
0.08395515335639754
0.06948256038549298
0.18305485541781644
0.2217601124729329
0.20760102810372094
0.44701624160540554
0.18815097331355382
0.12679634005361612
0.13609109694964333
0.21873522417026894
0.17501266598016457
0.038543893103025965
0.2644109206176662
0.1560077689017701
0.2323761988713439
0.09137058595319869
0.1232683179291981
0.1639837238645359
0.07674204372412799
0.0
0.2135372664035338
0.11756468321853464
0.2588470170458822
0.25121170799116854
0.14493017020579488
0.08497494896685721
0.18750906027386252
0.44919908447353857
0.4092727137904959
0.02314374085128711
0.1624768326736345
0.2990919872221959
0.5681497000899699
0.3603376517524943
0.2539552377178316
0.3432611692775908
0.16122443552136612
0.12953988496461727
0.38281816630936893
0.20979642699379356
0.1337402195160983
0.03838815521571237
0.04312888527486536
0.039858433887511105
0.39920057648219803
0.22788587720969233
0.0146209200522769
0.28704585163075913
0.3833680985828581
0.07914137006491623
0.23783899904155498
0.24579951317934476
0.2765937804123498
0.22809227848550034
0.29051009905775055
0.3647716951232435
0.2946353147994846
0.09307621252021571
0.28722218246641035
0.13040425392905813
0.061804836438136994
0.032828060380023776
0.251722546426881
0.2565263661545223
0.11051168005822458
0.41636883373102584
0.14310836785811948
0.0
0.0
0.0
0.33517199265937325
0.3299755487469198
0.1418964196254028
0.0864585709413258
0.08344309930571947
0.34065048505562434
0.3077713727043916
0.26532024593279485
0.4199166750597681
0.22002661802504767
0.21362118045770945
0.25463081102734825
0.1827457690902508
0.10359594248831797
0.16937051855431337
0.33081633212381933
0.07788360428320056
0.22120006367343262
0.09736241702827197
0.285827148155967
0.1437139989898331
0.23981684830621777
0.09269997070407482
0.6138826653490453
0.2703373537643677
0.3071213799368043
0.17099376558215465
0.09895346388704383
0.14756984559079966
0.15642959309365934
0.12959254270841575
0.0
0.26269214859275813
0.14006019274959985
0.06425732707793762
0.0
0.12328608827580427
0.06410737171171046
0.0
0.201286136220442
0.2630858104679942
0.12353764979984319
0.1422836782018126
0.17334308371922819
0.15239885606781306
0.07328304239235199
0.19769062928628028
0.044326328750373
0.1953853240145597
0.14682175884901075
0.08334876339362245
0.27104762057729975
0.0
0.09754255530594108
0.3019799094021682
0.1915081993905302
0.12215136294049474
0.24479622396846956
0.10999439151698004
0.07766148964616432
0.22477989904860501
0.09578106085070622
0.15211293050661748
0.09417406284279795
0.14786843485501389
0.10721238104544936
0.07885140962623571
0.33273038842357655
0.0
0.1411102222827027
0.2438483212479778
0.3224688630239286
0.1920873194727279
0.02835965775896783
0.08680488788995125
0.3922133715262416
0.14492223467649182
0.294760283238286
0.09269509906543935
0.3152027649232049
0.3086555956942795
0.2700897566287387
0.29727512031567815
0.1252563256025771
0.29013902814862025
0.11474404897671214
0.03411790171026646
0.24253150740332582
0.036848617962329105
0.11764865851604878
0.35391332385650887
0.06396930045524796
0.39902423005150145
0.22085612966588128
0.2154389159527972
0.0
0.05772793065588536
0.6194274231108003
0.10284517516083119
0.1550009897554393
0.102118695526684
0.24864025964799422
0.11488677381747812
0.1324397591468191
0.11279278453625434
0.22965065164604237
0.16506228015579094
0.6758065567901432
0.0767235018430737
0.20065959667232813
0.06625422567104446
0.10801484832127951
0.2073497161221622
0.04496392818093012
0.03582622090438783
0.4225993294777622
0.2038681169426433
0.2149328679152566
0.28524403033178086
0.442393257468818
0.1954927224083019
0.008047196786402436
0.018906439069434327
0.23670016730744858
0.0
0.20408503223869826
0.41057197573433296
0.0
0.1832670828441517
0.2130324793825161
0.3781604783146221
0.12204301824937638
0.1757021664302988
0.0
0.22709687754467192
0.1452274473807283
0.609917755654972
0.07165244180877565
0.08283897643961399
0.09886516969775926
0.18381704281267752
0.23862540380766178
0.10847628690022544
0.00829469926790409
0.0
0.27142615590826297
0.062021154284164874
0.055279173820170856
0.26077186407523667
0.17839869813571516
0.10368631404714028
0.3416719277518478
0.11927157325016234
0.3498102744868878
0.18196562786826992
0.17930313316300972
0.27966689626510716
0.1769505072175726
0.40893923518080283
0.0
0.2726216395216522
0.2973381939530277
0.14437633505930045
0.19342640634554034
0.20836682474537901
0.11084140355334016
0.1513591986166159
0.2984900321275133
0.19097601481018928
0.3089022342414163
0.14347954590764897
0.2566064159402552
0.11561776839747341
0.5534471464467218
0.21938222599277482
0.055002846552335824
0.270800915622743
0.31420545347626416
0.3367289742092256
0.053680864470974476
0.16389205819303687
0.36242878098753867
0.2528410273995762
0.2779224537770825
0.2579868895996989
0.08649891853490871
0.0
0.07564717759277577
0.16975968958396248
0.16776259399056348
0.282867553098433
0.12564337997789066
0.22704385453325576
0.15673079464305678
0.09009977402019242
0.13459822643554625
0.17047360680064907
0.3759594349570597
0.13854120823688645
0.21611011630112476
0.14508049422800204
0.13354476756345413
0.0
0.11286432925923344
0.0
0.0
0.11745425617486491
0.15282202522064733
0.0
0.13695094927607313
0.5163652622217523
0.29626172863151695
0.4769721171423564
0.3497701859936106
0.2750293564825848
0.2904059061284705
0.19559819517107677
0.1307635444185269
0.11032278317433343
0.11514954409863612
0.3286072086356276
0.4483746005932725
0.16331708619110102
0.14346596947586326
0.21086021182334425
0.48080690309883145
0.18135879466846622
0.16503495586604586
0.05638441116571875
0.20557892618918605
0.3883583402935129
0.16400207259045044
0.1843841490880814
0.4333309981604457
0.23796667800714238
0.47785878097226836
0.20360615083643555
0.2139923735387725
0.5014415003366269
0.1055367842064125
0.15773140487118328
0.07571872804207955
0.3264218207002134
0.3318522846740928
0.31715028077450624
0.26745606199309757
0.2609065978606297
0.03282439379550101
0.2567284329546961
0.36418839619678284
0.12168086888610302
0.17723928414187598
0.04914830691194221
0.40696142801687557
0.03833758506074182
0.0
0.024739652704575933
0.3409731578940637
0.19543098340656723
0.09673963566735172
0.11965140276629409
0.2073610632094527
0.10426826186647074
0.08598508353367997
0.029438367476251098
0.39941429034367304
0.569213541960637
0.2802783805086855
0.39070557069832623
0.057102228040629345
0.15322586861408957
0.3116834705948888
0.27412357934006853
0.23413750669275366
0.06738412349449824
0.12605516872595177
0.3239599310956799
0.0
0.18734141746070015
0.41615185508087066
0.29744241877609606
0.3328044851564486
0.06910533544488
0.12100106609014938
0.13125281275486428
0.2762360502827636
0.2592125758839489
0.2739629796590827
0.0
0.37410856824684147
0.3448927517547184
0.1607887505185987
0.1183381207376326
0.12016324019264556
0.20358791351052338
0.05986034349049688
0.389532917243894
0.2997045019855587
0.2703048568908036
0.09759235521775225
0.03418690377947255
0.26432064631725927
0.4605874561936566
0.06526788484632777
0.029666219019705283
0.2637162676715781
0.16772021310272212
0.16297701778986143
0.27808129357225286
0.43022551308624074
0.23177307791062182
0.0
0.022565903616308988
0.3448428526627362
0.24133705631745384
0.13859391284569936
0.09132953503936012
0.0
0.0
0.304372105657685
0.1797878684972406
0.061912769598098695
0.08876799374255766
0.24240034371321936
0.3679700247510906
0.5585850714432493
0.16133906956859503
0.19023703288236224
0.22852017565739535
0.11503633085450733
0.0
0.35129255238210866
0.0
0.20351021423414353
0.0
0.3224607577125972
0.06463546536769182
0.11011130103112353
0.4675658746509151
0.5166398965591525
0.4721479591537318
0.23709066713027416
0.10676343574178956
0.26912116982160217
0.4497497620442318
0.22554439393507136
0.15317971395558766
0.18719235621033595
0.2224714319493964
0.29829334440009264
0.15826337979804586
0.34608674076107393
0.3457567232219446
0.5877227965201077
0.1465235737463101
0.5107231276323503
0.2849637225471485
0.01669922717043797
0.6006519059369624
0.1513398663652726
0.0
0.29269441155858084
0.21343633054457165
0.29887614068904805
0.2809726501609045
0.19229290433334187
0.0
0.27868851506598724
0.5908988014042725
0.47880303235989957
0.11189377702858117
0.1869737767606301
0.3907213238551796
0.37136935138344723
0.21480605824877677
0.2000649876157501
0.07904285820632272
0.20513933433331294
0.03443861138393288
0.3104024277734792
0.1944469154021827
0.17795754351164467
0.34628861071402633
0.1655247022122522
0.12729343571284626
0.22947037600318335
0.3092198318438621
0.19385889540000528
0.14824157673697344
0.35119845125714666
0.22971163733518823
0.1537270386017168
0.3257679163231281
0.023773371016879267
0.13037796294973433
0.22684229682359036
0.19931860366853424
0.26132825152205097
0.1745898499849132
0.19757582268859145
0.06924978666504815
0.04927649716340501
0.3102628588807231
0.22673106389202585
0.05087023912784207
0.4697874496506809
0.10241860334400539
0.10312573570422716
0.2173351609864931
0.48053089596518833
0.29517119009151704
0.4974542397777955
0.09061251480610975
0.19778942700134755
0.15634704372410452
0.5614153847571252
0.5915293770084206
0.2799674004975586
0.272904016621301
0.1528220297750986
0.10537698106276017
0.2019680491927684
0.03310079734387006
0.06771024405655064
0.1252075374979348
0.18064809935101986
0.025918373676688127
0.2256762521637004
0.16892859870070218
0.3109060422455622
0.23986917540759944
0.31724202349772307
0.014936195105088548
0.25607274054942547
0.10289795187797385
0.17648780084804816
0.1264375625394708
0.14764914332016943
0.09943686760994745
0.06686288016526326
0.2320540869276934
0.049587967317421454
0.4855748438844774
0.061945351485986386
0.29914067658301163
0.02876274728063318
0.544844723527496
0.19811159084410446
0.4493638675747162
0.0
0.07466852004712643
0.21404938928232048
0.14805354078505512
0.07919450451529181
0.379072411809384
0.3282896100787952
0.1521869383573175
0.16100785789736838
0.07407609219718074
0.11190666965070498
0.07646327932840302
0.3114961305726494
0.11509279261010893
0.1394499543103509
0.2955040845503616
0.31007347008966113
0.06943122255386133
0.06405806068144215
0.21820254891998364
0.0
0.5944179542180129
0.07446251000710331
0.16382027426808518
0.45753766157622194
0.14626845141095726
0.24216371221648822
0.0357533973563982
0.12476995094586225
0.3163822220320889
0.5666901912950574
0.23202135825332024
0.4371402375363045
0.17579992251773496
0.1298645679847786
0.4252084339699267
0.20785814249399334
0.27522717777404526
0.17723320320163644
0.4578144500790604
0.4176199770485434
0.2661286105454984
0.24010978046454257
0.1510214587580923
0.07660914437370371
0.09029589202925455
0.2373241006506709
0.5628474879286102
0.290935448104044
0.36982945294371455
0.30485170768336506
0.23331822529312926
0.09688008028242853
0.2911202158232358
0.23134748266371905
0.06332567468539847
0.3393450931771293
0.061754683985907784
0.1553616637701257
0.43566928918649217
0.1714799118445717
0.04961696378987027
0.1205685584389019
0.012996480857493374
0.21124421751932324
0.16316059133480135
0.07838009478245668
0.3145253773181742
0.0
0.11924835221684221
0.5052075983220269
0.2838095149511906
0.1369847079823276
0.18352409095605413
0.4320332591976835
0.0
0.0
0.38205506305161835
0.05598980887164077
0.0
0.40250907181206813
0.1976520956778409
0.4342229669522386
0.01827262244122194
0.1213250070401055
0.15463166318525176
0.17488941971513272
0.09454902241879602
0.5597759235928754
0.1512015258333434
0.11280737033196798
0.0
0.06321288820837644
0.16051166183048016
0.0
0.26684887477658764
0.02321714715927355
0.1209211240539969
0.0
0.07323142884075119
0.6383709380365379
0.07827901504733328
0.0
0.23847025047725326
0.10934524246318471
0.0839456516563791
0.3229495341865745
0.09781226089841354
0.38916835684762785
0.3826059008177471
0.05448860263572682
0.1450693140556853
0.11524233246280807
0.37321463385810294
0.11965140276629409
0.30743808801889055
0.11089963129424485
0.2813515686261421
0.13103102718374207
0.2297584830378561
0.2624813642707224
0.42120269456113985
0.518795073468341
0.3142578517701685
0.3674277406988797
0.13515384054639226
0.06362078691860773
0.2878420966231794
0.09018909062519526
0.3125161912699194
0.456917434609486
0.45937714406525826
0.2918746726054877
0.0
0.16247404642988325
0.19076222645861796
0.11943889496737786
0.053910423317931555
0.29417702199379575
0.29891600535647644
0.2960711834703773
0.11672813412214778
0.2991455388338439
0.3063681903038796
0.1989661625254812
0.24465910656114664
0.0
0.37121821019366585
0.2472234160960369
0.0747954022590367
0.4279373053741988
0.2798677981925142
0.046554626335467114
0.328032709334106
0.41624248048587276
0.6265512079636039
0.1294467394537294
0.42055788057462185
0.3308210419524955
0.20443991912648515
0.03759714215660354
0.4612233039110716
0.526324023025616
0.3055085083599812
0.0
0.12665817056084117
0.04961696378987027
0.13698931260845026
0.6721460199010378
0.3930329157639774
0.27425628586779977
0.41105917901223293
0.15140008508194458
0.3738367060264043
0.0878824952698234
0.17857061999418342
0.35547588841511824
0.1865864812301705
0.239351438440678
0.031856421217237946
0.2529855492342651
0.45345714627154
0.029278714039256484
0.2644078875309945
0.07931489096576522
0.17960104163342103
0.13383233810731324
0.21815301707029305
0.38573253030765653
0.07510295143740663
0.25407506581990674
0.46687529878047335
0.05060108108438553
0.09701925756049518
0.04617341787210018
0.17230324685556186
0.0
0.37970045083772663
0.41533791708726464
0.2620110158145764
0.07243641284010034
0.13064118107389674
0.0540154136126558
0.21366202325162809
0.31643824912467977
0.09515085425431026
0.14308026021105233
0.17083343750745655
0.17736869453290044
0.2279779901887459
0.05945120054755642
0.15840576693966152
0.38199394489124955
0.020017677434613943
0.08464886327171164
0.0
0.31292439323499915
0.1422554893076723
0.06112468728485269
0.38750332537565946
0.16375514815578326
0.014559846876375997
0.5285984374004632
0.23383826769390806
0.2966381959393783
0.21197348360210144
0.10572966230946541
0.15988112004949367
0.22937441839325987
0.26777484348521013
0.09835394884859947
0.4117442049960282
0.019866175271194164
0.17428106671545235
0.36434997707022626
0.09755474429559152
0.17319151234700414
0.04041613736974788
0.21466540950124627
0.24188342705238222
0.10778915486707714
0.03615670514058122
0.05491307985568321
0.07373113824678337
0.1103183781948347
0.28155948042658846
0.0
0.3595818170751553
0.17975845256075626
0.09949667737583777
0.4796913070930741
0.3627518833891039
0.09967566079488713
0.29459235662682015
0.3894490158616345
0.08186236619470834
0.05250591752090808
0.2513510290223438
0.41123951000746317
0.29451040398188044
0.058574784502175195
0.08211787047824597
0.2478198656756016
0.3646008987104878
0.03790785267183326
0.04173577827619104
0.056050763664004695
0.2735076319501863
0.31965273639015074
0.0
0.35620839500683943
0.0
0.2084508005970335
0.2785984155609603
0.28235328889730127
0.0
0.0
0.2451285358600971
0.2676672027158977
0.24560735548160406
0.2576745850546459
0.13728004543381972
0.4859519961124129
0.356980876726925
0.0978131636823742
0.2336607452460855
0.2105243899272884
0.06678449705723474
0.09929585331782079
0.20113841174840488
0.4939766875371113
0.1872481296852509
0.01565240972852425
0.24731571165116434
0.16916873113427833
0.07661987624582377
0.14750271558788455
0.3563357681759997
0.3271947277045582
0.06943122255386133
0.06329088767984231
0.3118233191382308
0.06899283636115683
0.06941797015619706
0.13586098246522388
0.19856636825113638
0.11914546660699869
0.042145854179823604
0.140668422835982
0.14379729988956858
0.5038591466400637
0.16171334300222318
0.08193559857278127
0.20858408641312973
0.034686321536116074
0.46663578840528025
0.2110234193018448
0.18349846410604628
0.5229256334262482
0.4026918903771198
0.0931650354827849
0.140299161560619
0.25552562170908294
0.0
0.08296944223443416
0.07570810935649203
0.36556391863023974
0.06816292790650483
0.1332002764900371
0.2634286679366168
0.12135282095887076
0.3779360019160164
0.16679923698166768
0.21482927232398183
0.4125667647853296
0.40058565974199445
0.25050143149101123
0.30075994875029394
0.4325813513246769
0.5848457420545465
0.11923403100007106
0.23209823895950774
0.1066648734099896
0.2579859522334439
0.18815478703636163
0.10382997497744069
0.19679142052971857
0.2922058265495155
0.37247516596692515
0.07866523164358741
0.1269157802242919
0.11746087509010629
0.1627281879129233
0.14353340262572828
0.15061997318571924
0.10209958220914121
0.3108196322704202
0.41308797733354635
0.13551170018991573
0.021206928972869243
0.11051526921230385
0.3840423478894255
0.09461575717384045
0.4068291826918604
0.20075474835000262
0.03862268292010323
0.26282295764199926
0.21297039188339145
0.43389767662007056
0.28893810008273435
0.35132195970708674
0.18391404767477862
0.35467681946394664
0.3818484675558976
0.0
0.28580106168692476
0.24999444416061117
0.18500117571502056
0.20486233165463652
0.0
0.22003870466981307
0.04770793604137619
