0.39728944242981357
0.19683816536129836
0.27848245254436493
0.40805543585843196
0.23466841515804981
0.43668124502747685
0.4748214198880946
0.3754012488605753
0.344763418998682
0.43785222464359946
0.4182361113576553
0.21818205811502486
0.11693620601282792
0.2602256975355457
0.10298440653749621
0.3307845090271157
0.18267820859754436
0.25211438331411223
0.10278982615095082
0.3807069876232227
0.0
0.4590169409245801
0.2148536095429706
0.1657737752020269
0.2243618369763937
0.2290327915697157
0.1899416092039125
0.179755538599803
0.2398622613378416
0.31138275325643067
0.3072499932652331
0.06625422567104446
0.13900087084271084
0.37774736779112644
0.2570702914431397
0.16019313282944406
0.41311772393125373
0.038356441297529215
0.05430265793923238
0.1507522131344399
0.33918707377408375
0.41228236077704267
0.42810869349931974
0.5029253349193349
0.3983104746233141
0.26012126329704927
0.3002352112705157
0.34387372492485285
0.3685807022531643
0.2699851444417547
0.252356981721281
0.0
0.3228726322425093
0.3066025954400232
0.35570241425652055
0.11105422037779918
0.5872213792316112
0.3041934267729642
0.07234330376058248
0.2626487755806892
0.3501380770570623
0.1625542797019195
0.46410169516343164
0.4826550352160753
0.0
0.5254348164957552
0.24916582273499874
0.2816702938091476
0.10150297174354463
0.4541589069385138
0.42152961649936904
0.069798990261668
0.3746241257012467
0.41665929077477093
0.0455548699687191
0.2699551762320642
0.23537865493598883
0.34748682146445564
0.1584554676135801
0.08998842302261002
0.1300308074937826
0.18797609476582242
0.37218425800811333
0.18979187502246586
0.27921620031359096
0.17465329993974368
0.34607810237174164
0.5536744582743589
0.210657337907355
0.21590734549626958
0.3461880149278864
0.12518162435835314
0.3231368819933889
0.0
0.19467646852409445
0.21796452495782587
0.26041856031205496
0.5962792980202829
0.13348529091224504
0.3265815281185045
0.13886244510772267
0.4473197049166443
0.17679907564486158
0.08151709354889465
0.3063842244974486
0.0
0.08068983072294952
0.24293507667193626
0.33705653654376416
0.12969953055038602
0.1665004769652585
0.08984839510607469
0.0
0.2020493229478685
0.32067079879916593
0.29562908280286443
0.3159952838358319
0.239764267988786
0.4086925944246871
0.1713633807227596
0.517328311928923
0.44196518726308753
0.0
0.2952899589144827
0.45246460540840633
0.1549833856006132
0.43804546557867335
0.22886263405089066
0.23695244521935244
0.5489089958921919
0.17798241927872635
0.2480381076401125
0.09597064653842828
0.25340584405053174
0.24636655148673126
0.4201843463155617
0.24756858765436487
0.3403032335667802
0.05873456598029496
0.2263836255771453
0.19944612511854443
0.21501812762330882
0.42752193945970746
0.39630523947318946
0.07255421382973763
0.4059951978331575
0.33209454326184923
0.0687170623405457
0.1575573568626084
0.14970473298736575
0.22310531936302672
0.479415628852604
0.20875749816070552
0.5531935649119557
0.324591685300793
0.38911012034353354
0.04955970067398732
0.19538667729554374
0.07698363076854405
0.34005210461214624
0.08879874028333257
0.44757897346623565
0.259888063491327
0.060614571797742496
0.1591697746285819
0.3284502014260375
0.4991635945073008
0.4541204279474897
0.3341538639050277
0.09799094536149078
0.29666071754015433
0.2031231947126215
0.25910847519806546
0.4337045593087159
0.6150271153622169
0.18237212889927887
0.0983363981955384
0.35161861875694295
0.5485633457794971
0.14174164806826833
0.3075960568209638
0.2738682795150929
0.24415097954408344
0.39647173355681137
0.23444582049108334
0.42854821165282136
0.030579070867895318
0.31099387452993293
0.3836145727768858
0.14177362850337055
0.2642944401375792
0.3287477004100612
0.03214243656276723
0.05013355134674182
0.3153311563096006
0.10267064840149429
0.13886244510772267
0.0
0.26826476607634764
0.25113247846988235
0.5961838559738685
0.15948093048557904
0.29361939353808403
0.06205495863089124
0.5191791534651744
0.2915989293755286
0.23895038842860428
0.2777491505836721
0.5876120500511751
0.17048113532108305
0.4406017638169866
0.1471487891494805
0.4028193117566976
0.2161590657745087
0.3081836603404648
0.0
0.4749664947193075
0.5087458751773579
0.5334444557008389
0.06111704501343293
0.4137355917559596
0.23608146383394304
0.4100342586122322
0.3876777617072615
0.38001820320854196
0.3892667532147087
0.0
0.05795991138419441
0.4101236119365284
0.19350349405143255
0.306075865350624
0.27022516578502576
0.2498288007810039
0.0945329214884081
0.3056507376617356
0.33932124666602936
0.30030548985403155
0.5001154024984765
0.25598453899133117
0.1672779542431068
0.20889053357370901
0.3445664605710617
0.2951029373042594
0.07808444429614719
0.3733064270386741
0.16907414705782903
0.3302232572889787
0.23027060823420364
0.11677179698717095
0.28459462414250003
0.21165158079952642
0.0
0.28559028832837
0.15509895389503814
0.35118375988915357
0.2668890017142581
0.1712579525484721
0.1846430592138215
0.13117339470234246
0.5633772319854221
0.4990112658652165
0.034715611276930666
0.21434997390344657
0.378828906372704
0.583947761380283
0.4563749188097924
0.2767860227459554
0.3574516884498669
0.266825974144286
0.2528630416940438
0.5454401149047254
0.35755962289024035
0.2738976524580896
0.09150556806264377
0.10063204064381896
0.08577024497624519
0.4765601972190288
0.2991719070066695
0.028864978786490494
0.4305687774461387
0.5080501397088173
0.15319444486000922
0.3506510874244802
0.32950013530084027
0.4362872277811571
0.26293384039800716
0.46003649414383496
0.47772632013100386
0.2588280020703547
0.17356736205818638
0.4893923180228896
0.1923850182443607
0.08612792562701682
0.043308906075818186
0.3748148589089822
0.26756760436579885
0.23944621630350366
0.507727844171738
0.25780023115829126
0.0
0.0
0.0
0.3535129729253032
0.46344152944542744
0.19466676248403378
0.12286383483104493
0.1762690850070535
0.486704227876804
0.4382019276796279
0.2879344873036125
0.5649375062948261
0.3501727645209527
0.4305144397633578
0.34059085775215725
0.13743853501604072
0.19480353790836002
0.2596210430825625
0.38617861659014924
0.11682540642480083
0.3439268070200953
0.20584144431681325
0.3861691647171222
0.1912583363754271
0.43169638417679523
0.1620247946847441
0.6261099858907345
0.36085350412439926
0.42761981976070224
0.12808709438968893
0.14589137502565358
0.24425846596780398
0.21585869709507624
0.1732579253217517
0.0
0.2879250387102083
0.24655914545520904
0.16451780305967859
0.0
0.2504088913821229
0.19039408641022154
0.0
0.2067124967209122
0.36281832224268745
0.15616888859229439
0.26755260133333175
0.30114892006719557
0.30866233248168695
0.08539139625979261
0.25314067781424077
0.07591036842049724
0.41538618318546516
0.1733068649326612
0.12365391072766731
0.38528171013904333
0.0
0.17048886182415685
0.351728248090087
0.24469074156896697
0.20771551803993066
0.37448288561427784
0.1257924528072932
0.134372353091449
0.24761410846724144
0.08898358727080725
0.20332112672712352
0.21935758655762688
0.3017835882406957
0.15754716592588366
0.2260769693130506
0.4238719640531046
0.0
0.28092873839395766
0.36577248187196676
0.46011699107029885
0.29288920196991486
0.049568168046081065
0.19386495057995315
0.5050771660323178
0.22464417282292906
0.33209454326184923
0.13074224706604215
0.40047790008110834
0.4538662306994273
0.3355652932888909
0.41709790714741557
0.2444642853274038
0.4404188515144085
0.12286383483104493
0.04754488920932538
0.39351495770412137
0.05013355134674182
0.19837686891717118
0.3208656077912546
0.17171977306633676
0.41419313701873367
0.30237662070148713
0.38332179922948306
0.0
0.10089923482234524
0.7145705673331002
0.14597537529280483
0.19753257552287629
0.16777197123088344
0.39188790220836006
0.19588390077259424
0.2500657493166588
0.09946661427380617
0.39220291872124996
0.2586595821941473
0.50293104568634
0.10691778251365157
0.40960774190432025
0.06625422567104446
0.21733914504345667
0.2972582139057813
0.12580471333037382
0.047264273863216376
0.4479457584894649
0.3487566604529151
0.3145513994366999
0.33936925153155206
0.47269021592243615
0.3130333365909574
0.023632136931608188
0.03304544634888506
0.37547952103130183
0.0
0.26129426666822725
0.46559491653212287
0.0
0.26475834660073194
0.2962276025356517
0.4831760201601815
0.2133117715612447
0.2635532496454482
0.0
0.4041882590188076
0.2976815712427293
0.6641081052295381
0.09452854772643275
0.1557717927897014
0.17280058127405315
0.3578401395362378
0.31873897124331585
0.16271443035033817
0.021585234638659204
0.0
0.3724236225854638
0.14964689660692632
0.12876037235298332
0.313826210542289
0.263403068033984
0.24868752033398211
0.42514105532754454
0.2002859462452121
0.5253027744295965
0.24816385227837529
0.3253448922312504
0.3411779867787103
0.22950612897790815
0.5014060727005146
0.0
0.3715609575348882
0.36298928184966106
0.16917031871801116
0.19342640634554034
0.24485794656097626
0.15446267172297695
0.25931761401588177
0.2984900321275133
0.4057715585211082
0.42472389307084374
0.3117138315100626
0.2912942043050166
0.17342665259621012
0.6225484883648065
0.3260783978655402
0.08179006340359517
0.4037021701864946
0.38495650789370395
0.45106114783674
0.08052129670646171
0.23452650887298807
0.4626657844636517
0.2528410273995762
0.32262993253171846
0.37928228932957575
0.08036018809896846
0.0
0.14939475565559449
0.20170696299615345
0.2787101786057296
0.42430132964764944
0.17169260789485805
0.25236619882446515
0.2942526261942103
0.23750038398447448
0.23265841745363747
0.2816974139274902
0.38833981605243556
0.17600141889602583
0.24367481980529035
0.25438272249955046
0.1761809174337341
0.0
0.20400787400800147
0.0
0.0
0.2714876728770703
0.18038951645367055
0.0
0.26989282952365284
0.6372739466663142
0.3273262070516889
0.642834904498874
0.44256124086921306
0.3883164637393798
0.30620396741878364
0.29339729275661514
0.18650583935445758
0.25644349303701025
0.22322878561000847
0.45275093079685313
0.41912649742580355
0.1755444067327902
0.14827514578563825
0.30458018630335904
0.6433187064341052
0.1793725808880471
0.2086272944178306
0.13330074257527938
0.2967711775446994
0.4483099923122361
0.211287497608745
0.3250196468687625
0.6021644083380766
0.2898428209187498
0.5654345276389009
0.24047171995982725
0.28165734151275745
0.5642562908919488
0.1925670098394139
0.18618449672545417
0.1403590354836344
0.4685089166385044
0.4222715608816719
0.4215640036818887
0.4184396048524701
0.3061008086835383
0.0951486253783515
0.35178149878717196
0.5128339262845124
0.25934341406909567
0.17723928414187598
0.06951521420792466
0.4368742787084491
0.06700799688497162
0.0
0.06133855196051856
0.4322062176991996
0.33271977751216675
0.1777870353329181
0.17947710414944112
0.3250607346566711
0.1564023927997061
0.17624887878556628
0.08907588794196082
0.5667841675744231
0.6556243777120636
0.3306790186883076
0.48830621401209573
0.1438603836056265
0.31617319371537284
0.3994936636734793
0.2849962495236749
0.2788800127354314
0.12055438731015974
0.22780390952860624
0.486446038610288
0.0
0.32791508689749455
0.5848605995030068
0.3305539579364564
0.49757084622337555
0.14415438538111355
0.144825618629979
0.16019725750722885
0.2839744574066627
0.3890924229301727
0.3143872503450914
0.0
0.2638221703767509
0.4063179426060514
0.23588167619747674
0.16052362144398555
0.17698077235423657
0.2709580258658894
0.10418103596268222
0.5442888375984957
0.41278154819347496
0.2789584015465874
0.14073289190016336
0.04510158040616892
0.4208935963264405
0.5823391142347258
0.08879874028333257
0.05858748049441398
0.31346460635949697
0.2792903004207297
0.3330974832147657
0.40779608404385054
0.4862742527919819
0.23177307791062182
0.0
0.06820835850170362
0.39374898311194295
0.2920041794857558
0.17907044880387668
0.13193998789950304
0.0
0.0
0.3465122768909477
0.2505427901596269
0.14938538209471316
0.15515232476855934
0.253003808199654
0.41624398808302626
0.6065227959532471
0.392795144164185
0.2012794038275363
0.23695286076705224
0.23587064241533218
0.0
0.42373086221186096
0.0
0.310640711117222
0.0
0.46801656981336187
0.12764784969603568
0.20533418298059766
0.5869681557914234
0.6388495903133925
0.4482613158956644
0.3006130598976213
0.13496393309330448
0.397671922557435
0.49123448316144885
0.3463619954028481
0.27700982532249463
0.25882392291548
0.3303694261340524
0.3388096595781008
0.23739506969706878
0.4059990761712535
0.44124264976533745
0.7388388692230938
0.24479671716168097
0.5460149770553397
0.38073720588766113
0.05078959670586176
0.6516916802954127
0.18629300354005585
0.0
0.4034458621964383
0.32015449581685745
0.29730711370960544
0.4160327104246918
0.33462087235534643
0.0
0.45098736207695417
0.622548767026651
0.4809021254212258
0.1173461668848671
0.29547056271977057
0.4721128553639429
0.4283939664546127
0.3102907131934087
0.3341913187149535
0.1561008469029926
0.3158552083555474
0.09798314872768063
0.4260508104437631
0.19646727016950274
0.30319343233959145
0.4786227815085748
0.18120233800943153
0.297589837198422
0.31107845116925276
0.4396544991966512
0.26375032291562545
0.23651823212007608
0.4848408289168019
0.29184482920261945
0.26869039631575664
0.38832046550627325
0.06981506406630084
0.1801549805927
0.3008907187915821
0.263456477424564
0.3076531689884085
0.35295533701387916
0.18833127965610835
0.11775763253900293
0.07391474574510752
0.4441589095270076
0.29927446336937086
0.1252041531075097
0.490306539982113
0.17646426925299108
0.17031635313192217
0.29608737928828033
0.566090889743277
0.3311262831733108
0.5955792094344516
0.2661010305145869
0.29322445852745344
0.20491122602237588
0.5975199200215249
0.6073274382987337
0.4566778415947698
0.510488932712961
0.12025968121979805
0.12438588372201907
0.4087471935857399
0.11237134765775995
0.1565293479142713
0.18575442554658642
0.24942214349403827
0.03683186927370097
0.3633376874107192
0.22983197322495982
0.41987637916547993
0.34451163644619937
0.3662230324118808
0.028086270364197745
0.24374615513354012
0.14696962010423129
0.30847258612466893
0.14732849036378207
0.24295248782349294
0.17900667562188444
0.11156536584300315
0.3480811303915401
0.07438195097613218
0.5757526995010943
0.1210246700265003
0.4050879419332918
0.0898080234545391
0.6484605587288953
0.3185561028867356
0.6276002949057572
0.0
0.11200278007068964
0.3436359367020449
0.22357924302904186
0.11879175677293771
0.4804585640807639
0.4863171191194678
0.1923856011510141
0.3016192535673879
0.19485503735447335
0.13603488812513917
0.16567337417816602
0.5434296726528655
0.17263918891516342
0.14881764442687956
0.38751475909616173
0.4372488446939338
0.06943122255386133
0.08097835889064542
0.2972558695385825
0.0
0.5390550411655027
0.13329414783439647
0.32180542378391874
0.517363362959369
0.21864267125118736
0.3940907381250398
0.09599373953144413
0.19852591118616733
0.4483770366797504
0.6619568154126679
0.4029082634300243
0.4982702908379374
0.32863699223656595
0.2283468761074206
0.4252084339699267
0.31178721374099
0.3200073976824468
0.369833446335994
0.5261729764327003
0.4797021223521678
0.3427507538164341
0.3618592747091521
0.18985022651207092
0.13390059127146672
0.1775037338897661
0.34517955343558465
0.6019152407057866
0.3626138879039259
0.4012368113657035
0.47028419936349464
0.326213043551486
0.2305590937982735
0.3347843283715889
0.3681474391211097
0.11566055651924059
0.4314368111551447
0.107477949140424
0.32164958433353397
0.6059562042141104
0.2698765809573551
0.0933005661648154
0.24947127707608893
0.0365857913527995
0.2742947687621565
0.19734670313126254
0.17184955231739718
0.42194713607132234
0.0
0.22423659019466552
0.5927425750896707
0.48589474147526784
0.17366666851418752
0.2434757429747773
0.4832107611090906
0.0
0.0
0.3607790329073411
0.06729297014530172
0.0
0.47209877235506775
0.22451170537238108
0.5607325650150524
0.031483196032225186
0.2747944921195148
0.2131964216746379
0.242315797472689
0.13175847781984157
0.6627117082143282
0.2564964225265784
0.16296812493527063
0.0
0.10891396446400634
0.24076749274572024
0.0
0.3149856142637424
0.03401953738220807
0.13398750221005584
0.0
0.14462392076104208
0.7831013143351867
0.17757030185939687
0.0
0.42145352413673537
0.15796653252688997
0.17733069997289222
0.4027799835530463
0.1467183913476203
0.4007402272732714
0.41911010679760363
0.11168861768189636
0.26670073976156683
0.17100618891760894
0.39680047315200495
0.17947710414944112
0.42666763302225297
0.22378404231063798
0.3771304516992652
0.2331658325772018
0.2535523834660636
0.4204244789888893
0.5344323769751606
0.6584704204264514
0.5120871112844533
0.4383069512423841
0.26734489344976164
0.06362078691860773
0.5014881567183985
0.15763617593795745
0.24194052588977344
0.5753302703186491
0.5702859229304202
0.4016893825066866
0.0
0.2313937125712562
0.37577205107679956
0.1917062869851628
0.09338217989740363
0.4020663985225168
0.37000694682455604
0.33406089360998614
0.307444633590112
0.4331241085203136
0.4615131042609693
0.3099594344348987
0.34094388964143013
0.0
0.5403872749794817
0.33611951286712466
0.12785521996506394
0.44016462591588795
0.3259045916652887
0.12114876025156697
0.40046207827786107
0.46950826538552665
0.6196893149648636
0.2638810239420031
0.5034994829353426
0.4553641367940752
0.33663820011323153
0.09033286304286849
0.5562907183623558
0.6271352630820956
0.40356987908754927
0.0
0.25013578886687393
0.0933005661648154
0.2847867099900281
0.7064654802693393
0.5034902224095686
0.3546924925893266
0.47575997306248985
0.34103088077051635
0.45165749678654354
0.11649188632343056
0.30162076244087715
0.3738168686810482
0.25776494988107307
0.39610648912905344
0.07718277618824354
0.23553245077165816
0.5823888779267349
0.05505618215595174
0.3293391831599222
0.18377750326535336
0.3139140355148146
0.23391762628748608
0.40771337540245733
0.48208642706425303
0.2128709762274979
0.30404150925854856
0.5204579921145405
0.15162387514128056
0.13199735022638603
0.10425567998169379
0.1839118891310005
0.0
0.4510980226465172
0.5204485402415134
0.41282460753230393
0.173735869161124
0.24565985557389547
0.12978026201438084
0.3628526269477888
0.37213213590269006
0.1867585430510917
0.2288681387289985
0.2957099843098289
0.3514041508415299
0.23954986061438946
0.11361300575347712
0.15149323894432898
0.5441267186559354
0.03403958939297796
0.1977677846242244
0.0
0.4390902481278397
0.24254735823029147
0.16746087705072807
0.45740486286436405
0.37110440314733034
0.03464680300301783
0.5372064909718615
0.34341554844232935
0.41353807568348755
0.3630036806814722
0.20479228690979653
0.22987858315820428
0.41664954481000144
0.3385048992579583
0.240858084435556
0.5104572107462226
0.034021511062538215
0.3287429512551685
0.38614556926352483
0.2094438619241558
0.2790219250226572
0.05109165719481766
0.3079441318132894
0.3154309567076339
0.10778915486707714
0.0714054681440535
0.16024396400749566
0.11059670737017506
0.12812313119505372
0.3929848227514826
0.0
0.46091395914610545
0.17848602363231536
0.14924501606375665
0.6484229206587192
0.4997915723333967
0.08436357232797329
0.36644926134698247
0.5133643774917714
0.206308153313169
0.1323245269503623
0.30974139174714505
0.4638682339237858
0.42063154147251763
0.12476590567001163
0.1683220159271012
0.27410657763344054
0.5043228801400734
0.0712825583474442
0.13944349233932699
0.08407614549600705
0.4102614479252794
0.3773147389406627
0.0
0.5145994809526743
0.0
0.2084508005970335
0.27655686305802313
0.3984555337573419
0.0
0.0
0.3373721773194676
0.3707227104390339
0.38640309810191326
0.303599047321175
0.282509452894175
0.5892846783234539
0.41063929983200786
0.13630721109360303
0.276446932280404
0.28712092576368814
0.15626649381570845
0.13520217841154175
0.2117418762348395
0.5804926182203966
0.24702987528151005
0.02943305228630547
0.33977991444216293
0.33364216904570776
0.18648410794104386
0.2558642618097336
0.5403122750223976
0.41120149605899203
0.06943122255386133
0.1913048832503987
0.4664215914016321
0.09967108658464494
0.12611555980640968
0.25340446196589195
0.22220165740598788
0.1506598552620225
0.07366424518189103
0.2694596175284165
0.18177992330849152
0.5929322168209559
0.28264918530947347
0.1968627608284985
0.3517104103906193
0.049291752497297656
0.38542583072568865
0.3187081081448231
0.254139001015347
0.6461788683969572
0.49699597698504994
0.16592340174555426
0.27773110876423124
0.3122789046361437
0.0
0.12445416335165123
0.17790269808831308
0.42389171459370834
0.17700086015487226
0.275928027165326
0.3340528341610451
0.14289830217441465
0.45938078358009576
0.29456946002872403
0.31566938949326695
0.5088042655824146
0.4116280306871686
0.43086470064990234
0.39349873909032024
0.39784409877529736
0.6092850262824462
0.1961233899756186
0.4219975520239192
0.18693082094794183
0.3741362815598991
0.34477260206140403
0.16715734613963187
0.22631468002757993
0.3517154214851569
0.4508896008160476
0.1744515516049605
0.22693714523743763
0.19278911803187712
0.19369752007385152
0.20039717672567692
0.2984758553256504
0.22161206588669413
0.33883989325259667
0.6075414652883105
0.31042832248784746
0.031810393459303865
0.19316310099832262
0.5001824257408939
0.1583272299902937
0.45280370857127133
0.2129820688916918
0.07624984742273556
0.2950458913169811
0.3226179783551623
0.5201249037799653
0.4205904035199481
0.427197513528995
0.2901784508483239
0.45060250708049093
0.5720661331670014
0.0
0.27260526801119384
0.3315004402162513
0.24831243632219424
0.3072934974819548
0.0
0.3443641997637362
0.11564424167473229
