0.4078218106616127
0.293357161594093
0.44484164301616597
0.4859526538560444
0.2098326463981985
0.23409480327034807
0.47278486108499224
0.22016378920067547
0.40511892865638505
0.5525455044560083
0.5299329104325652
0.28820955876795906
0.15465543421725764
0.2846994128744494
0.16032601202853242
0.36019245426529584
0.1760130490239893
0.2791389493831928
0.12710291200987106
0.282799340213218
0.0
0.531481483364228
0.3635591115998003
0.13877919945981274
0.26052961833745564
0.3567020379165338
0.10402821679550793
0.20345270766743948
0.2683630882741023
0.16718476577923427
0.2740138166631056
0.0
0.2748047817600269
0.49433238423986753
0.36434838096970823
0.2644517411654191
0.493220475170779
0.038356441297529215
0.060129840609899024
0.08438984876735565
0.37161268572572376
0.3521185461150307
0.357015127697509
0.44414616232664444
0.433653876915516
0.3261661634546749
0.39403821960951435
0.2339884986437759
0.44270078208293523
0.27664640943372826
0.35361250379429965
0.0
0.5164547854333658
0.10490398890535911
0.5073042762766604
0.21925862244126204
0.23313873581886985
0.337632004088583
0.023977250598688014
0.37816628153509046
0.35794496539967746
0.1625542797019195
0.3779452565646605
0.5755508444112496
0.0
0.5697854863199114
0.053368457548553384
0.3681987798995509
0.1293941515062011
0.5761178125036681
0.376174740997842
0.08495622684901401
0.3661799038916411
0.5832370419731414
0.09432739756852396
0.2699551762320642
0.31434875957133085
0.302596094423373
0.26190552401578465
0.09371329050596236
0.16835473981382995
0.14828057931655864
0.3592839891145086
0.06326396022623484
0.235838334402873
0.31195703009097897
0.26425533872989193
0.3608880871012729
0.2192366152710059
0.18683394037214984
0.39539975914878656
0.1341434771499871
0.3089547058839933
0.0
0.34103134789948475
0.28277551316621935
0.28568990523764903
0.5639710575669888
0.09757326200318034
0.5593200347636673
0.13886244510772267
0.4473197049166443
0.17679907564486158
0.1589241203674113
0.4540957680096606
0.0
0.1232549241025793
0.2684006978094861
0.25570531247055067
0.1552087629257125
0.08421358861051619
0.11555854483145277
0.0
0.23302663704304563
0.10797088612697113
0.26258363645397936
0.3159952838358319
0.22932253118914636
0.29501508806886
0.26150996177178504
0.34743721709610514
0.44196518726308753
0.0
0.30137699100234727
0.32109336328634736
0.07898007969760105
0.47798331018245616
0.29758683269168656
0.23695244521935244
0.6459969760098769
0.20733971483861308
0.3538349329791294
0.089915001469962
0.0998775228022706
0.32814796196526275
0.6060219721614535
0.3089810831682508
0.42408755696875655
0.07591332653122125
0.2808643930774267
0.17727377562547988
0.30383773921691987
0.30477393604849706
0.3934652987277497
0.08115082853186258
0.5000322282622157
0.2875566386765069
0.10891396446400634
0.08407722826583303
0.2233866755826176
0.25653464012827754
0.4290056095152751
0.21604715192469093
0.5905499227067287
0.32017991164120835
0.19387554154306472
0.11071465722090505
0.19444376159766522
0.0755830802852032
0.29562908280286443
0.08879874028333257
0.5460694307875466
0.3576324785005654
0.08879874028333257
0.14476149287251047
0.32298325025883506
0.37048319437626015
0.38678731458939236
0.48866395198158574
0.07678279812936802
0.42271283120624104
0.458343112610515
0.31107553558454737
0.46955618930258525
0.6850618987861471
0.34744095129264857
0.034715611276930666
0.3184119721860395
0.470317616694541
0.2627966916379868
0.21179630495126664
0.24583782875404303
0.26127751988897774
0.4785473328360333
0.3138649446204147
0.45877010667071677
0.03320988312434852
0.34870222791120153
0.21669381173790875
0.24920694061004703
0.3584772670416066
0.3089219857592814
0.11077552388394474
0.05013355134674182
0.3025453129560222
0.1012396278754552
0.06943122255386133
0.0
0.4042927273043731
0.3101056229806073
0.6238511995667083
0.10259027817066539
0.3280723735888497
0.06205495863089124
0.614300996753048
0.2224886899015795
0.22777704610330476
0.28284563695375453
0.5764381024890264
0.2968687916744022
0.30975107503809035
0.23667496337777955
0.3657178720936325
0.08973855207472056
0.3478883951596162
0.0
0.4132201308685605
0.6057251392044114
0.3723300910216684
0.1147242561887958
0.536152705929896
0.3175487426177927
0.3513642001158953
0.5022768748775676
0.3651205918625141
0.4173304944931521
0.0
0.07491209997372149
0.444567444148269
0.21478688198704737
0.35736570985747385
0.046914224805715936
0.17620526561370087
0.1013609209799223
0.16320651387172544
0.3455341265804805
0.39150120043120706
0.48588130202452323
0.35232783907235427
0.12217637383693787
0.21435415921301892
0.3049685931547699
0.2014757396425728
0.07574661947216449
0.5584074134716417
0.29328829449150284
0.290290615435457
0.32774998052168924
0.11770935031685048
0.1883219320546024
0.11252810282184764
0.08136751055800764
0.25693650561630493
0.15300289326121402
0.3194733632686114
0.2341586758590344
0.3070360539373897
0.20925597213766464
0.13117339470234246
0.6091128990508207
0.5772578719229225
0.034715611276930666
0.07491209997372149
0.3952928918012085
0.5203269744616753
0.5525659355543168
0.14016605583144653
0.13886244510772267
0.35550995509746713
0.1976756270538873
0.39045688168232096
0.3500751502181733
0.12210410007172537
0.1903232239510061
0.07791227478994323
0.20135469399661832
0.24488631123980614
0.11127044199706453
0.026449378208209504
0.4321572758875471
0.34627493468782894
0.2873797447359173
0.46077563620968764
0.2936244820696624
0.4370336623423127
0.3632451159610684
0.476560033591694
0.4132458259994134
0.32684346206558645
0.16926926737501047
0.5106379097002659
0.060795301424339976
0.22721749464230792
0.043308906075818186
0.22797996092635672
0.2814563373438958
0.23148719880517743
0.4340334694037918
0.0
0.0
0.23981247076184994
0.04110565238179607
0.3234530584795124
0.4474775572298322
0.37918120678935496
0.16761302836971514
0.1141606797992612
0.5755957133337922
0.46415713959699717
0.2899008376517494
0.6172032583315292
0.4932560277154341
0.39898078822944194
0.31409887322124397
0.12171857416803837
0.1965464319969363
0.2637513209392715
0.275883267203565
0.039199134468176855
0.3903768001482399
0.20725411310437508
0.28989138577872237
0.17443889494136486
0.3895297530770248
0.06700799688497162
0.44932274640470526
0.44340866691660363
0.3887248702170415
0.0
0.0803647373979624
0.32621497328180243
0.21585869709507624
0.29986497783918054
0.0
0.3707428552350537
0.2578851054642272
0.1692164664883811
0.0
0.261253508342774
0.21328761210966074
0.0
0.19922111064634498
0.36286726405433994
0.046815990215187044
0.35672288964143817
0.2923547147148167
0.4434202738783456
0.12509613107894405
0.3357160906140891
0.035652897340163095
0.4183980313985607
0.1122741045398571
0.08445731232043348
0.38528171013904333
0.0
0.1785475163819401
0.2934556864412947
0.18167064381062525
0.15514914062723975
0.3272898373551327
0.26836642412653233
0.10015402297761335
0.28519421772606823
0.09508977841865077
0.16977028184285983
0.16387369877862457
0.2673274842416596
0.23399812440508697
0.27618813556162014
0.5359982274862255
0.0
0.3529042110175372
0.380039552907384
0.47132547498454075
0.2990555796858248
0.10806800789187639
0.1171389567158151
0.2728223860373032
0.22869239851660578
0.10882578318787277
0.08858768797393282
0.6485117678278903
0.5349605711333667
0.320653405519162
0.5891714996151686
0.2638196688886985
0.3693111862849083
0.1257783596455626
0.18408385534903443
0.3733909191275223
0.04439937014166628
0.20378376372748985
0.09418084116653594
0.06762516247746622
0.3367526154103131
0.28425584958418704
0.350374269709151
0.04731272408459085
0.13041036886189813
0.6531682648870034
0.1799778215821444
0.21982220355381443
0.3967788188695719
0.29123128149168287
0.19848982032092283
0.31218442877838776
0.1548431560475717
0.47971484010944826
0.44056535855364237
0.5271816686836908
0.12823471993227492
0.4121562440076147
0.13698471016874283
0.2759064052866186
0.30012025495785943
0.2699634142294812
0.05795991138419441
0.3920415515853073
0.4035264424427306
0.49872480534632774
0.28983791992177466
0.723807386422357
0.49844176786676936
0.19815644976995825
0.13424098432457668
0.31661628044944923
0.0
0.16826936659092778
0.6179940967444791
0.0
0.33090552494166997
0.1741053821582474
0.47937473976612127
0.24990004211393482
0.28109657206933475
0.0
0.48810090403445466
0.26920844525180876
0.44387652527249954
0.09452854772643275
0.12851437803441212
0.23011423647824997
0.4124852480128754
0.43890503756955546
0.34061322912615993
0.05548625405466745
0.0
0.3224504974548323
0.17799556621961068
0.15660339946491975
0.32952572368115407
0.15514778286030087
0.21398461113960565
0.206619118000981
0.20133286219746904
0.4090342091517173
0.2675580506770544
0.4113737814864274
0.29814937157597865
0.14590535422048825
0.48978966171707083
0.07935982166388356
0.39442435812648763
0.42459073372536266
0.28090131972351073
0.17723928414187598
0.24797611772215494
0.15877437130889635
0.24790107507327794
0.21222636835785774
0.39277874402809493
0.259268014984248
0.33387468287722044
0.3384291045523794
0.233279946539524
0.7094645373496644
0.5023795980762182
0.0860205269899162
0.40504895210860237
0.38495650789370395
0.44879351828660724
0.22868960931197743
0.2016268267644673
0.43964507516443646
0.2816575909117191
0.36678544053427586
0.20227665963202426
0.08036018809896846
0.0
0.12688732524459265
0.25097184411002393
0.15165981798909486
0.41947870329353826
0.17169260789485805
0.30123111184469203
0.3481184340266334
0.2590596356104012
0.22016321169104067
0.40885788375500637
0.10524376366936833
0.2982981577932153
0.3185860772653845
0.25165652029746505
0.1917342230604998
0.0
0.19969821997665116
0.0
0.0
0.2953281650799602
0.18038951645367055
0.0
0.30356197888917014
0.6076914895525483
0.21049242348180422
0.4631816243533259
0.4943901936657186
0.1514683526138527
0.44821456184681596
0.3688559471909883
0.10891396446400634
0.25685818090629525
0.35172204024036735
0.5201576422824425
0.32758928605480353
0.17806157957589952
0.14827514578563825
0.335141778528353
0.6685390126387153
0.2762035057830513
0.16959645480276211
0.09343142305456498
0.2894775653258947
0.4668316721442381
0.2444146104442672
0.4924494319997191
0.48903232797043295
0.28270205800957815
0.5615186423147595
0.40183503424959327
0.288125255896184
0.5704111849883552
0.28040529890366733
0.3102233203031174
0.0800299731181004
0.46255775720947445
0.1509512770746835
0.37098249680170675
0.5141462318979657
0.29632871819737194
0.09634011231776171
0.38387507006719523
0.4557606922812257
0.17763531958232037
0.2640681333451695
0.02597163980302759
0.3888241735489825
0.07941118028977798
0.0
0.16348932521529191
0.39066579656086287
0.36593096540709075
0.18467738208637074
0.0983363981955384
0.3038721633868715
0.19897395031653445
0.17167728552211334
0.13297996908518883
0.5235465408138833
0.47969267047914077
0.22063313709272783
0.2565787652394746
0.18997261718430053
0.3341375892305643
0.42193718544205583
0.19516278092490344
0.3013368595400834
0.12650235010561484
0.3318804420199317
0.45141173222747477
0.0
0.39090684352485455
0.5896937890203175
0.4487549729145785
0.3875795976730369
0.14079252610738016
0.1739060439481011
0.18638473104682182
0.13995084924722312
0.3644916149744131
0.2635017700241447
0.0
0.0
0.0683221389475668
0.22051163437566224
0.1528234794412439
0.1662196636863927
0.24874024995873903
0.11125625933530249
0.4508008392722041
0.5042203574131785
0.3220427292752113
0.2959168711072449
0.043308906075818186
0.27835301625232384
0.522965137902879
0.04439937014166628
0.08296243089493548
0.4019958866314407
0.24485583882852524
0.29173475077275424
0.40563810140910783
0.4905324918042475
0.21538297910509652
0.1100257390352594
0.14976674705154275
0.2663104384065349
0.5031372691715355
0.08953522440193834
0.20260251604312468
0.031810393459303865
0.0
0.19687921585267357
0.23562316475957137
0.1715582919365388
0.2389837782436462
0.2660997193593939
0.3308080730936122
0.38177453570297454
0.3957399421100654
0.43268653158271875
0.3072781015024052
0.23310656912970415
0.0
0.5932444590526134
0.0
0.19078560227872063
1.0
0.3034987413948248
0.19026155391027091
0.15092869590185554
0.6016933666899464
0.5872353207284833
0.44699955756196813
0.24150939262664042
0.15987346204699565
0.5777661992515398
0.5949206447699149
0.22949825336207755
0.3514316898638367
0.2764048967507791
0.4994011326679522
0.19452482380964203
0.1417574698575604
0.39229566596691434
0.2996505778742575
0.7061338159273187
0.17107224359837836
0.4001052130598068
0.3671458213972812
0.0613809664041213
0.400848766391186
0.23572544808447246
0.0
0.3484255626237629
0.16702572086847955
0.08612362177099862
0.3736012427796993
0.3142699991195592
0.0
0.4013917925808737
0.5602138215242041
0.5869792223617415
0.12870538224591982
0.43518629401180103
0.48364501283660777
0.47373098941133224
0.3341354102426755
0.2071990865246035
0.2539202875224651
0.4373853963225815
0.19234034181542284
0.490798097794062
0.2339698579109082
0.2987592855881616
0.26301576656639586
0.17251730195584425
0.297589837198422
0.5035352038487292
0.333649251203396
0.30593748954138006
0.2074246205881649
0.5275548302924725
0.3930352043547788
0.37583278517146557
0.3461202262390314
0.1224335909122313
0.14611640502220896
0.38809219408105017
0.3613593593510534
0.4554201835716361
0.35440794592269254
0.19110440142359042
0.0
0.1959308965101566
0.4286657597932726
0.29974206507517936
0.14117805456334914
0.6531459919403938
0.2608423763803143
0.507635273957294
0.29608737928828033
0.4582820588450989
0.3772230581902463
0.7401582765660683
0.3186398663257068
0.29944308852990825
0.25068142279947186
0.3491006971269693
0.4182414262213914
0.6066408314043643
0.4875231473302919
0.12851208622424007
0.2691921956201437
0.40134398780032776
0.13101193248310983
0.3428901191734443
0.1900047533023738
0.26537125828653996
0.0770275637389184
0.4515758162092303
0.22611635836229735
0.44399205936266706
0.1625738148812296
0.43715181547610715
0.06266738496667115
0.3199726223674352
0.02683443631380204
0.19189642119361625
0.33970557212248137
0.17167864641248848
0.38691019495164736
0.19545274828224776
0.4325154828534595
0.10750906381165441
0.5627124062608048
0.2756022635175156
0.5114308479245552
0.13062377834038794
0.6484605587288953
0.2743339177298708
0.6014598841300738
0.03480436408146923
0.14476149287251047
0.19678301709759105
0.1359062942731249
0.11588653895531091
0.4728642038382672
0.42250179514513186
0.25778110945700033
0.3277193338016964
0.2135474692030292
0.0
0.16808090822430222
0.26856561685244623
0.20528598786716648
0.21596285732586246
0.29477477636540994
0.46889981313211054
0.07336392325013509
0.0626534098895337
0.390018372180851
0.0
0.06892278912726496
0.16227987113470882
0.22709079007252406
0.14279514580399644
0.3981571559706455
0.4698950353740515
0.09740637828541708
0.14502247637702567
0.2786597850682771
0.6619568154126679
0.5174721893037703
0.4631768276542783
0.3353105940064417
0.29379086683544764
0.2934556864412947
0.2793574110342451
0.2619520327522106
0.35075705409117097
0.5852223047136378
0.26087522114086864
0.36390392452964604
0.42350865952490885
0.12468135266469847
0.285498282727506
0.22234783025261645
0.27176406475040965
0.23683479532906931
0.3156412392782151
0.25555362640852014
0.48702010250660904
0.3294341039675936
0.3375726023819378
0.47382546293101724
0.22917268684030712
0.11614020099310161
0.30777170060223974
0.10422642661453055
0.32654291556542614
0.6583462440247816
0.24287791235237557
0.0933005661648154
0.39272197477754084
0.0
0.4375479034010706
0.20538844984395718
0.1709075318963847
0.4176026072242992
0.0
0.17825680905739136
0.6283868607683022
0.46523697475768416
0.2820354395388247
0.2970899775349115
0.4475538295263709
0.0
0.0
0.14710131611741836
0.10093945220972249
0.0
0.2570316999397709
0.15471379886769002
0.5262560981401283
0.03435853117027285
0.2720416422014428
0.28709629438555123
0.3165367280764354
0.18102026613766004
0.4846589158364807
0.27369438519799333
0.07711608037849225
0.0
0.036304655903298476
0.07728716879375898
0.0
0.0569065578905831
0.0
0.15744006546651929
0.0
0.14439611117985315
0.7743456948672496
0.19481851182531423
0.0
0.5805259550524957
0.12799167768826772
0.2854293733461651
0.30802045709895576
0.13568544822490577
0.4497894924885322
0.5828876602238775
0.11168861768189636
0.42266688587665735
0.1777118966287043
0.40772608988633446
0.17947710414944112
0.4056243301462567
0.1933333111898096
0.3795028209824622
0.29400948834242896
0.2892613466611224
0.4737744217730632
0.4996945142822587
0.4771730832608859
0.16805782821850196
0.42314310732599275
0.278392920951492
0.06362078691860773
0.4344596859754311
0.09786114143848984
0.2345313789803709
0.48165902082727763
0.6541541607590601
0.531979963120252
0.0
0.11340704637716556
0.36277900635854393
0.19502832014164453
0.14222046574005434
0.6463499913139189
0.6978392379210044
0.1232752799641839
0.26514197215187435
0.44645628858296055
0.42766595622335923
0.30465369691490246
0.18146710097278287
0.0
0.4457851624354182
0.5291021432302468
0.14415622122337263
0.33564813267622373
0.3972855781082358
0.07600051508639483
0.7047293090800502
0.19958544347868867
0.6218195988625244
0.34802279125691166
0.3933433053704838
0.4052495843932324
0.47051566790471266
0.165621945897722
0.5569403493342743
0.4952259462310949
0.24521512316829483
0.0
0.2368243089876104
0.0
0.456594026877861
0.4351147016620311
0.4075199122047573
0.34542726838189347
0.5196576985489407
0.3875795342654799
0.49213094510760785
0.12123378349262631
0.28777691015815915
0.5702417059076272
0.16310623959327833
0.36342201388351325
0.15915734706822943
0.20542719498297038
0.355548388152386
0.028086270364197745
0.45307725889299394
0.10793486953442542
0.3339269796215792
0.47104548063282237
0.4053633571534651
0.38464642792838316
0.1934285418717372
0.3644188363490764
0.3599722393045022
0.3254823809065875
0.13521667676741192
0.1732324873344425
0.04397026907666861
0.0
0.49583673525877586
0.5225042439139465
0.4160263307963795
0.4407713017634597
0.274296904727807
0.15052262293613033
0.3610145616268785
0.5331745503490021
0.2905822646959572
0.2785054112408223
0.5212173185865094
0.37430699355629543
0.3632647576222616
0.030673695533955193
0.10218331438963532
0.5558554119792083
0.039252545349484615
0.1977677846242244
0.0
0.37362867426738366
0.2749492762312328
0.16517362091312437
0.3459534570396102
0.38693173371799855
0.0
0.4551570798732489
0.30678430027667375
0.42399854695668276
0.3704309872179456
0.2990244991073963
0.19295843440137017
0.2916930167744283
0.32541169208867066
0.23765331320557356
0.5344747382561844
0.15722076775876784
0.3998636429817743
0.05795991138419441
0.43499178507570113
0.21550902881150233
0.0697509652371095
0.3141763242266023
0.3609103655792301
0.10778915486707714
0.09435909195686994
0.3123794401559521
0.11648630326193583
0.12882965271698638
0.39560202791912025
0.0
0.35943427153652113
0.08097835889064542
0.04257155751682832
0.6189826953215185
0.4687641688253818
0.08436357232797329
0.22069374147516724
0.24322748796988045
0.25585541771342263
0.1323245269503623
0.23230604207954392
0.5071315938009214
0.643364657214949
0.05632301874902508
0.09616649891452925
0.3938375083922323
0.26149280488233567
0.06433452232882866
0.13857282737355667
0.19978443367030038
0.41947870329353826
0.33729643615083876
0.14126697861817783
0.4220138430687588
0.0
0.21624063114345327
0.24897211882104878
0.31988343768937094
0.0
0.0
0.3391658412581748
0.25927089657747876
0.46803485761023156
0.22805830664770316
0.34462711242450905
0.5797466047751034
0.3801902155010652
0.13471015346181023
0.23509311094031912
0.3385240260349691
0.2172279319378164
0.1335146103906176
0.23796136217298103
0.6482150293555463
0.23007768669198297
0.028086270364197745
0.3348423009321375
0.33364216904570776
0.2804576224015498
0.23801442945137674
0.4520944220623071
0.5263333118080754
0.08514311503365664
0.13597778336181843
0.33767736741631676
0.05263991556578391
0.23896235787903372
0.2806460629942618
0.26330157340143323
0.33972130695191394
0.2086353645100776
0.44973992536212476
0.20726054578711203
0.590619667158513
0.35539256228001914
0.25516534823515846
0.2775377121005467
0.0
0.3843802353665533
0.3093444419492286
0.2287816626150817
0.6675899245186795
0.6002725268191977
0.67121139860743
0.2678087552061593
0.36540408183826534
0.0
0.1834098048457149
0.2102069200880625
0.46805177055194513
0.3158233798043974
0.43736533882212947
0.4765183882953589
0.15770613900287
0.45160466071943384
0.3959252148906666
0.3647630570951406
0.4375883181933371
0.22938846414311276
0.40602893189005107
0.39349873909032024
0.3338909974080357
0.47454451667896014
0.15049953615584238
0.4420611973686536
0.35309670450476066
0.3341516311044656
0.23149492777004618
0.14569875635399984
0.21437825815681197
0.35949484100568846
0.27276621921942457
0.1382009167750756
0.22890815396759295
0.24417955885155104
0.0
0.23829099071026544
0.359771231525943
0.22548599488633006
0.397390680524553
0.598658816537633
0.4133045412801655
0.10096983694797511
0.20066375227199776
0.3125334656814199
0.3009593445469898
0.3556609487863608
0.22438341204810774
0.05772995757298099
0.3033160371049227
0.3451783296766208
0.40071528246194466
0.4333949558482736
0.4499823689395282
0.3740613715923165
0.5440964825168773
0.562751918259551
0.0
0.3703943759546669
0.39626505698757963
0.17869757595720195
0.3313959737579011
0.0
0.3699693528987632
0.1596162085531912
