0.4402045797567057
0.9520727789303961
0.0
0.28097268135749054
0.4115326035013713
0.0
0.7381919262179314
1.0
0.46590158969113094
0.17630010726662426
1.0
1.0
0.19041370563445098
0.6659485582630409
0.22197305717481425
0.670234892396021
0.3175174112170294
0.06625422567104446
0.0
0.0
0.5
0.4161811497161106
0.3459633003501339
1.0
1.0
0.39915759180877014
0.0
0.20308513545000748
0.22793826083765306
0.9216017310636463
0.0
1.0
1.0
0.18647131768960393
0.3333333432674408
0.5437713003958233
0.8553475053926018
0.5745902947564103
0.0
0.31914715588518905
0.40285675264449383
1.0
0.3804762932321233
0.0
0.8572048541960036
0.24978525968591175
1.0
0.5363781840187862
0.23454186889899056
0.19784527806218355
1.0
1.0
0.4756029031814373
0.14747156929575275
0.9337457743289556
0.02729024070467082
0.745301623797022
0.5
1.0
0.0
0.3010300099849701
0.0
1.0
0.7819835821424668
0.7799082368088404
0.24066730417604007
0.0
0.17723928414187598
1.0
0.6745711392993237
0.31266223259946235
0.15850703828379173
1.0
0.6309297680854797
0.1678866541909788
1.0
0.2809436295684523
0.0
0.0
0.10466386443416495
0.1951900222593106
1.0
0.39909094553020547
1.0
0.2554496768901015
0.5435364105021352
0.28952298574502094
0.3412389980458627
0.06794339945805446
0.6968404671088101
0.1312050740316724
0.6777277500465625
0.20323893583978728
0.07839826893635371
0.42285066719499204
0.30523487822481626
0.0
0.06297179957150242
0.0
0.13869012504799366
0.0
0.4103915652192687
0.5861163791875004
0.24376645121880508
0.0
1.0
0.2850803133239554
0.31546488404273987
0.14126697861817783
0.0
1.0
0.19125037183198426
0.42555127004743953
0.5967047988144436
0.15457433758751796
0.3983851879238074
0.2826772066155712
0.18457570391786032
0.1834785590142348
0.29345646204451875
0.5056427649175202
0.5199968017118057
0.0
0.23944086234927714
1.0
0.0
0.5937751399825275
0.0
0.05451699422649691
0.6305676683676333
0.22798463537679123
0.0
1.0
0.2663052552275333
0.597935984627889
0.6816604507428362
0.11751610869937361
0.0
1.0
0.15457433758751796
0.0
0.5618719572680207
0.5522654699891388
1.0
0.4047678804518251
1.0
1.0
1.0
1.0
0.4985723572200618
0.6378891809538789
1.0
0.21428313792294182
0.7471589726004237
0.6066782605102738
0.5143371781444996
0.0
0.21312055832299143
0.11883989978673495
0.3562071919441223
0.36362370906255886
0.718362795223859
0.9216017310636463
0.5477405057457515
0.0
0.517363362959369
0.39099895325502054
0.4108111695672015
0.3800011288461818
0.4565422891115654
0.21408371716125948
0.2013489779555561
0.7093753627057885
0.541533924338058
0.32385312726703197
1.0
0.08747171266628827
0.3562071919441223
0.0
0.643121137034744
0.20726742888706626
0.3241295987568393
1.0
0.0
0.1595890787150049
0.32050711956603695
0.05785692282568651
0.39732200456978667
0.9363792130813923
0.3481379047518886
0.22732749813557684
0.7016733543795659
0.3562071919441223
0.39356082131070064
0.530244206292081
0.5957616318957227
0.6086182388156416
0.5968763079204215
0.41253177818418485
0.3888790169248294
1.0
0.21801641785753326
0.30078517497020635
0.43194540241316615
0.6067216001306077
0.11254170737361867
0.22395923048068422
0.6934264063455403
1.0
0.23473163442092296
0.6652345650113509
0.15850703828379173
0.0
0.0
1.0
0.6969383507321151
0.4385853397953824
0.656411200256113
0.08688267308708604
0.0
0.43067657947540283
0.0
0.49731434256502843
0.34654809693161437
0.1558577560602243
0.4413074174870455
1.0
0.4753397720534503
0.5494344208420556
0.4822987255187547
0.2181951245061257
0.40030566740800355
0.21416814256607758
0.810276711973235
1.0
0.17117618414854863
0.0
0.34233693760003703
0.3631143796219004
0.559079673550278
0.4615686875516766
0.5590085219120171
0.23270591576614502
1.0
1.0
1.0
1.0
0.5
0.3899868904040824
1.0
0.510716400485371
1.0
0.0
0.5
0.0794570779878758
0.4624387131079366
0.5734941022113015
0.0
0.6036081295422161
0.4349920157063378
0.5810820335012817
0.43510989081446844
0.0
0.19129603184330118
0.31914715588518905
0.7059053971146075
0.12987501258965217
0.2263038918426263
0.2777045040798672
1.0
0.21366299341348374
0.6753772824308003
0.0
0.8165901951542851
0.48263663704063103
0.2074696017191975
0.21840743783974695
0.7136540111377959
0.5421742726444448
1.0
1.0
0.5528996484714394
0.9148568849663433
0.205627177429008
0.8448777429140135
0.31546488404273987
0.9266360767498649
0.5559026766674611
0.3834020540037346
0.0
0.5621931441386695
0.7799082368088404
1.0
0.4383348910067929
0.6242369803610829
0.10122861167534243
0.30676069432807707
1.0
0.5872190403501577
0.7467045939743293
0.0
0.3562071919441223
0.3501483130476462
0.1608250778940488
0.27108847500850325
0.41367769766715945
1.0
0.31877045961460043
0.16958010093853398
0.9337457743289556
1.0
0.13354476756345413
0.3562071919441223
0.40214318979812536
0.5049197829580984
0.21883499331923484
0.5147708945741957
0.47366959065813863
0.22476126395483617
0.5861163791875004
0.3333333432674408
0.9266360767498649
0.4407425402819402
0.0
1.0
0.42275517486074615
0.0
1.0
0.8006937648564865
1.0
0.0
0.0
0.5997497029785221
0.24630239095333292
0.7827392859559237
0.35895420829888225
