0.5196128710397091
0.9297916147949259
0.0
0.28097268135749054
0.4115326035013713
0.0
0.7381919262179314
1.0
0.5047303574451095
0.17630010726662426
1.0
1.0
0.18243837978626926
0.6659485582630409
0.24542700945275486
0.6206410507137113
0.3989889480317852
0.06625422567104446
0.0
0.0
0.5
0.4161811497161106
0.40837145281101056
1.0
1.0
0.3750325834404912
0.0
0.21313937639563232
0.22793826083765306
0.9216017310636463
0.0
1.0
1.0
0.22010878852011037
0.3333333432674408
0.5437713003958233
0.8553475053926018
0.656611628461361
0.0
0.31914715588518905
0.4372594080982612
1.0
0.4290044124093213
0.0
0.8572048541960036
0.30359562975721427
1.0
0.5363781840187862
0.2459352787609197
0.19635257616346086
1.0
1.0
0.4776219916589708
0.13893675737116795
0.9337457743289556
0.04048704324376486
0.745301623797022
0.5
1.0
0.0
0.3010300099849701
0.0
1.0
0.7819835821424668
0.7799082368088404
0.24066730417604007
0.0
0.17723928414187598
1.0
0.6745711392993237
0.28144368845844575
0.15850703828379173
1.0
0.6309297680854797
0.16351535906517375
1.0
0.24711688188563552
0.0
0.0
0.1272304602888043
0.1951900222593106
1.0
0.39909094553020547
1.0
0.2602707528723719
0.6871061354582388
0.28952298574502094
0.3461441537410977
0.06794339945805446
0.6968404671088101
0.1312050740316724
0.6777277500465625
0.20323893583978728
0.07839826893635371
0.42285066719499204
0.30523487822481626
0.0
0.0894874469625151
0.0
0.19687407608286536
0.0
0.4103915652192687
0.5861163791875004
0.28773936348179263
0.0
1.0
0.32821931938498355
0.31546488404273987
0.14126697861817783
0.0
1.0
0.15979138807603727
0.42555127004743953
0.605057151837216
0.15457433758751796
0.3803233882692795
0.37608571511174577
0.18457570391786032
0.1898214236638622
0.32268183593536703
0.5056427649175202
0.5199968017118057
0.0
0.23944086234927714
1.0
0.0
0.5937751399825275
0.0
0.07465450619233863
0.6117790302356312
0.26949556910204375
0.0
1.0
0.2663052552275333
0.7057973677651632
0.6816604507428362
0.11751610869937361
0.0
1.0
0.15457433758751796
0.0
0.5618719572680207
0.5522654699891388
1.0
0.3931784838081833
1.0
1.0
1.0
1.0
0.4985723572200618
0.6378891809538789
1.0
0.2826962113053589
0.7471589726004237
0.566402881267038
0.5143371781444996
0.0
0.2545532153535997
0.16168493005872692
0.3562071919441223
0.36362370906255886
0.718362795223859
0.9216017310636463
0.5276890145094747
0.0
0.517363362959369
0.37133630713974974
0.394517377545168
0.4088655682925539
0.4867534679550945
0.21408371716125948
0.18262718989476442
0.7093753627057885
0.6392209670926589
0.29151720020370847
1.0
0.08747171266628827
0.3562071919441223
0.0
0.643121137034744
0.27346738999759845
0.3241295987568393
1.0
0.0
0.1595890787150049
0.32141668599393003
0.0822188399888287
0.39732200456978667
0.9363792130813923
0.42319998506670936
0.2495297288201819
0.706164658370225
0.3562071919441223
0.39356082131070064
0.530244206292081
0.5957616318957227
0.6086182388156416
0.6426342901425262
0.41253177818418485
0.5033380328360714
1.0
0.21801641785753326
0.30078517497020635
0.5218856348944786
0.6067216001306077
0.13568544822490577
0.2691718745647467
0.6934264063455403
1.0
0.27621635553814006
0.7154517168386403
0.15850703828379173
0.0
0.0
1.0
0.6969383507321151
0.5004477113559722
0.642291136344684
0.11990623538092497
0.0
0.43067657947540283
0.0
0.5327219784065766
0.3711863455133169
0.157676012058831
0.4413074174870455
1.0
0.6008960347357694
0.5494344208420556
0.4822987255187547
0.2181951245061257
0.40030566740800355
0.2707385226334688
0.8010518109191483
1.0
0.18536670332082475
0.0
0.4384556279304498
0.4790909126387812
0.559079673550278
0.4615686875516766
0.5590085219120171
0.23270591576614502
1.0
1.0
1.0
1.0
0.5
0.4095427309171164
1.0
0.510716400485371
1.0
0.0
0.5
0.0794570779878758
0.4621748981714407
0.5734941022113015
0.0
0.6036081295422161
0.4349920157063378
0.5810820335012817
0.43510989081446844
0.0
0.20286790226894474
0.31914715588518905
0.7059053971146075
0.12987501258965217
0.21531967705186744
0.2777045040798672
1.0
0.2333182946493738
0.7450639999023283
0.0
0.8165901951542851
0.48263663704063103
0.17714753021977384
0.21840743783974695
0.7136540111377959
0.5036967776024344
1.0
1.0
0.5757304334995632
0.9148568849663433
0.2348538173835961
0.7840647927383955
0.31546488404273987
0.9266360767498649
0.5559026766674611
0.4303415881330914
0.0
0.5621931441386695
0.7799082368088404
1.0
0.4383348910067929
0.7140747875545603
0.10122861167534243
0.37199098785880347
1.0
0.6319778603502769
0.7467045939743293
0.0
0.3562071919441223
0.3501483130476462
0.1714285423804834
0.27108847500850325
0.4531619155371837
1.0
0.31877045961460043
0.16958010093853398
0.9337457743289556
1.0
0.1761809174337341
0.3562071919441223
0.46411569840339106
0.5049197829580984
0.25831053194723386
0.5672771854515064
0.47366959065813863
0.22476126395483617
0.5861163791875004
0.3333333432674408
0.9266360767498649
0.4629178751940184
0.0
1.0
0.5624090052341937
0.0
1.0
0.8006937648564865
1.0
0.0
0.0
0.6866721166846644
0.24630239095333292
0.7827392859559237
0.35895420829888225
