0.4889696225562673
0.9297916147949259
0.0
0.16812754226873525
0.21398626751412297
0.0
0.8304198990614661
1.0
0.5508310945315069
0.16958010093853398
1.0
1.0
0.0
0.4852285575156707
0.16958010093853398
0.47703822813501523
0.40777830872726784
0.0
0.0
0.0
0.5
0.4161811497161106
0.33368190749879323
1.0
1.0
0.3600546231527257
0.0
0.0
0.1312050740316724
1.0
0.0
1.0
1.0
0.22460731326140307
0.0
0.5437713003958233
1.0
0.600125040679416
0.0
0.31914715588518905
0.5147714424843294
1.0
0.3643788549992262
0.0
1.0
0.17259567077289767
1.0
0.39732200456978667
0.0656025370158362
0.16957810734949733
1.0
1.0
0.568346477953808
0.1563235790175495
1.0
0.0
0.8304198990614661
0.5
1.0
0.0
0.0
0.0
1.0
1.0
0.660839798122932
0.0
0.0
0.0
1.0
0.8304198990614661
0.19687407608286536
0.1312050740316724
1.0
0.6309297680854797
0.0
1.0
0.24711688188563552
0.0
0.0
0.0
0.1951900222593106
1.0
0.27727342967027513
1.0
0.2781387702418125
0.6438542788511018
0.33916020187706797
0.22460731326140307
0.0
0.8687949259683276
0.1312050740316724
0.6164336315473431
0.0
0.0
0.3156484565771367
0.47036527590874033
0.0
0.0656025370158362
0.0
0.19687407608286536
0.0
0.33916020187706797
0.6843515434228633
0.0
0.0
1.0
0.27657323469559547
0.0
0.0
0.0
1.0
0.0
0.1951900222593106
0.384736821505966
0.1312050740316724
0.34686446837144336
0.3275546207918305
0.0
0.1563235790175495
0.21599512450093938
0.34519134154579534
0.6992148250297936
0.0
0.1460683556386027
1.0
0.0
0.2960819157603371
0.0
0.08478905367474866
0.6399453768472743
0.07020838520507416
0.0
1.0
0.27727342967027513
0.586945259711378
0.6164336315473431
0.0
0.0
1.0
0.1312050740316724
0.0
0.47036527590874033
0.6399453768472743
1.0
0.32586944551966224
1.0
1.0
1.0
1.0
0.5531464693911909
0.660839798122932
1.0
0.37147240187094266
0.8304198990614661
0.6148796137623733
0.5143371781444996
0.0
0.18148604598834192
0.09074302299417096
0.0
0.34519134154579534
1.0
1.0
0.517961867330736
0.0
0.6992148250297936
0.35123898936769543
0.33916020187706797
0.4566005462719583
0.3623379464499749
0.0
0.0
0.786013732485877
0.4934732955748305
0.3491966515761546
1.0
0.0
0.0
0.0
0.786013732485877
0.15969697087959372
0.16958010093853398
1.0
0.0
0.21398626751412297
0.2070502313925009
0.0
0.39732200456978667
1.0
0.33368190749879323
0.10699313375706149
0.6356211450007738
0.0
0.38356636845265696
0.4912596971843981
0.6992148250297936
0.7227265703297249
0.5538466643658706
0.5531464693911909
0.31997268842363713
1.0
0.0
0.30078517497020635
0.4777969167122055
0.5147714424843294
0.10699313375706149
0.2532633522125847
0.6934264063455403
1.0
0.19178318422632848
0.6849208968664887
0.1312050740316724
0.0
0.0
1.0
0.8539316443613972
0.3314377958738893
0.7072362932283903
0.0
0.0
0.43067657947540283
0.0
0.5110303774437327
0.3600546231527257
0.14041677041014833
0.2640681333451695
1.0
0.5346694052538249
0.5147714424843294
0.24630239095333292
0.1312050740316724
0.5147714424843294
0.21836974719455368
0.5316519611563479
1.0
0.0656025370158362
0.0
0.4384556279304498
0.4790909126387812
0.5296347240912597
0.27727342967027513
0.44149241321264354
0.21398626751412297
1.0
1.0
1.0
1.0
0.5
0.31123238560803523
1.0
0.5531464693911909
1.0
0.0
0.5
0.0
0.20423925185097375
0.6164336315473431
0.0
0.4912596971843981
0.5296347240912597
0.6843515434228633
0.47036527590874033
0.0
0.1460683556386027
0.31914715588518905
0.8539316443613972
0.0
0.1312050740316724
0.0
1.0
0.0656025370158362
0.6487610106323046
0.0
0.8304198990614661
0.30078517497020635
0.0
0.0
0.660839798122932
0.6399453768472743
1.0
1.0
0.660839798122932
0.8687949259683276
0.10655219004768995
0.8390496585786067
0.0
1.0
0.3156484565771367
0.33916020187706797
0.0
0.5531464693911909
0.660839798122932
1.0
0.1312050740316724
0.45694240309376233
0.1460683556386027
0.30821681577367155
1.0
0.6813359735884996
0.7227265703297249
0.0
0.0
0.20210735516747766
0.0
0.3156484565771367
0.3812509935929729
1.0
0.33916020187706797
0.16958010093853398
1.0
1.0
0.1745983257880773
0.0
0.48824412735003436
0.20210735516747766
0.28642306418232966
0.5965459231192326
0.5147714424843294
0.1312050740316724
0.6843515434228633
0.0
1.0
0.5087403028156019
0.0
1.0
0.4269658221806986
0.0
1.0
1.0
1.0
0.0
0.0
0.7426142787578354
0.24630239095333292
0.786013732485877
0.5531464693911909
