0.39015712195925273
0.9520727789303961
0.0
0.16812754226873525
0.21398626751412297
0.0
0.8304198990614661
0.0
0.5289635821928947
0.16958010093853398
0.0
1.0
0.0
0.4852285575156707
0.16958010093853398
0.5151571349255532
0.3155872304954027
0.0
0.0
0.0
0.5
0.4161811497161106
0.26625043085293415
0.0
0.0
0.3600546231527257
0.0
0.0
0.1312050740316724
1.0
0.0
0.0
0.0
0.1792179695232196
0.0
0.5437713003958233
1.0
0.5118710811357255
0.0
0.31914715588518905
0.5147714424843294
0.0
0.3142479925041918
0.0
1.0
0.11506378051526511
0.0
0.39732200456978667
0.04373502467722413
0.17919176598805742
1.0
0.0
0.53906810099249
0.1600696563825324
1.0
0.0
0.8304198990614661
0.5
0.0
0.0
0.0
0.0
0.0
1.0
0.660839798122932
0.0
0.0
0.0
0.0
0.8304198990614661
0.20803518757199052
0.1312050740316724
1.0
0.6309297680854797
0.0
0.0
0.2809436295684523
0.0
0.0
0.0
0.1951900222593106
0.0
0.27727342967027513
0.0
0.26738698718665715
0.4747677692819337
0.33916020187706797
0.1792179695232196
0.0
0.8687949259683276
0.1312050740316724
0.6164336315473431
0.0
0.0
0.3156484565771367
0.47036527590874033
0.0
0.04373502467722413
0.0
0.13869012504799366
0.0
0.33916020187706797
0.6843515434228633
0.0
0.0
0.0
0.24090885677657498
0.0
0.0
0.0
1.0
0.0
0.1951900222593106
0.38529251489113475
0.1312050740316724
0.33185624782082734
0.24153349871157878
0.0
0.1600696563825324
0.18773177434451704
0.34519134154579534
0.6992148250297936
0.0
0.1460683556386027
0.0
0.0
0.2960819157603371
0.0
0.0597305886626858
0.6399453768472743
0.04792722106960394
0.0
1.0
0.27727342967027513
0.46833353793929294
0.6164336315473431
0.0
0.0
0.0
0.1312050740316724
0.0
0.47036527590874033
0.6399453768472743
0.0
0.309639424992306
0.0
1.0
0.0
0.0
0.5531464693911909
0.660839798122932
0.0
0.2616878508965027
0.8304198990614661
0.6497381388568784
0.5143371781444996
0.0
0.12389007127460513
0.06194503563730257
0.0
0.34519134154579534
1.0
1.0
0.5035741035762579
0.0
0.6992148250297936
0.3813010766095784
0.33916020187706797
0.4322558203321912
0.28911556841607333
0.0
0.0
0.786013732485877
0.3937506787409237
0.3689931775455271
0.0
0.0
0.0
0.0
0.786013732485877
0.12103812654063348
0.16958010093853398
0.0
0.0
0.21398626751412297
0.16520887730975475
0.0
0.39732200456978667
1.0
0.26625043085293415
0.07132875583804099
0.5854902825057394
0.0
0.38356636845265696
0.4912596971843981
0.6992148250297936
0.7227265703297249
0.51818228644685
0.5531464693911909
0.2133151256157581
0.0
0.0
0.30078517497020635
0.3750579781209817
0.5147714424843294
0.07132875583804099
0.2020831070863588
0.6934264063455403
0.0
0.12785545615088564
0.6246863698993734
0.1312050740316724
0.0
0.0
0.0
0.8539316443613972
0.24439688943832827
0.6622391926780898
0.0
0.0
0.43067657947540283
0.0
0.40775977095438853
0.3600546231527257
0.1437816632088118
0.2640681333451695
0.0
0.3942566030447408
0.5147714424843294
0.24630239095333292
0.1312050740316724
0.5147714424843294
0.16102233247438585
0.5562983885968157
0.0
0.04373502467722413
0.0
0.34233693760003703
0.3631143796219004
0.5296347240912597
0.27727342967027513
0.44149241321264354
0.21398626751412297
0.0
0.0
0.0
0.0
0.5
0.25122328174924763
0.0
0.5531464693911909
0.0
0.0
0.5
0.0
0.17989452591120664
0.6164336315473431
0.0
0.4912596971843981
0.5296347240912597
0.6843515434228633
0.47036527590874033
0.0
0.1460683556386027
0.31914715588518905
0.8539316443613972
0.0
0.1312050740316724
0.0
0.0
0.04373502467722413
0.5176573698472422
0.0
0.8304198990614661
0.30078517497020635
0.0
0.0
0.660839798122932
0.6399453768472743
0.0
0.0
0.660839798122932
0.8687949259683276
0.07327654428405284
0.886616748012802
0.0
1.0
0.3156484565771367
0.33916020187706797
0.0
0.5531464693911909
0.660839798122932
0.0
0.1312050740316724
0.31192826191889184
0.1460683556386027
0.2620045774952923
0.0
0.623804083330867
0.7227265703297249
0.0
0.0
0.20210735516747766
0.0
0.3156484565771367
0.3593834812543608
0.0
0.33916020187706797
0.16958010093853398
1.0
0.0
0.12299772584850902
0.0
0.4307122370924018
0.20210735516747766
0.2285418014311689
0.5107506827051778
0.5147714424843294
0.1312050740316724
0.6843515434228633
0.0
1.0
0.5087403028156019
0.0
0.0
0.2846438814537991
0.0
0.0
1.0
0.0
0.0
0.0
0.6568190383437804
0.24630239095333292
0.786013732485877
0.5531464693911909
